1675934336718705378,83.36151,60.157726,43.915943
1675934336918892305,87.00731,49.951096,46.48169
1675934337118736940,88.44968,41.547234,45.078476
1675934337318232826,88.64677,34.947617,43.13672
1675934337518135326,88.668106,29.33517,40.600155
1675934337718225586,88.589516,24.829933,37.94997
1675934337918383138,88.26109,20.838547,35.456013
1675934338119486055,87.83116,17.081364,33.1461
1675934338319155482,87.1635,7.529051,29.555738
1675934338518239857,85.5289,0.2108984,24.979269
1675934338718152096,83.63633,-5.4317245,21.191042
1675934338918997825,82.49552,-10.024307,18.193504
1675934339120465794,82.61978,-13.522954,16.499273
1675934339323780794,83.08523,-16.482323,15.867306
1675934339523957304,83.974365,-18.633148,15.751416
1675934339719252252,86.69868,-18.99391,16.934225
1675934339918063814,90.2457,-18.460524,18.912212
1675934340118994283,92.77042,-18.322994,21.33483
1675934340318830220,93.196495,-18.429823,24.616974
1675934340519085116,93.84883,-17.776709,28.925934
1675934340862419751,96.04713,-15.262938,32.615543
1675934341063434178,98.16834,-13.154959,34.156837
1675934341262177616,98.944,-11.522155,33.321095
1675934341462336574,93.38274,-10.082117,30.485899
1675934341662324647,87.05485,-9.758835,29.185226
1675934341862446782,82.881645,-9.444522,29.053503
1675934342062352095,83.57911,-8.505969,29.999475
1675934342262701366,83.43036,-8.624283,26.172773
1675934342463783136,77.086655,-11.184109,24.818665
1675934342663061522,71.02172,-13.388897,28.031836
1675934342862275376,66.74256,-15.789299,33.87782
1675934343062054646,67.45056,-19.025967,41.447933
1675934343275719438,69.96792,-21.202755,47.803486
1675934343463559698,71.70081,-23.661757,52.49971
1675934343663298188,70.19093,-26.457434,55.572803
1675934343862449073,68.34391,-29.288622,61.360844
1675934344063555323,69.5663,-31.438309,64.29431
1675934344262419698,69.88051,-33.031456,64.24425
1675934344462116573,69.38652,-34.9226,62.023624
1675934344662343656,68.127846,-37.039925,59.481407
1675934344862604490,65.60938,-39.644722,56.507637
1675934345062079854,62.696144,-41.732178,54.193047
1675934345262744802,60.462616,-43.390015,51.629143
1675934345462314177,59.50464,-44.20908,50.00222
1675934345673646260,58.991756,-44.96438,48.43845
1675934345875042093,58.556713,-45.437885,47.334312
1675934346076082718,57.957775,-43.93157,49.05451
1675934346262430062,57.991146,-41.806084,50.60148
1675934346462205531,58.343155,-39.95379,49.560837
1675934346663861208,58.728664,-37.655396,47.82508
1675934346862229020,58.80031,-35.460285,46.403267
1675934347062456416,58.19909,-33.69075,44.748566
1675934347262465687,57.644695,-32.23038,43.089153
1675934347463715686,57.460274,-31.529743,40.853672
1675934347662048551,57.755405,-32.00691,37.37491
1675934347861951780,57.99712,-32.877384,33.4603
1675934348062441051,58.283543,-32.943718,31.461197
1675934348262359332,58.698883,-33.00049,29.902897
1675934348462809332,59.382977,-33.22341,28.09335
1675934348662466676,59.873676,-33.36495,26.427906
1675934348862431467,60.191574,-33.411392,25.31361
1675934349063319540,60.42271,-33.44569,24.636555
1675934349263498967,60.46514,-33.39791,24.452965
1675934349462091884,60.339787,-33.36309,24.772175
1675934349662372144,60.089256,-33.329895,25.411188
1675934349861869956,59.713024,-33.244965,26.063837
1675934350070664175,59.343033,-33.163673,26.638203
1675934350262382717,59.03466,-33.08501,27.194344
1675934350462244956,58.828457,-33.03722,27.670513
1675934350662048758,58.740166,-32.995583,27.976173
1675934350864007300,58.742615,-33.00995,28.037897
1675934351062400581,58.835827,-33.01256,27.820923
1675934351262650320,58.973976,-33.020237,27.436745
1675934351462173029,59.20836,-33.08094,26.989971
1675934351662832039,59.47766,-33.136894,26.536509
1675934351862686674,59.757504,-33.206833,26.131285
1675934352062536466,60.025883,-33.256615,25.734354
1675934352262654122,60.259556,-33.325153,25.412567
1675934352463800945,60.44169,-33.371037,25.18386
1675934352664462143,60.588875,-33.42648,25.073135
1675934352863250789,60.705757,-33.477104,25.051231
1675934353063253549,60.780296,-33.484703,25.01173
1675934353262413184,60.822224,-33.470337,25.007303
1675934353463641674,60.848885,-33.46475,24.931433
1675934353662555684,60.844296,-33.443996,24.847683
1675934353862557142,60.87882,-33.418358,24.735611
1675934354062266674,60.927,-33.393852,24.551964
1675934354263403132,61.014946,-33.36404,24.322376
1675934354468070163,61.127888,-33.34597,23.981266
1675934354662568965,61.305664,-33.33331,23.643776
1675934354862457663,61.554005,-33.3466,23.233873
1675934355063413131,61.80464,-33.35632,22.823803
1675934355262630319,62.073284,-33.37543,22.433363
1675934355462383288,62.322067,-33.38293,22.04482
1675934355662376569,62.582836,-33.4144,21.69965
1675934355871972246,62.80358,-33.41484,21.397123
1675934356063547089,62.9949,-33.407146,21.17648
1675934356262395058,63.139095,-33.414326,21.027943
1675934356462321777,63.178444,-33.40579,20.972347
1675934356662416256,63.21725,-33.405945,20.967312
1675934356863851464,63.225925,-33.39699,20.983166
1675934357062865631,63.209396,-33.39313,21.004467
1675934357262509901,63.15366,-33.367313,21.0838
1675934357462436568,63.096413,-33.379883,21.14621
1675934357663763391,63.01705,-33.37793,21.219818
1675934357862443182,62.979153,-33.363586,21.271498
1675934358062770630,62.96212,-33.374603,21.25838
1675934358262743130,62.976776,-33.363976,21.233582
1675934358462638495,63.031425,-33.379284,21.171282
1675934358662490265,63.093433,-33.373455,21.097092
1675934358862432661,63.200718,-33.38594,20.968796
1675934359062300109,63.317894,-33.368217,20.843044
1675934359262434744,63.47717,-33.368004,20.679363
1675934359475382661,63.636646,-33.365467,20.48577
1675934359662302713,63.81884,-33.371426,20.307743
1675934359862449953,64.00222,-33.385174,20.11931
1675934360062360525,64.16381,-33.37548,19.924002
1675934360263651515,64.33162,-33.381935,19.752634
1675934360462319015,64.518875,-33.38647,19.582705
1675934360662149015,64.68993,-33.400795,19.428036
1675934360862277869,64.83089,-33.40983,19.2904
1675934361063947035,64.94673,-33.40839,19.180399
1675934361262366202,65.05779,-33.409237,19.070475
1675934361462628181,65.14858,-33.40496,18.980394
1675934361662376150,65.29468,-33.415756,18.88894
1675934361875931827,65.51929,-33.43564,18.72696
1675934362062336879,65.79837,-33.48981,18.513166
1675934362262236150,65.993454,-33.609634,18.29801
1675934362462405264,66.26922,-33.73221,18.129812
1675934362662076149,66.55307,-33.882114,17.953674
1675934362862297556,66.770096,-33.97486,17.733221
1675934363062152972,66.99979,-34.08856,17.542442
1675934363262172243,67.16482,-34.2432,17.454786
1675934363462152816,67.20201,-34.401752,17.440586
1675934363663557139,67.14719,-34.55061,17.611849
1675934363862173076,66.99643,-34.61056,17.860046
1675934364074757243,66.72508,-34.703568,18.104788
1675934364268174534,66.3319,-34.76867,18.45926
1675934364476346305,65.8854,-34.838524,18.973257
1675934364662163857,65.3404,-34.812244,19.726265
1675934364862321721,64.81575,-34.672962,20.133564
1675934365062159221,64.24888,-34.480576,20.421173
1675934365262508232,63.763855,-34.325924,20.790117
1675934365462091721,63.458366,-34.201714,21.140743
1675934365662474950,63.17868,-33.985996,21.295807
1675934365862588232,63.029243,-33.752716,21.27515
1675934366062909742,63.00159,-33.58044,21.221004
1675934366262748179,63.124718,-33.46914,20.850643
1675934366462294898,63.312824,-33.41938,20.61689
1675934366662120106,63.65401,-33.41305,20.438377
1675934366862773544,63.976757,-33.33888,20.02181
1675934367064015314,64.401215,-33.264503,19.43018
1675934367262374273,64.93516,-33.24744,18.96317
1675934367462136095,65.49085,-33.24433,18.552631
1675934367662039064,66.1476,-33.207302,17.986885
1675934367865126824,66.82891,-33.18741,17.407394
1675934368062183595,67.55393,-33.187958,16.91743
1675934368262073022,68.26597,-33.18823,16.480137
1675934368462070314,69.03503,-33.19058,16.034021
1675934368663557814,69.7976,-33.180096,15.709025
1675934368862315053,70.54754,-33.17708,15.399202
1675934369062254220,71.357124,-33.18749,15.073065
1675934369262037397,72.06353,-33.213684,14.815838
1675934369462491459,72.656166,-33.240643,14.657763
1675934369666489168,73.13515,-33.26159,14.532128
1675934369862526980,73.52635,-33.26841,14.419793
1675934370062444949,73.77853,-33.275295,14.377894
1675934370262273074,73.88633,-33.293625,14.33793
1675934370464176146,73.88876,-33.311687,14.315898
1675934370662785157,73.74605,-33.317375,14.339206
1675934370863327396,73.58717,-33.32637,14.3869095
1675934371063038438,73.41238,-33.32657,14.402846
1675934371264072240,73.19656,-33.312073,14.44875
1675934371463108542,72.99107,-33.31243,14.495545
1675934371662576875,72.78859,-33.304863,14.531114
1675934371862871302,72.64331,-33.296535,14.56719
1675934372063118490,72.51549,-33.278397,14.58937
1675934372262580104,72.43572,-33.278877,14.607588
1675934372469764844,72.38143,-33.257713,14.61
1675934372662270052,72.4155,-33.245224,14.585286
1675934372863148073,72.550224,-33.24032,14.538923
1675934373063267343,72.79689,-33.220284,14.469807
1675934373391737291,73.19895,-33.228394,14.418127
1675934373584955624,73.699455,-33.21903,14.27754
1675934373784627656,74.37951,-33.18679,14.105409
1675934373984714270,75.14798,-33.156166,13.86425
1675934374185126718,76.18007,-33.13259,13.6494665
1675934374385173697,77.32306,-33.105637,13.521325
1675934374584881770,78.5902,-33.025265,13.484052
1675934374784443853,79.75784,-32.987858,13.444055
1675934374985116978,80.79663,-32.936592,13.374549
1675934375185088072,81.7728,-32.884163,13.381112
1675934375384771665,82.61897,-32.815025,13.403591
1675934375586296249,83.37452,-32.768967,13.485109
1675934375784352134,83.91749,-32.73819,13.628595
1675934375986078801,84.21553,-32.714794,13.715963
1675934376184750415,84.32558,-32.74749,13.691682
1675934376385153957,84.45981,-32.729794,13.723619
1675934376584704165,84.56878,-32.69983,13.741119
1675934376784449269,84.68704,-32.685513,13.777598
1675934376985063384,84.734184,-32.734604,13.798725
1675934377185385206,84.80612,-32.766655,13.855289
1675934377384494790,84.823006,-32.761913,13.88228
1675934377587676925,84.93359,-32.75526,13.923608
1675934377784071300,85.06001,-32.745422,13.955891
1675934377983642966,85.20386,-32.772873,13.981303
1675934378190606977,85.38087,-32.778893,14.055539
1675934378385735206,85.454994,-32.788143,14.079311
1675934378590431508,85.591064,-32.76772,14.174312
1675934378786057237,85.73806,-32.736675,14.241768
1675934378985220310,85.89931,-32.70479,14.246126
1675934379185342393,86.05396,-32.704655,14.261143
1675934379385280049,86.136284,-32.684055,14.324023
1675934379584999997,86.196434,-32.644188,14.349553
1675934379785187810,86.2021,-32.6138,14.307363
1675934379984394112,86.23706,-32.591557,14.283942
1675934380184414216,86.24017,-32.5888,14.256743
1675934380386519632,86.16206,-32.592155,14.220065
1675934380586868434,86.02388,-32.605297,14.196874
1675934380785374111,85.88254,-32.563137,14.139105
1675934380985303174,85.75934,-32.565777,14.088415
1675934381185272236,85.60889,-32.587242,14.05201
1675934381384291194,85.54424,-32.60193,14.043146
1675934381584868538,85.47635,-32.619568,14.056977
1675934381785223434,85.382385,-32.62187,14.03363
1675934381984868746,85.30374,-32.58319,14.030811
1675934382186207236,85.283585,-32.586647,14.030803
1675934382384569423,85.25246,-32.635048,14.015034
1675934382584473225,85.27265,-32.65724,13.984817
1675934382784473954,85.32067,-32.646908,13.975698
1675934382985296871,85.28402,-32.654522,13.962213
1675934383184275204,85.27975,-32.663277,13.944585
1675934383384700725,85.33052,-32.666016,14.008409
1675934383584582287,85.40473,-32.687992,14.0193205
1675934383785434787,85.46645,-32.684357,14.051313
1675934383985311870,85.57218,-32.65735,14.091508
1675934384185280256,85.64314,-32.660873,14.151053
1675934384384106818,85.700615,-32.670235,14.161132
1675934384585182599,85.83224,-32.671684,14.216635
1675934384783972651,85.94275,-32.67371,14.2448845
1675934384985328120,85.994995,-32.66754,14.236029
1675934385184553328,86.023895,-32.67627,14.241285
1675934385385098693,86.03699,-32.692425,14.251301
1675934385583791714,85.99635,-32.691242,14.250848
1675934385784525255,85.95333,-32.650753,14.221192
1675934385985065672,85.88243,-32.574326,14.252542
1675934386184266505,85.779335,-32.565025,14.210434
1675934386384895620,85.68106,-32.529026,14.225624
1675934386584787494,85.61481,-32.54181,14.166994
1675934386784465255,85.54076,-32.52388,14.1563
1675934386984454109,85.44982,-32.510693,14.118615
1675934387185356765,85.3995,-32.494446,14.08567
1675934387384606869,85.39137,-32.49421,14.08558
1675934387584536452,85.39242,-32.552628,14.048086
1675934387784407806,85.436874,-32.537155,14.061228
1675934387984205827,85.49411,-32.529743,14.083949
1675934388183814525,85.5597,-32.49653,14.145995
1675934388384291712,85.6389,-32.517258,14.188483
1675934388584239473,85.75635,-32.499866,14.202222
1675934388784302650,85.85293,-32.510834,14.294005
1675934388986585150,85.95075,-32.517525,14.299814
1675934389191019421,86.033714,-32.513115,14.3635645
1675934389384517441,86.05525,-32.5376,14.374105
1675934389584929108,86.05385,-32.526825,14.341922
1675934389785618431,86.06132,-32.528038,14.31949
1675934389985336243,86.105484,-32.508713,14.327909
1675934390184587545,86.118286,-32.521015,14.333202
1675934390384150462,86.11625,-32.515453,14.274209
1675934390585342857,86.06908,-32.5331,14.30178
1675934390784189055,86.051895,-32.533993,14.270067
1675934390984313639,86.0383,-32.501453,14.263686
1675934391184640618,86.03422,-32.5185,14.241989
1675934391384270357,85.9617,-32.397358,14.27545
1675934391584338638,85.944176,-32.38591,14.247589
1675934391784230617,85.86567,-32.368446,14.223336
1675934391987263742,85.80446,-32.38847,14.187709
1675934392184264159,85.77878,-32.372543,14.164044
1675934392383922388,85.701256,-32.383606,14.13681
1675934392584276555,85.64494,-32.389656,14.14562
1675934392784207388,85.58431,-32.41738,14.119437
1675934392984196554,85.5997,-32.5415,14.072046
1675934393185339836,85.52162,-32.549103,14.03108
1675934393384132336,85.50284,-32.5805,14.041603
1675934393584181138,85.54422,-32.593437,14.051718
1675934393784419419,85.54512,-32.609238,14.061597
1675934393984402387,85.59784,-32.61521,14.053394
1675934394193779419,85.63811,-32.621223,14.036047
1675934394396593898,85.74007,-32.597946,14.080918
1675934394586797439,85.80123,-32.590847,14.09918
1675934394783845460,85.90104,-32.63743,14.120678
1675934394983846554,85.99036,-32.627304,14.134535
1675934395184491345,86.03109,-32.602642,14.169718
1675934395384863637,86.06578,-32.55938,14.163227
1675934395584881293,86.08998,-32.5518,14.167568
1675934395784074314,86.1108,-32.568775,14.164161
1675934395984865355,86.0784,-32.563393,14.17259
1675934396184664522,86.07141,-32.57432,14.195675
1675934396384503637,85.99005,-32.559227,14.20763
1675934396585758480,85.93553,-32.543056,14.1701355
1675934396786744782,85.92469,-32.452606,14.192286
1675934396984683168,85.927734,-32.295757,14.350945
1675934397184353845,85.93665,-32.294827,14.378063
1675934397384872855,85.91214,-32.29431,14.373287
1675934397584575303,85.89907,-32.2824,14.358985
1675934397784654313,85.88041,-32.259785,14.307949
1675934397984614886,85.89632,-32.24792,14.311982
1675934398184905875,85.92603,-32.259724,14.339978
1675934398386003375,85.89552,-32.34148,14.303427
1675934398585335875,85.921745,-32.52364,14.141885
1675934398785140927,85.915276,-32.50138,14.090985
1675934398984503011,85.94675,-32.465317,14.102903
1675934399184042958,85.97689,-32.502182,14.114187
1675934399384458687,86.033134,-32.537224,14.184301
1675934399584224208,86.06857,-32.548527,14.135595
1675934399795464885,86.08952,-32.5439,14.162631
1675934399985631760,86.08081,-32.535957,14.153096
1675934400184537437,86.0398,-32.5396,14.134843
1675934400384492333,86.03368,-32.562088,14.172093
1675934400584505302,86.03853,-32.59961,14.151575
1675934400784834104,86.0551,-32.608177,14.152191
1675934400984144781,86.052635,-32.577553,14.109911
1675934401184331291,86.05209,-32.53552,14.14377
1675934401384271708,86.0526,-32.551903,14.140136
1675934401583829885,86.077774,-32.57285,14.141496
1675934401784673634,86.069305,-32.58168,14.119318
1675934401984857072,86.044106,-32.577896,14.096306
1675934402184458895,85.99613,-32.575306,14.122789
1675934402384189259,85.9442,-32.454365,14.165485
1675934402584339520,85.896645,-32.434025,14.227134
1675934402784303634,85.89686,-32.446556,14.218778
1675934402984373634,85.866295,-32.42744,14.172328
1675934403184337019,85.847084,-32.433773,14.199564
1675934403385716082,85.8445,-32.435753,14.244781
1675934403584961863,85.86141,-32.435253,14.267484
1675934403784502905,85.93841,-32.42497,14.2767
1675934403984088529,85.9844,-32.52287,14.201122
1675934404184901394,86.05243,-32.547848,14.139917
1675934404384111550,86.03665,-32.559517,14.1403885
1675934404584066654,86.09396,-32.543427,14.1761875
1675934404784050769,86.15396,-32.520916,14.175561
1675934404984460977,86.167145,-32.478817,14.1283045
1675934405184385352,86.17281,-32.44843,14.086115
1675934405384449675,86.16474,-32.456676,14.077451
1675934405584420821,86.19701,-32.44085,14.090456
1675934405784468789,86.13236,-32.455536,14.081593
1675934405983987852,86.1534,-32.46364,14.095768
1675934406183915091,86.10081,-32.478874,14.082537
1675934406387835872,86.08857,-32.49144,14.065036
1675934406588307903,86.05403,-32.51734,14.097683
1675934406784292903,86.06306,-32.53338,14.107653
1675934406984802226,86.02248,-32.54068,14.098626
1675934407184931184,85.94713,-32.578514,14.108951
1675934407384503111,85.9522,-32.6114,14.1017275
1675934407584515976,85.94275,-32.591705,14.082531
1675934407784687226,85.96296,-32.57533,14.099905
1675934407984528163,85.88512,-32.475506,14.197643
1675934408184346184,85.898895,-32.473522,14.251833
1675934408384551965,85.88505,-32.49519,14.302506
1675934408596380351,85.88375,-32.479973,14.279114
1675934408784160663,85.89647,-32.47955,14.297268
1675934408983953944,85.93201,-32.46501,14.283292
1675934409183825402,85.949745,-32.48899,14.302796
1675934409383740559,85.977776,-32.50757,14.267948
1675934409583957121,86.01506,-32.618935,14.156897
1675934409784087121,86.02799,-32.620037,14.048754
1675934409984179673,86.021545,-32.60202,13.993567
1675934410183807433,86.00635,-32.621395,14.003483
1675934410383935246,86.01819,-32.609413,14.00747
1675934410583921131,85.977974,-32.611885,14.016244
1675934410784072485,85.96591,-32.611336,14.020613
1675934410984592798,85.92868,-32.611244,13.997683
1675934411183977641,85.907936,-32.606995,13.98823
1675934411384051964,85.90658,-32.654278,14.017822
1675934411583966860,85.932205,-32.683125,14.024121
1675934411784862276,85.94466,-32.68309,14.033266
1675934411984084776,85.934364,-32.677486,13.969678
1675934412183974880,85.987564,-32.6742,13.988067
1675934412383887328,85.974525,-32.666527,13.969478
1675934412584622172,85.98778,-32.68673,13.979711
1675934412783341859,86.0248,-32.695694,13.985058
1675934412983774932,86.040474,-32.68846,13.975795
1675934413184117172,86.0515,-32.673405,13.957043
1675934413384092484,86.08018,-32.56681,14.096063
1675934413583439047,86.12268,-32.526695,14.207169
1675934413784638630,86.093414,-32.522793,14.184112
1675934413984192588,86.10917,-32.52829,14.161988
1675934414197711130,86.15025,-32.537373,14.16738
1675934414385978473,86.14919,-32.517525,14.157284
1675934414584262015,86.15718,-32.49655,14.178809
1675934414784233525,86.13332,-32.495064,14.196555
1675934414984101546,86.08831,-32.609867,14.044275
1675934415184310973,86.08679,-32.642097,13.955709
1675934415384510244,86.07006,-32.629482,13.954876
1675934415584682535,86.058266,-32.628544,13.968253
1675934415784114358,86.0091,-32.6063,13.980135
1675934415984507848,86.01282,-32.59408,13.984032
1675934416183639254,85.97081,-32.586365,13.947107
1675934416388059462,85.94151,-32.57822,13.928337
1675934416584193264,85.99007,-32.56711,13.937237
1675934416784248785,85.92914,-32.569576,13.93227
1675934416983904358,85.92228,-32.58031,13.959859
1675934417184443108,85.9061,-32.57116,13.972756
1675934417384067170,85.8975,-32.580185,13.9460745
1675934417583968160,85.88371,-32.631744,13.962235
1675934417784693837,85.9081,-32.632454,13.962507
1675934417984215243,85.96602,-32.649715,13.977525
1675934418184247118,85.93282,-32.6455,13.958927
1675934418384526857,85.94964,-32.670845,13.9469
1675934418584231909,85.97792,-32.667625,13.947
1675934418784521440,86.07953,-32.610603,14.021662
1675934418983957013,86.15572,-32.47729,14.155198
1675934419190708419,86.15398,-32.454178,14.126866
1675934419390358732,86.171906,-32.486446,14.142302
1675934419591856909,86.18272,-32.45886,14.131906
1675934419784172273,86.204414,-32.487392,14.142664
1675934419983957221,86.248085,-32.47309,14.128778
1675934420183882638,86.23399,-32.46698,14.074154
1675934420384099252,86.16997,-32.536427,14.01857
1675934420584216075,86.101204,-32.6453,13.892828
1675934420784390033,86.122345,-32.648968,13.915794
1675934420984296283,86.11879,-32.665234,13.912115
1675934421184279565,86.10009,-32.70936,13.909778
1675934421383786856,86.09947,-32.676003,13.930559
1675934421584936231,86.09319,-32.694443,13.967592
1675934421783994044,86.07715,-32.685097,13.984994
1675934421984327012,86.06332,-32.65719,13.965318
1675934422183931231,86.06902,-32.68486,13.984904
1675934422384471179,86.051926,-32.67707,13.96627
1675934422584155085,86.05482,-32.640373,13.973367
1675934422784188001,86.0627,-32.60243,14.012039
1675934422984374251,86.06244,-32.624226,13.977091
1675934423184006335,86.04473,-32.60449,13.9532995
1675934423384428782,86.058464,-32.636833,13.964185
1675934423592654199,86.039635,-32.681152,13.957342
1675934423783852220,86.030075,-32.665894,13.929355
1675934423984807428,86.03942,-32.690025,13.93976
1675934424185059876,86.0043,-32.686817,13.988902
1675934424384098470,86.00263,-32.65502,13.973648
1675934424584506126,86.04703,-32.609657,14.021302
1675934424784099042,86.04797,-32.612534,14.048547
1675934424984106803,86.055565,-32.592144,14.056559
1675934425184142688,86.08839,-32.57978,14.083295
1675934425384670448,86.085144,-32.582733,14.105989
1675934425584116334,86.08825,-32.558567,14.104729
1675934425784066854,86.13211,-32.57396,14.060835
1675934425983799667,86.10412,-32.60244,14.039518
1675934426183810240,86.0713,-32.614807,14.012782
1675934426384012896,86.059296,-32.62274,14.008577
1675934426583858885,86.07215,-32.643528,14.005297
1675934426791256750,86.06395,-32.65197,13.992127
1675934426983812323,86.0533,-32.683605,14.002741
1675934427183730552,86.05467,-32.69014,14.039211
1675934427384632479,86.05034,-32.669006,14.056096
1675934427584806541,86.06763,-32.685085,14.070661
1675934427784380552,86.0485,-32.704147,14.085035
1675934427984523624,86.06475,-32.683212,14.1111555
1675934428183885916,86.051605,-32.658573,14.1097145
1675934428383779666,86.051895,-32.662426,14.114437
1675934428583608312,86.096016,-32.65602,14.105492
1675934428784211905,86.103615,-32.657036,14.087564
1675934428984695395,86.12001,-32.678722,14.066311
1675934429184599457,86.13157,-32.684296,14.039638
1675934429384267426,86.15835,-32.674736,13.998762
1675934429584541124,86.17949,-32.699806,13.99579
1675934429784643676,86.28033,-32.648197,14.039138
1675934429983694509,86.28367,-32.6194,14.051173
1675934430184072009,86.29485,-32.60839,14.032639
1675934430384018155,86.268936,-32.57569,14.021617
1675934430583514717,86.25255,-32.575413,14.016932
1675934430783735290,86.22003,-32.55306,14.042508
1675934430983579352,86.21758,-32.576252,14.066291
1675934431183906071,86.17193,-32.57207,14.038548
1675934431384417894,86.08382,-32.64466,13.987415
1675934431584210550,86.08321,-32.65412,13.956319
1675934431784317842,86.07168,-32.652794,13.978705
1675934431984517738,86.06573,-32.700737,13.990234
1675934432184818779,86.03627,-32.667137,13.997186
1675934432384131644,86.058235,-32.695282,14.0169525
1675934432583923831,86.05074,-32.689827,14.043671
1675934432783690133,86.07913,-32.68217,14.052562
1675934432983865029,86.09549,-32.678207,14.061534
1675934433184256122,86.11161,-32.678875,14.057211
1675934433385803362,86.087364,-32.699375,14.035505
1675934433589631122,86.11047,-32.689114,14.008098
1675934433789973883,86.17531,-32.682716,14.012892
1675934433985072528,86.179955,-32.69054,14.022381
1675934434183894143,86.15996,-32.698044,14.02259
1675934434383738674,86.16471,-32.70143,14.040871
1675934434584650757,86.13114,-32.680637,14.030412
1675934434784602789,86.10341,-32.68732,14.044044
1675934434984803361,86.1055,-32.630386,14.050052
1675934435184663674,86.09423,-32.628666,14.081448
1675934435384142632,86.116234,-32.4273,14.251454
1675934435584560184,86.13176,-32.35604,14.315504
1675934435784090496,86.159996,-32.365746,14.298239
1675934435984025757,86.15086,-32.375553,14.253539
1675934436184112840,86.166435,-32.394165,14.209546
1675934436384029507,86.17831,-32.386425,14.209247
1675934436586222163,86.19249,-32.42667,14.225072
1675934436785911954,86.16713,-32.41884,14.201843
1675934436992211902,86.12544,-32.635803,14.03248
1675934437184495444,86.10837,-32.713642,13.91009
1675934437383994871,86.094986,-32.693634,13.895353
1675934437583873985,86.06226,-32.680157,13.903347
1675934437784026329,86.04759,-32.677345,13.957219
1675934437984169454,86.04343,-32.681664,13.948382
1675934438184751693,86.05957,-32.66517,13.965712
1675934438384087162,86.07685,-32.65984,14.006215
1675934438583751745,86.05202,-32.65123,14.001004
1675934438789552006,86.075966,-32.60547,14.043927
1675934438984364870,86.12797,-32.582527,14.047715
1675934439184265651,86.15096,-32.53389,14.063394
1675934439384081641,86.16565,-32.49813,14.057112
1675934439584681380,86.177284,-32.49502,14.043516
1675934439784856849,86.15198,-32.495678,14.011713
1675934439984526224,86.15833,-32.489964,13.96182
1675934440183828932,86.15886,-32.489185,13.979837
1675934440383911172,86.13879,-32.505367,13.966968
1675934440583706120,86.06693,-32.51845,13.989545
1675934440783693672,86.07622,-32.51269,14.034462
1675934440984608724,86.10548,-32.495186,14.083458
1675934441183945338,86.105415,-32.465294,14.11797
1675934441384296432,86.11412,-32.473236,14.127505
1675934441584425598,86.1186,-32.455605,14.162716
1675934441783994348,86.13826,-32.45717,14.14042
1675934441984119088,86.11815,-32.4477,14.157776
1675934442183784713,86.12134,-32.43626,14.143655
1675934442390761431,86.13826,-32.478573,14.114481
1675934442594432108,86.109795,-32.516315,14.066573
1675934442787608150,86.10584,-32.533165,14.04938
1675934442983710390,86.10127,-32.516663,14.052969
1675934443184005754,86.10181,-32.53729,14.045048
1675934443384074035,86.08671,-32.53082,14.089694
1675934443583672994,86.11056,-32.510902,14.097887
1675934443783914868,86.147446,-32.498657,14.124668
1675934443983723202,86.14997,-32.466785,14.113964
1675934444183218775,86.14203,-32.45343,14.135743
1675934444383576639,86.142235,-32.444557,14.153326
1675934444583571066,86.14253,-32.46982,14.132109
1675934444783784347,86.13247,-32.438175,14.107756
1675934444984225493,86.1393,-32.423195,14.084454
1675934445183773878,86.14769,-32.44445,14.067614
1675934445383914555,86.10114,-32.445877,14.004053
1675934445583622264,86.08592,-32.46101,14.018255
1675934445784342211,86.09189,-32.488293,14.04685
1675934445984009086,86.10735,-32.489937,14.020004
1675934446183766326,86.120224,-32.472153,14.064315
1675934446383662107,86.16722,-32.478626,14.132815
1675934446583735597,86.164185,-32.472706,14.173093
1675934446783818513,86.15967,-32.464687,14.168108
1675934446983628044,86.19244,-32.443836,14.203419
1675934447183845648,86.19756,-32.463802,14.213561
1675934447383846377,86.16698,-32.440445,14.171398
1675934447583210961,86.136,-32.45008,14.207725
1675934447783575961,86.136345,-32.462418,14.203873
1675934447983661429,86.114204,-32.468796,14.136297
1675934448183473356,86.1293,-32.475266,14.091651
1675934448384078148,86.12912,-32.488384,14.069781
1675934448585209502,86.142105,-32.508976,14.071005
1675934448783701377,86.1278,-32.490334,14.024736
1675934448983529085,86.13762,-32.5052,14.061733
1675934449184165596,86.14045,-32.519997,14.003873
1675934449384330960,86.164505,-32.491203,14.029649
1675934449584462262,86.1291,-32.505547,14.048129
1675934449783965387,86.16183,-32.540432,14.014196
1675934449984757574,86.16695,-32.53899,14.050278
1675934450183625595,86.14357,-32.549644,14.068676
1675934450383547678,86.1496,-32.58541,14.088697
1675934450583335751,86.164505,-32.58359,14.0481205
1675934450783553668,86.164604,-32.557747,14.082851
1675934450984004241,86.091675,-32.56815,14.07368
1675934451184891168,86.10838,-32.576523,14.0788
1675934451385293303,86.07566,-32.563046,14.086794
1675934451584794293,86.07158,-32.580093,14.065097
1675934451784846011,86.093056,-32.574688,14.11015
1675934451984145751,86.13618,-32.30176,14.263
1675934452183894865,86.167946,-32.290955,14.2537
1675934452383642521,86.20853,-32.283653,14.262727
1675934452584161011,86.284546,-32.287655,14.223047
1675934452791140803,86.31159,-32.277706,14.19118
1675934452983917105,86.304436,-32.263184,14.239986
1675934453184207052,86.282684,-32.226166,14.237802
1675934453384381063,86.28509,-32.2373,14.170715
1675934453584443615,86.24995,-32.467842,14.0653305
1675934453784203510,86.22992,-32.471104,14.069826
1675934453984301115,86.22507,-32.472153,14.042754
1675934454184165646,86.20836,-32.46378,14.037634
1675934454383799135,86.2091,-32.475533,14.047296
1675934454583973666,86.20106,-32.48802,14.034345
1675934454783810698,86.23025,-32.500603,14.044323
1675934454983684812,86.23424,-32.5094,14.03129
1675934455185902885,86.23077,-32.53839,14.01475
1675934455393211270,86.206436,-32.524757,14.031843
1675934455584023197,86.194695,-32.532303,14.036647
1675934455784191895,86.18731,-32.54382,14.046218
1675934455985468301,86.19097,-32.523117,14.058689
1675934456184882885,86.20231,-32.49475,14.066311
1675934456384135384,86.1655,-32.498318,14.052608
1675934456583407832,86.1341,-32.525703,14.053768
1675934456783513874,86.195595,-32.56951,14.020588
1675934456983320801,86.28514,-32.614735,13.974211
1675934457183666061,86.295,-32.65525,13.980982
1675934457384139707,86.2983,-32.66078,13.949714
1675934457584763926,86.27836,-32.67677,13.941349
1675934457783972780,86.23783,-32.692554,13.923748
1675934457984102415,86.27588,-32.695717,13.969418
1675934458184417311,86.31102,-32.660355,13.967867
1675934458384281946,86.27248,-32.602234,13.973422
1675934458584674029,86.203804,-32.561066,14.033756
1675934458783904759,86.19843,-32.50292,14.062196
1675934458984209186,86.203285,-32.501865,14.089268
1675934459183729498,86.228195,-32.501797,14.107557
1675934459384236790,86.2517,-32.490948,14.093663
1675934459583064394,86.237976,-32.48001,14.056839
1675934459786775227,86.247604,-32.486588,14.097905
1675934459984576789,86.23438,-32.470627,14.083385
1675934460187358300,86.27904,-32.48485,14.066519
1675934460383955279,86.27309,-32.532795,14.078048
1675934460589629914,86.28089,-32.503532,14.1036415
1675934460786956320,86.250244,-32.471687,14.070053
1675934460986671112,86.271835,-32.504658,14.07202
1675934461183582987,86.26163,-32.522785,14.113512
1675934461383743664,86.23212,-32.50211,14.103098
1675934461583532987,86.21347,-32.533314,14.118126
1675934461792277570,86.18165,-32.535637,14.135999
1675934461986412309,86.17473,-32.505478,14.080159
1675934462186896736,86.158615,-32.526215,14.058544
1675934462384143716,86.1716,-32.5254,14.085707
1675934462583976476,86.17226,-32.52442,14.108229
1675934462784255590,86.1824,-32.49781,14.075311
1675934462986569184,86.19423,-32.50299,14.057647
1675934463186674809,86.22687,-32.482338,14.088452
1675934463387026788,86.23072,-32.49133,14.070915
1675934463583843455,86.243706,-32.490513,14.098078
1675934463783646684,86.25194,-32.486313,14.106959
1675934463983805017,86.23695,-32.51822,14.108519
1675934464185283038,86.23181,-32.51542,14.076725
1675934464386820954,86.25583,-32.520958,14.059196
1675934464586432777,86.22863,-32.548267,14.064907
1675934464785247048,86.21301,-32.563984,14.065597
1675934464983515798,86.22354,-32.55395,14.02454
1675934465183336267,86.210106,-32.546867,13.992437
1675934465389486527,86.219086,-32.575825,13.985042
1675934465586787152,86.23511,-32.58093,13.971927
1675934465786862152,86.20706,-32.579514,13.985123
1675934465983593402,86.20857,-32.60726,14.000159
1675934466184126631,86.24466,-32.57478,14.025853
1675934466383784651,86.25125,-32.564434,13.989256
1675934466586984235,86.219826,-32.56617,14.020642
1675934466787026006,86.24606,-32.606964,14.032099
1675934466987245433,86.25073,-32.597622,14.06324
1675934467184108662,86.25572,-32.596375,14.094816
1675934467384231214,86.280556,-32.604984,14.100027
1675934467591621734,86.25495,-32.58038,14.089441
1675934467795522516,86.25037,-32.602448,14.04544
1675934467982955693,86.25578,-32.626266,14.060304
1675934468187047932,86.28138,-32.629463,14.096828
1675934468387112567,86.28063,-32.596306,14.113106
1675934468583655692,86.278595,-32.569336,14.080051
