1675934336703544961,-2.3244395,-0.19972222,0.64067876
1675934336906188190,0.98273563,0.05145952,1.5217668
1675934337108729649,-0.027634697,0.14407825,-0.097431995
1675934337318260899,0.6421639,0.28440264,0.11317087
1675934337518085065,-0.32864562,-0.55352926,-0.4555733
1675934337718281940,0.11583121,-0.076414846,0.08914352
1675934337918474805,0.22305255,0.11818922,0.9576186
1675934338129395534,0.2796593,1.4685491,1.578548
1675934338331171159,0.33260092,0.6610443,1.5758139
1675934338533626523,0.037524175,0.34450006,0.39521587
1675934338735941575,0.16452585,-0.66848814,-0.18784
1675934338938331106,0.5610061,-0.73998845,-1.5365127
1675934339130630950,0.48444444,0.22843577,-1.3647727
1675934339332872721,-0.6546147,0.9761924,1.2415836
1675934339535084908,0.8100644,-0.107714385,-2.1665761
1675934339737587356,0.3580826,0.62287986,-0.7950393
1675934339950630741,0.36756566,0.04296554,0.8538298
1675934340151570012,0.8399095,-1.2596889,1.629919
1675934340353825012,1.3138825,1.6724617,1.746681
1675934340563266783,1.4382662,-0.5150157,-3.0202744
1675934340758042824,0.1392768,-0.809336,-1.3419089
1675934340960945741,-0.3704753,-2.035196,0.099731855
1675934341154722616,0.8863935,-3.5683498,0.44047812
1675934341356961314,-1.438034,-5.6522717,1.8674579
1675934341563551730,1.4606062,-3.7086751,-1.1779063
1675934341760271366,-2.4667883,-5.092778,-4.614399
1675934341963429126,0.5945746,-9.180221,0.4588622
1675934342174313605,1.5880153,-11.074889,1.1789262
1675934342382875688,0.43743694,-9.419852,0.19636486
1675934342579357303,0.5341281,-4.222266,1.3071496
1675934342780783292,-0.42842013,-1.5920576,0.6144872
1675934342975197303,0.48595712,-0.47266242,-0.28272763
1675934343176516886,0.7869098,-0.76581925,-0.29413044
1675934343379337198,-0.7142467,-0.5823272,0.22603542
1675934343581213813,0.8500906,0.018589195,-0.0024279992
1675934343783811782,-0.44610614,-0.10410735,0.06284725
1675934343995359229,0.11507491,-0.03987928,-0.13786544
1675934344197837042,0.14003305,-0.3044128,0.22306833
1675934344399844542,-1.5643375,0.6067065,0.004669636
1675934344602572979,0.546229,0.9600191,0.39189973
1675934344794533604,0.063296854,0.61543304,-0.057173114
1675934344996607771,0.027052216,0.5174039,-0.07910608
1675934345199459385,0.2789612,-0.068153605,-0.095570326
1675934345401762093,0.19495273,-0.68629056,-0.5421997
1675934345603317041,-0.4475025,-1.0096996,0.44216517
1675934345815946781,0.48642248,-0.44590065,0.20718586
1675934346018295010,1.117533,0.040813036,0.13620919
1675934346225457510,-0.2777402,-0.29772237,-0.18365121
1675934346422911051,-2.0550075,-0.046686072,0.22865342
1675934346615661624,0.2750051,0.76378596,-0.015401611
1675934346817661572,0.5672893,0.6093827,0.17687532
1675934347019946155,-0.115541056,0.39046037,-0.25102085
1675934347222112562,-0.22497316,0.53165746,-0.06118738
1675934347433956520,0.09337467,0.8305157,-0.008420296
1675934347636127405,0.04316742,0.8888095,-0.05705677
1675934347838223499,-0.07662026,0.63021016,-0.019764928
1675934348047119645,-0.034732386,0.23279908,-0.039312597
1675934348244447978,0.060562506,-0.006252636,-0.015110722
1675934348436080686,0.0057592187,-0.05663443,0.018341396
1675934348637929696,-0.0063998993,-0.032897975,0.05662225
1675934348840287457,0.043632835,-0.084210604,0.039634395
1675934349043230946,0.013380483,-0.24012657,0.033409394
1675934349253684332,0.0077954344,-0.32797474,0.008858448
1675934349456310009,0.03548797,-0.2557182,-0.0062095486
1675934349658549956,0.041073017,-0.09061014,0.030965935
1675934349860465477,0.011867866,0.031155555,0.021948406
1675934350053655060,0.0038975351,0.07635953,0.007927607
1675934350256175112,0.008435387,0.081595525,-0.008943896
1675934350458547664,0.0017449646,0.10434297,-0.025815398
1675934350660626154,-0.01285761,0.15926261,-0.018252308
1675934350863924435,-0.0136721,0.20946987,-0.010165622
1675934351074901987,-0.0063999,0.19963785,-0.008245765
1675934351277238081,-0.005061813,0.13209368,-0.012899972
1675934351479488029,0.0057592187,0.066643886,-0.021044834
1675934351682143706,0.014311325,0.04005672,-0.015808852
1675934351873748810,0.0030248715,0.03575159,-0.010281978
1675934352076079539,-2.9125297E-4,0.022894338,-0.003184314
1675934352278470685,0.0021522078,-0.006252636,-1.0090176E-4
1675934352480453653,-0.0043636844,-0.02847648,-0.0025443605
1675934352683562820,-0.006923497,-0.01655007,-3.3361214E-4
1675934352894485736,-0.0040146164,0.013818633,0.0037969968
1675934353097173809,-0.0073307403,0.03383172,0.009614759
1675934353299821153,-0.010297794,0.039940372,0.008451205
1675934353501880215,-0.007505274,0.04988874,0.0062404545
1675934353694256049,-0.01023962,0.076417714,0.0032733984
1675934353896780632,-0.014719291,0.112255104,0.001993491
1675934354098764955,-0.01477747,0.13535161,-0.0010899209
1675934354301298132,-0.0136720985,0.13122101,-0.004929642
1675934354503059746,-0.015417423,0.11324414,-0.007896698
1675934354718434225,-0.01477747,0.10061961,-0.010805578
1675934354917734694,-0.011810413,0.09131118,-0.010456512
1675934355120104225,-0.011286814,0.07304343,-0.009816557
1675934355322362038,-0.011228638,0.044827294,-0.007722168
1675934355514863548,-0.009716017,0.018181952,-0.004871465
1675934355718620162,-0.005527234,-2.603447E-4,-0.0049878196
1675934355919447975,-0.005003637,-0.014746567,-0.0027188933
1675934356121833391,-0.0067489645,-0.02981456,-0.0014971639
1675934356333592766,-0.0030837734,-0.039588403,-3.917897E-4
1675934356536759225,-0.0026765312,-0.040868305,0.0017607812
1675934356737781933,-0.0036073732,-0.033712465,0.0022262016
1675934356940100683,-0.0027347081,-0.024404045,6.5540697E-4
1675934357143075370,-0.0036073732,-0.017597266,0.0017607805
1675934357335155631,-0.0044218604,-0.008754273,0.0010044725
1675934357537606985,-0.004596393,0.004801106,3.64519E-4
1675934357740408912,-0.0057599447,0.019927278,0.0012953603
1675934357942558651,-0.006923497,0.03226092,3.64519E-4
1675934358153399537,-0.007912517,0.041394815,-4.272416E-5
1675934358355868651,-0.0062253666,0.04977239,-0.0015553415
1675934358573086255,-0.006574431,0.057393644,-0.0021952945
1675934358761207609,-0.008203404,0.06524763,-0.0014971639
1675934358963717140,-0.0076798047,0.07030906,-0.0028352486
1675934359156199119,-0.006516254,0.0704836,2.481638E-4
1675934359358099744,-0.0066326107,0.0660621,-0.0038824452
1675934359565804953,-0.0077379844,0.060651597,-9.735656E-4
1675934359763137609,-0.006050834,0.05640464,-0.0034170244
1675934359974361463,-0.005119991,0.050528694,-0.0029516036
1675934360176885005,-0.0063999,0.042325657,-8.572105E-4
1675934360378950734,-0.00564359,0.03435532,-0.0027188936
1675934360581127556,-0.004072794,0.02621046,-0.0010317432
1675934360773740577,-0.0033746618,0.016960224,-0.0027188936
1675934360975790213,-0.0038400837,0.0068373214,-0.0017880519
1675934361178382608,-0.0031419513,2.0507607E-4,7.363103E-5
1675934361381354014,-0.00564359,0.04424551,-0.009118428
1675934361584468494,-0.009774199,0.115745775,-0.00766399
1675934361795299639,-0.022864155,0.22197805,-0.020172171
1675934361997276775,-0.007388919,0.19765982,0.016654246
1675934362199383493,0.0018613199,0.117374755,0.11578885
1675934362402347139,0.04537816,0.031388264,-0.0455376
1675934362593898962,-0.007039851,0.014807653,-0.01848502
1675934362796582660,-0.06777726,-0.023298671,0.02805705
1675934362998511253,0.036767874,0.0036957317,-0.013016331
1675934363206941514,0.046367176,-0.061405,-0.0077803438
1675934363408879066,-0.038572103,-0.1027111,-0.031051384
1675934363615107034,0.056722786,-0.17648028,-0.032214936
1675934363817543024,0.0038975358,-0.2231969,0.070875764
1675934364019908388,-0.028914629,-0.20324197,-0.0143544115
1675934364222299118,0.008609921,-0.28591228,0.026777145
1675934364415425211,0.027983058,-0.29068285,7.363051E-5
1675934364617146461,0.19925791,-0.26962256,-0.06473621
1675934364819696305,-0.5475678,-0.3274511,0.0076367166
1675934365021731513,0.08709148,0.04756164,0.021424813
1675934365223256721,0.18424807,0.15193224,-0.033320304
1675934365435821409,0.028681193,0.12057451,0.084431134
1675934365638022555,-0.17069343,-0.0027038038,-0.03971984
1675934365840456982,0.019663665,0.044361867,0.008742093
1675934366043402919,0.088313214,0.15815724,0.0302678
1675934366235629742,-0.03932841,0.19242382,-0.014936188
1675934366437654742,-0.049160425,0.23803507,0.0046114833
1675934366640040679,0.040898487,0.28550798,0.01508345
1675934366842650158,-0.009774197,0.22517784,-0.0017880514
1675934367053857814,-0.05177842,0.1650222,-0.013249039
1675934367257602033,0.008493566,0.18934044,-0.0042896885
1675934367459653335,0.0116351545,0.22267617,0.0028661552
1675934367660497762,-0.03193986,0.2332063,-0.009758381
1675934367865046981,-0.010355974,0.2420493,-0.0050459974
1675934368056177293,0.016929317,0.231461,-0.005104175
1675934368257994376,-0.011519527,0.19236568,-0.015750675
1675934368460210731,-0.0159992,0.17305067,-0.016448801
1675934368663317658,0.0033157594,0.16513854,-0.008711187
1675934368874533647,-0.0098905545,0.12458876,-0.010223802
1675934369075985053,-0.015417425,0.07246165,-0.011387354
1675934369278365053,0.007795434,0.036507893,-0.006733147
1675934369480238959,0.006166462,0.0043938626,-0.0058604823
1675934369673634584,-0.006516254,-0.021204276,-0.003882446
1675934369877146824,-4.6578562E-4,-0.0351669,9.46295E-4
1675934370086629324,-0.0014548027,-0.054714568,0.004320595
1675934370288524636,-0.0108213965,-0.07385501,8.2993973E-4
1675934370488769636,-0.004130971,-0.07449496,1.318086E-4
1675934370694838594,0.0013958998,-0.064197525,0.0013535381
1675934370896958646,-0.0043636835,-0.054074626,9.46295E-4
1675934371100065313,-0.004189149,-0.04284634,0.0013535381
1675934371303072084,-3.6228448E-7,-0.035923216,0.0035061098
1675934371494183281,-0.004654571,-0.03382881,0.0033315765
1675934371697165365,-0.0073307385,-0.024636757,0.0016444254
1675934371898757031,-0.005119993,-0.0047981953,0.002109846
1675934372100756875,-0.006516256,0.01771653,0.0015280704
1675934372303555417,-0.009250598,0.03703149,5.9722934E-4
1675934372514759948,-0.0071562096,0.078395754,-0.003358847
1675934372720148385,-0.010705039,0.14640535,-0.0074894563
1675934372924710104,-0.015708314,0.18445352,-0.0138308145
1675934373122481822,0.010704314,0.18776965,-0.023721002
1675934373318159322,0.03612792,0.24175842,0.0668615
1675934373517864791,-0.06114501,0.3236725,0.036434624
1675934373729583541,-0.09273545,0.385748,-0.017903244
1675934373932014114,-0.0062253647,0.39232203,0.06971221
1675934374133542239,0.012216931,0.30348495,-0.13600375
1675934374335510572,0.017045671,0.1673493,-0.06182732
1675934374538266770,0.035197083,0.058789916,-0.17184114
1675934374731306770,-0.012217658,-0.0043327753,0.06878135
1675934374932598957,-0.009716023,0.05122683,-0.028200675
1675934375135954426,-0.03804851,0.07961748,-0.008362121
1675934375336959947,-0.05398916,0.06559669,0.02863883
1675934375548952186,0.012856884,0.038195044,-0.004347866
1675934375752418749,0.044389144,0.016843867,0.008393027
1675934375954931405,0.009657117,0.016378446,0.011418261
1675934376157024842,-0.004538216,0.050586876,-0.0039988006
1675934376349606717,-0.014137518,0.06594575,0.021482987
1675934376550971561,-0.02513309,0.03394808,0.01072013
1675934376753308123,-0.022805981,-0.0036346454,0.0035642863
1675934376955764061,0.003257583,0.006081013,0.00635681
1675934377167675727,0.010064361,0.050179627,0.0050769052
1675934377370396144,-0.005178168,0.08985675,0.008858451
1675934377571655779,-0.009134242,0.0941037,0.01101102
1675934377774123435,-0.010705043,0.052972157,0.004087885
1675934377976962289,-0.012392191,-0.0014820744,0.0051350817
1675934378170060935,-0.006923497,-0.0177718,-0.0043478664
1675934378372354320,-0.0048872824,0.014458586,-0.0031261367
1675934378573712393,-0.0108795725,0.05756819,-0.0063840807
1675934378776701716,-0.009657841,0.06670207,-0.0065004365
1675934378985245570,-0.0017456901,0.032319106,-0.004929642
1675934379185357706,0.0026758062,-0.019633483,-0.0061513707
1675934379385323539,0.0016286098,-0.054016445,-0.0052205296
1675934379585009945,-0.0026183533,-0.058554288,-0.0031843144
1675934379797258747,-0.0066326107,-0.046395175,-3.3361214E-4
1675934379998982966,-0.005701767,-0.036621347,9.46295E-4
1675934380201347080,8.723005E-4,-0.036272276,2.481638E-4
1675934380403664007,0.0057592187,-0.039064795,-0.0010317432
1675934380597570570,0.003257583,-0.035574134,-3.917897E-4
1675934380798285830,-3.6228448E-7,-0.02481129,5.9722934E-4
1675934381000461038,-0.004538216,-0.017539091,0.002982511
1675934381202512444,-0.0066907867,-0.019109884,0.0026334445
1675934381415538903,-0.002851063,-0.021611523,0.0014117155
1675934381617029163,0.0011050114,-0.016433716,0.0023425568
1675934381819769580,0.0011050114,-0.0030528705,0.0014698928
1675934382021887861,-0.0015711566,0.011898773,0.0029825107
1675934382224918850,-0.0034910184,0.019287322,0.0046114833
1675934382417230986,-0.0043636826,0.016436625,0.0030988657
1675934382618641975,-0.0053527015,0.010095267,0.0015862478
1675934382821161663,-0.0039564394,0.0110842865,0.0011790053
1675934383023422548,-0.0028510639,0.021265361,2.481638E-4
1675934383235288746,-0.0043636826,0.031446442,0.0011790051
1675934383437690569,-0.005585413,0.033540834,0.0010626501
1675934383639650256,-0.0037819059,0.026675882,4.8087418E-4
1675934383842152443,-0.0029092417,0.014691295,1.5453435E-5
1675934384034668120,-0.0033746627,0.004626573,-0.0021371176
1675934384237789631,-0.0047127497,0.001310451,-0.0013808088
1675934384439238902,-0.004712748,0.0024740023,-0.001206276
1675934384641534995,-0.004596393,0.0017758711,-7.9903286E-4
1675934384851147547,-0.0043636826,-0.0045073098,-6.245001E-4
1675934385051896818,-0.002385642,-0.0133503005,-6.245001E-4
1675934385251447495,-0.0014548008,-0.021087924,3.64519E-4
1675934385451475880,-0.0019202228,-0.025276706,3.64519E-4
1675934385663148953,-0.0044800392,-0.026847498,0.0011208277
1675934385865181193,-0.0028510639,-0.024287691,0.0012371828
1675934386067458745,-0.0015129796,-0.022251476,0.0014117155
1675934386269425047,-0.0024438198,-0.019575303,9.46295E-4
1675934386461811244,-0.0020365766,-0.013641192,5.9722934E-4
1675934386664394942,-0.0024438207,-0.0061944583,0.0014698931
1675934386866609369,-0.0034328406,4.3778657E-4,0.0012371828
1675934387068883900,-0.0043636826,0.004801106,0.0014698931
1675934387271522025,-0.004712748,0.0077099847,0.0012371828
1675934387483456505,-0.0031419513,0.012189662,1.8998623E-4
1675934387685455671,-0.0039564394,0.017832886,7.717621E-4
1675934387887565306,-0.004712748,0.02347611,-2.7543452E-4
1675934388090110150,-0.003723728,0.027432187,-4.272416E-5
1675934388282439056,-0.0043636826,0.026966766,4.2269655E-4
1675934388484671817,-0.004596393,0.023767004,-9.735656E-4
1675934388687408744,-0.0043055047,0.019869102,-2.1725695E-4
1675934388889583639,-0.00418915,0.016960222,-3.3361214E-4
1675934389101270723,-0.0037819059,0.013934987,-6.245001E-4
1675934389304082025,-0.0033746618,0.009397136,3.0634136E-4
1675934389506775462,-0.0030837744,0.0030557783,1.5453435E-5
1675934389708578327,-0.0025601755,-0.0036346454,1.318086E-4
1675934389900436608,-0.0028510639,-0.009743289,7.717621E-4
1675934390103807754,-0.0028510639,-0.0152119845,7.135846E-4
1675934390305205722,-0.0024438198,-0.018702647,0.0012371828
1675934390507373430,-0.0020365766,-0.020797035,0.0014698928
1675934390709621503,-0.0020947545,-0.02265872,0.0013535378
1675934390917757857,-0.0026765312,-0.022891428,0.0014117155
1675934391118019107,-0.001396623,-0.022251477,0.0014117155
1675934391317592961,-0.0012802691,-0.020331612,0.0017026035
1675934391528294107,-0.0025601764,-0.019458951,0.0014698928
1675934391730692805,-0.0026765312,-0.01521199,0.0013535381
1675934391933171451,-0.0029092417,-0.009685112,0.0015280704
1675934392136218065,-0.0032001291,-0.0038091762,5.3905183E-4
1675934392338121555,-0.003665551,0.0013686283,0.0013535378
1675934392530343065,-0.00418915,0.005557415,6.5540697E-4
1675934392732685253,-0.0033164849,0.008931715,1.5453435E-5
1675934392935222909,-0.0040146164,0.011026109,7.717621E-4
1675934393137452127,-0.0049454593,0.013295036,-2.7543452E-4
1675934393348930981,-0.0048872824,0.015738495,-1.5907935E-4
1675934393551290304,-0.00418915,0.01783289,-1.5907935E-4
1675934393753632908,-0.004247328,0.017716533,-3.3361214E-4
1675934393955726137,-0.0040146164,0.015913026,1.5453435E-5
1675934394148422544,-0.00418915,0.013411388,7.363103E-5
1675934394350882804,-0.004130972,0.01003709,1.318086E-4
1675934394553054887,-0.0043055047,0.0066627897,2.481638E-4
1675934394755420043,-0.0039564394,0.0027067126,1.318086E-4
1675934394967390564,-0.0030837744,-7.839438E-4,3.64519E-4
1675934395169887491,-0.0029674196,-0.003343756,3.0634136E-4
1675934395372449210,-0.0033164849,-0.00497273,8.8811736E-4
1675934395574817699,-0.0030255965,-0.006776237,0.0010626501
1675934395776394210,-0.0022692871,-0.00927787,0.0011208277
1675934395968831241,-0.0031419522,-0.012535816,0.0015280704
1675934396171015199,-0.0034328396,-0.014281144,0.0010044725
1675934396373384157,-0.0020365766,-0.012535816,4.8087418E-4
1675934396578884678,-0.0020365766,-0.010092354,0.0012953605
1675934396786792803,-0.0037819059,-0.007183478,7.717621E-4
1675934396984725407,-0.002269288,-0.004332776,5.3905183E-4
1675934397184403220,-0.0024438207,-0.0035182883,0.0015280704
1675934397384929365,-0.0035491954,-0.0029365125,3.64519E-4
1675934397595797178,-0.002792886,-5.5123284E-4,7.135846E-4
1675934397798346292,-0.0037819059,0.00253218,0.0017607809
1675934398001219469,-0.0033746618,0.0057319477,-4.499673E-4
1675934398204290615,-0.0025601755,0.007419099,8.2993973E-4
1675934398396906813,-0.0044218604,0.0066627897,7.717621E-4
1675934398598694886,-0.0034328396,0.00759363,-6.245001E-4
1675934398801096396,-0.0029092417,0.0082335835,9.46295E-4
1675934399002811344,-0.0030837744,0.006720967,-4.499673E-4
1675934399214007646,-0.004072794,0.004277508,5.3905183E-4
1675934399416204156,-0.00465457,0.0021831142,7.717621E-4
1675934399628858844,-0.0025601746,0.001310451,-6.245001E-4
1675934399820859052,-0.0025019986,-8.5812295E-5,7.135846E-4
1675934400023853687,-0.0043636826,-0.0030528682,1.8998623E-4
1675934400216802750,3.7324615E-4,-0.0064111697,-4.6178463E-4
1675934400419916031,9.5502194E-4,-0.0074583683,0.0013998981
1675934400625196864,-3.248863E-4,-0.009610942,3.6361162E-6
1675934400823077802,3.7324522E-4,-0.011647153,5.85412E-4
1675934401035574833,-8.4848516E-4,-0.013043416,0.0019816738
1675934401238127697,5.477797E-4,-0.011588979,3.6361162E-6
1675934401439879312,0.0012459103,-0.009960007,6.4358965E-4
1675934401641493478,-0.001837505,-0.00937823,3.5270164E-4
1675934401834026134,1.4053565E-4,-0.006294814,-8.690278E-4
1675934402036594416,0.0022931052,-0.0029786932,4.690569E-4
1675934402238709259,-0.0020702155,-0.0024550948,-5.454151E-5
1675934402441319051,-2.6670843E-4,-0.0011751879,-7.526726E-4
1675934402650620353,0.0018276852,0.0029554218,7.017674E-4
1675934402850769311,-0.0015466176,0.0020245798,-1.1271908E-4
1675934403050526915,-3.8306322E-4,0.0028972437,-0.001276271
1675934403250355144,0.0013622651,0.004758928,3.5270164E-4
1675934403462732905,-0.0010811957,0.00470075,3.6361162E-6
1675934403664585457,-3.8306322E-4,0.00516617,-0.0013344486
1675934403866832384,-5.575968E-4,0.004351684,4.690569E-4
1675934404069294050,-4.9941894E-4,0.002722711,-2.2907427E-4
1675934404261989467,0.0011295555,0.0015591591,-6.9449504E-4
1675934404464047592,-2.085315E-4,-8.8429986E-4,6.4358965E-4
1675934404666299310,-6.1577465E-4,-0.0014078976,-4.6178463E-4
1675934404868099935,0.0010713767,-0.0021642067,6.181374E-5
1675934405071031862,-3.399793E-5,-0.0044913096,0.001458075
1675934405282159466,3.7324615E-4,-0.0070511233,-6.363174E-4
1675934405484796185,0.0011877324,-0.008272856,7.5994467E-4
1675934405687396810,3.7324522E-4,-0.009610942,2.94524E-4
1675934405889598841,4.8960093E-4,-0.009494585,-3.4542946E-4
1675934406082207227,4.3142308E-4,-0.008738276,0.0016326086
1675934406284747747,8.2356855E-5,-0.008156499,4.690569E-4
1675934406486619206,6.641336E-4,-0.008680099,1.1999125E-4
1675934406688867331,6.0595665E-4,-0.008621921,0.0010508323
1675934406901071601,8.96845E-4,-0.007691079,-2.2907427E-4
1675934407103839935,2.5689043E-4,-0.0064111697,8.181222E-4
1675934407305606289,-9.06663E-4,-0.0046076663,1.7816888E-4
1675934407507975507,5.477797E-4,-0.0022805613,-1.1271908E-4
1675934407700623841,6.0595665E-4,-0.0019314962,8.181222E-4
1675934407903240820,-0.0010811957,-0.0010588325,-7.526726E-4
1675934408104861497,5.477788E-4,-7.09767E-4,-2.2907427E-4
1675934408307619257,4.3142308E-4,8.0285047E-4,5.85412E-4
1675934408509394569,-9.06663E-4,-1.1635828E-5,-7.526726E-4
1675934408717411653,-6.1577465E-4,-3.6070135E-4,6.181374E-5
1675934408917700923,8.235779E-5,-6.5158936E-4,6.181374E-5
1675934409117561028,8.2356855E-5,-0.0010006549,-6.9449504E-4
1675934409318743319,-6.1577465E-4,-0.0012333652,-1.1271908E-4
1675934409530029257,-3.8306322E-4,-0.0014660752,-6.363174E-4
1675934409732889569,8.235779E-5,-0.0021642067,-2.8725184E-4
1675934409935076965,-5.575968E-4,-0.0029205154,4.690569E-4
1675934410138120246,2.4179928E-5,-0.0035604702,-2.8725184E-4
1675934410329563267,3.7324522E-4,-0.0038513576,-1.1271908E-4
1675934410532612381,1.9871257E-4,-0.0050149076,-5.454151E-5
1675934410735339829,8.2356855E-5,-0.0051312624,-2.2907427E-4
1675934410936555714,4.8960093E-4,-0.0054221507,4.690569E-4
1675934411153655402,2.4179928E-5,-0.006178459,1.7816888E-4
1675934411354778058,-3.3997E-5,-0.0063529927,3.6361162E-6
1675934411556252485,-3.8306322E-4,-0.005771216,5.272344E-4
1675934411755900714,3.150683E-4,-0.004316779,2.94524E-4
1675934411948067745,3.7324522E-4,-0.0037350028,2.363465E-4
1675934412150350193,2.4179928E-5,-0.003618647,-4.6178463E-4
1675934412352669776,4.3142308E-4,-0.0036768254,-2.8725184E-4
1675934412555559151,1.4053471E-4,-0.0028041604,1.7816888E-4
1675934412757820401,-3.248863E-4,-0.0023969167,-5.454151E-5
1675934412969014672,-4.9941894E-4,-0.0021642062,3.6361162E-6
1675934413171501234,-3.248863E-4,-0.0022805617,-2.2907427E-4
1675934413374318370,-3.399793E-5,-0.003444114,-5.454151E-5
1675934413575641807,-4.4124108E-4,-0.0024550944,-5.454151E-5
1675934413773902588,1.4053565E-4,-0.002222384,-4.0360703E-4
1675934413970243942,1.4053565E-4,-0.0027459827,6.181374E-5
1675934414173254619,8.2356855E-5,-0.0037931802,-2.2907427E-4
1675934414375758057,-5.575968E-4,-0.0050730845,1.7816888E-4
1675934414584285661,-3.248863E-4,-0.004724021,-2.8725184E-4
1675934414784277432,8.235779E-5,-0.0046076654,2.363465E-4
1675934414984054984,-3.248863E-4,-0.005247618,2.363465E-4
1675934415184606963,-1.5035272E-4,-0.005829394,-1.1271908E-4
1675934415396456650,-2.0853058E-4,-0.005713038,5.85412E-4
1675934415598544619,3.7324522E-4,-0.005771217,3.6361162E-6
1675934415800541494,-9.217579E-5,-0.0064111697,6.181374E-5
1675934416003388264,-0.0011393744,-0.0064693475,3.5270164E-4
1675934416195355556,1.4053565E-4,-0.0055966824,-4.0360703E-4
1675934416397403577,4.3142308E-4,-0.0050149085,4.1087926E-4
1675934416599722535,-0.0010811957,-0.004724021,1.1999125E-4
1675934416803324097,-3.248863E-4,-0.0029205151,-1.708967E-4
1675934417015237743,2.4179928E-5,-0.0014660752,6.4358965E-4
1675934417216925920,-9.06663E-4,-0.0022223843,-2.2907427E-4
1675934417418427795,-2.6670843E-4,-0.0024550944,1.1999125E-4
1675934417620703837,-4.9941987E-4,-0.002338739,4.690569E-4
1675934417823296962,-6.739516E-4,-9.424774E-4,-4.6178463E-4
1675934418016174982,-6.739516E-4,-6.981345E-5,3.6361162E-6
1675934418217946857,-6.1577465E-4,-1.8616865E-4,-1.708967E-4
1675934418420230659,-6.739516E-4,-0.0014660757,-4.6178463E-4
1675934418622669566,-3.248863E-4,-0.001815141,-5.199622E-4
1675934418835237638,-9.217579E-5,-0.0027459825,-5.781398E-4
1675934419037318055,-5.575968E-4,-0.0026296275,-1.1271908E-4
1675934419239769357,-4.4124108E-4,-0.0019896736,3.6361162E-6
1675934419441620346,4.8960093E-4,-0.0028623382,3.6361162E-6
1675934419633987482,-5.575968E-4,-0.004374955,6.4358965E-4
1675934419836187846,-6.739516E-4,-0.004316779,-1.1271908E-4
1675934420038366805,4.3142308E-4,-0.0039677126,3.5270164E-4
1675934420240829565,2.4179928E-5,-0.0044331327,2.363465E-4
1675934420450330086,-8.4848516E-4,-0.0060621044,-2.2907427E-4
1675934420650293315,8.235779E-5,-0.0064111697,-1.1271908E-4
1675934420850480450,2.4179928E-5,-0.0063529927,3.6361162E-6
1675934421050956127,-8.4848516E-4,-0.0059457486,-1.708967E-4
1675934421261928731,2.4179928E-5,-0.004898553,-5.454151E-5
1675934421464654981,-2.085315E-4,-0.0046658423,5.85412E-4
1675934421666657898,-7.3212944E-4,-0.0051312624,6.181374E-5
1675934421868136543,3.150683E-4,-0.004374956,1.1999125E-4
1675934422071069773,2.4179928E-5,-0.004200423,9.92655E-4
1675934422264248835,-9.06663E-4,-0.0039677126,-1.708967E-4
1675934422465753470,-5.575968E-4,-0.0035022919,-1.708967E-4
1675934422669509981,-4.4124108E-4,-0.0028041604,1.1999125E-4
1675934422871312429,-7.903073E-4,-0.0028041604,-6.9449504E-4
1675934423083520085,-5.575968E-4,-0.0027459825,-5.454151E-5
1675934423284885710,-7.3212944E-4,-0.0023387393,-2.2907427E-4
1675934423487382064,-8.4848516E-4,-0.0019314955,-2.8725184E-4
1675934423688942897,-2.0853058E-4,-0.0018733183,6.181374E-5
1675934423881812220,-6.1577465E-4,-0.0018733183,2.94524E-4
1675934424084102063,-6.1577465E-4,-0.0018733183,-2.8725184E-4
1675934424286314928,-6.1577465E-4,-0.0027459825,8.181224E-4
1675934424488412740,-9.217579E-5,-0.0035022914,-2.2907427E-4
1675934424700236542,3.150683E-4,-0.003211404,-3.4542946E-4
1675934424902611074,-9.06663E-4,-0.0040840684,1.7816888E-4
1675934425105217323,-7.903073E-4,-0.0037931802,-9.853829E-4
1675934425307502063,-3.248863E-4,-0.0028623382,2.363465E-4
1675934425509904563,-4.9941894E-4,-0.0032695814,1.7816888E-4
1675934425702047271,-9.217486E-5,-0.0037350028,-2.2907427E-4
1675934425904234511,3.150683E-4,-0.004200423,5.272344E-4
1675934426106776073,-7.3212944E-4,-0.0044331336,4.690569E-4
1675934426308757115,-2.0853058E-4,-0.003851358,-5.454151E-5
1675934426517092688,-2.085315E-4,-0.0040258905,3.5270164E-4
1675934426717190448,-6.739516E-4,-0.0049567297,-4.0360703E-4
1675934426917069614,-2.6670843E-4,-0.004665844,-5.454151E-5
1675934427117659979,-3.8306322E-4,-0.004200423,-5.454151E-5
1675934427329875343,-2.085315E-4,-0.0035604697,-3.4542946E-4
1675934427532131906,-5.575968E-4,-0.0030950485,6.181374E-5
1675934427734484666,-5.575968E-4,-0.0035022923,1.7816888E-4
1675934427936438989,-4.4124108E-4,-0.0037931802,1.1999125E-4
1675934428131002114,-5.575968E-4,-0.0035604697,3.6361162E-6
1675934428331445968,-3.248863E-4,-0.0033277592,3.6361162E-6
1675934428533769145,-3.248863E-4,-0.003618647,-2.8725184E-4
1675934428736000655,-4.4124108E-4,-0.003676825,6.181374E-5
1675934428948902218,-4.4124108E-4,-0.0030368709,-2.2907427E-4
1675934429151238728,-2.085315E-4,-0.003036871,6.181374E-5
1675934429352884353,-9.06663E-4,-0.0035604702,3.6361162E-6
1675934429555501801,-6.739516E-4,-0.0037931802,-1.708967E-4
1675934429748012218,-2.6670843E-4,-0.004200423,1.7816888E-4
1675934429950114613,-9.217579E-5,-0.004665843,2.363465E-4
1675934430152377530,-9.217486E-5,-0.0037931802,-2.8725184E-4
1675934430354588207,8.2356855E-5,-0.003851358,5.272344E-4
1675934430564305707,-4.9941894E-4,-0.0039677136,-1.708967E-4
1675934430769436175,-7.3212944E-4,-0.0039677126,3.5270164E-4
1675934430977556957,-6.739516E-4,-0.0039677126,5.272344E-4
1675934431173053207,-3.3997E-5,-0.0041422453,-1.708967E-4
1675934431375540342,-3.8306415E-4,-0.0046076654,2.94524E-4
1675934431568247634,-9.06663E-4,-0.004316779,-5.454151E-5
1675934431770357894,-9.217486E-5,-0.003676825,-2.8725184E-4
1675934431972283310,-2.6670843E-4,-0.003385937,3.6361162E-6
1675934432174700290,-4.9941894E-4,-0.0037931802,-1.1271908E-4
1675934432384159352,2.4179928E-5,-0.003851358,1.1999125E-4
1675934432583950966,-5.575968E-4,-0.0037350028,2.94524E-4
1675934432784448623,-6.1577465E-4,-0.003851358,-1.1271908E-4
1675934432983908102,-2.6670843E-4,-0.0037931802,1.7816888E-4
1675934433195467997,-8.4848516E-4,-0.0040840684,2.363465E-4
1675934433397639924,-2.0853058E-4,-0.0039677136,-3.4542946E-4
1675934433602455185,-1.5035272E-4,-0.0039677126,4.1087926E-4
1675934433801874456,-7.903073E-4,-0.003676825,6.181374E-5
1675934433994586695,-3.248863E-4,-0.0027459827,-5.454151E-5
1675934434202604664,-6.1577465E-4,-0.0032695814,3.5270164E-4
1675934434400509560,-4.4124108E-4,-0.0039095357,-2.2907427E-4
1675934434601994976,1.9871257E-4,-0.0039095357,-5.454151E-5
1675934434803819507,-9.217579E-5,-0.004374956,1.1999125E-4
1675934435016453049,-5.575968E-4,-0.0044331336,-2.8725184E-4
1675934435218933361,-6.1577465E-4,-0.0039677126,6.181374E-5
1675934435420543882,8.2356855E-5,-0.0054221516,-2.2907427E-4
1675934435623387111,-6.739516E-4,-0.0046076654,-2.8725184E-4
1675934435815251226,-3.8306322E-4,-0.004142246,-5.454151E-5
1675934436017552632,-1.5035272E-4,-0.0040840684,3.6361162E-6
1675934436219788517,-2.6670843E-4,-0.0039095357,6.181374E-5
1675934436422048673,2.5689043E-4,-0.0037931802,-4.0360703E-4
1675934436633950184,-2.085315E-4,-0.0046076644,4.1087926E-4
1675934436836462579,-7.903073E-4,-0.005363973,-1.1271908E-4
1675934437038622684,-3.248863E-4,-0.0050730864,3.6361162E-6
1675934437240859402,-1.5035272E-4,-0.004898553,6.181374E-5
1675934437433167788,-3.8306415E-4,-0.004724021,-2.2907427E-4
1675934437641257475,-3.248863E-4,-0.0040258905,6.181374E-5
1675934437837839975,1.4053471E-4,-0.0035604702,-1.708967E-4
1675934438040268985,-9.217579E-5,-0.003676825,1.1999125E-4
1675934438242730808,-5.575968E-4,-0.0040258905,-1.1271908E-4
1675934438450523308,-7.903073E-4,-0.0041422453,5.272344E-4
1675934438650301277,-7.903073E-4,-0.004840376,2.363465E-4
1675934438850147995,-7.903073E-4,-0.0050149085,-5.454151E-5
1675934439061503308,-2.6670843E-4,-0.004258601,-5.454151E-5
1675934439263590651,2.5689043E-4,-0.0032695814,-2.2907427E-4
1675934439465918412,-4.9941987E-4,-0.0030950485,2.363465E-4
1675934439667930860,2.4179928E-5,-0.0029205154,-2.2907427E-4
1675934439871163099,1.4053471E-4,-0.0037350028,4.690569E-4
1675934440064104766,-9.06663E-4,-0.0045494866,-1.708967E-4
1675934440266264349,-5.575968E-4,-0.0049567306,4.1087926E-4
1675934440468557109,1.9871257E-4,-0.0040840684,5.272344E-4
1675934440672581380,2.5689043E-4,-0.003676825,-5.781398E-4
1675934440882257890,-0.001372085,-0.0042586,3.6361162E-6
1675934441083993880,-0.0014302619,-0.004374956,2.94524E-4
1675934441286744921,3.150683E-4,-0.0027459827,2.363465E-4
1675934441488200130,-2.6670843E-4,-0.0032695814,7.5994467E-4
1675934441680772942,-0.0011393744,-0.005305795,3.6361162E-6
1675934441883510494,-3.248863E-4,-0.0050149085,1.7816888E-4
1675934442085779140,7.2231144E-4,-0.003676825,7.599449E-4
1675934442287928254,-3.8306322E-4,-0.003618647,-3.4542946E-4
1675934442500161171,-7.3212944E-4,-0.003851358,3.6361162E-6
1675934442702054869,-9.217486E-5,-0.003676825,6.181374E-5
1675934442904347994,-3.399793E-5,-0.0037350028,3.6361162E-6
1675934443107128254,-6.739516E-4,-0.004200423,-5.454151E-5
1675934443308841639,-3.8306322E-4,-0.004200424,-1.708967E-4
1675934443502098983,8.2356855E-5,-0.0037350028,2.94524E-4
1675934443703893983,-2.6670843E-4,-0.003385937,3.6361162E-6
1675934443905826118,-9.6483994E-4,-0.0035022923,4.1087926E-4
1675934444109877837,-9.217486E-5,-0.0035604702,-5.454151E-5
1675934444316910129,3.7324522E-4,-0.0041422453,1.1999125E-4
1675934444517149139,-4.9941894E-4,-0.00518944,1.1999125E-4
1675934444716586795,-5.575968E-4,-0.004724021,1.1999125E-4
1675934444916930337,-1.5035272E-4,-0.0037931802,2.94524E-4
1675934445129998983,-3.3997E-5,-0.0034441145,-2.2907427E-4
1675934445332423774,-5.575968E-4,-0.003851358,6.4358965E-4
1675934445533765128,-7.3212944E-4,-0.004258601,2.94524E-4
1675934445735910909,-1.5035272E-4,-0.0037931802,1.1999125E-4
1675934445928757420,-2.6670843E-4,-0.0037350028,7.5994467E-4
1675934446131150857,-4.4124108E-4,-0.0039095357,-5.454151E-5
1675934446333467367,-0.001372085,-0.004374956,6.181374E-5
1675934446535973826,-7.3212944E-4,-0.0045494875,-2.2907427E-4
1675934446747765909,2.5689043E-4,-0.0039095357,-3.4542946E-4
1675934446950082263,-6.1577465E-4,-0.003851358,3.5270164E-4
1675934447152132003,-6.1577465E-4,-0.003618647,-2.2907427E-4
1675934447354178200,1.9871257E-4,-0.0028623377,2.363465E-4
1675934447556442315,-0.0011975514,-0.0037350028,5.272344E-4
1675934447749511377,-8.4848516E-4,-0.0039095357,-1.708967E-4
1675934447951751534,0.0011295555,-0.0040258905,4.1087926E-4
1675934448153601794,-1.5035365E-4,-0.004840375,6.4358965E-4
1675934448364891638,-0.0013720831,-0.004724021,-2.8725184E-4
1675934448567793721,1.987135E-4,-0.0029205154,5.272344E-4
1675934448769961742,-3.399793E-5,-0.0028623382,4.690569E-4
1675934448971854971,-9.6483994E-4,-0.0036768254,-2.2907427E-4
1675934449175301116,-2.6670843E-4,-0.0040840684,1.7816888E-4
1675934449367893773,1.9871257E-4,-0.0040258905,1.1999125E-4
1675934449569853095,-8.4848516E-4,-0.003851358,-1.1271908E-4
1675934449771619293,-2.6670843E-4,-0.0034441145,-1.1271908E-4
1675934449973884918,3.150683E-4,-0.0037931802,3.5270164E-4
1675934450183644137,-6.1577465E-4,-0.004316779,1.1999125E-4
1675934450383518824,-5.575968E-4,-0.0037350024,-1.1271908E-4
1675934450583323720,6.0595665E-4,-0.002396917,-5.454151E-5
1675934450783576741,-6.739516E-4,-0.003095049,4.1087926E-4
1675934450995703980,-0.0013139062,-0.0035604697,-5.454151E-5
1675934451197138511,2.5689043E-4,-0.003676825,5.272344E-4
1675934451399288355,-2.085315E-4,-0.0044331327,1.1999125E-4
1675934451602031532,-9.06663E-4,-0.0048985546,3.6361162E-6
1675934451804263720,3.7324522E-4,-0.003036871,1.1999125E-4
1675934451996440907,0.0010713767,-0.001815141,4.1087926E-4
1675934452198848251,-9.06663E-4,-0.0028623382,6.181374E-5
1675934452400843251,-4.4124108E-4,-0.003036871,-2.8725184E-4
1675934452604187105,2.4179928E-5,-0.0037931807,2.94524E-4
1675934452815362053,-7.903073E-4,-0.004840375,2.363465E-4
1675934453019773563,-4.9941894E-4,-0.004142246,-1.708967E-4
1675934453221847938,8.235779E-5,-0.0039677126,6.4358965E-4
1675934453422804761,-9.06663E-4,-0.0040258914,-1.1271908E-4
1675934453614789188,-3.8306322E-4,-0.0032695814,-3.4542946E-4
1675934453816929240,1.9871257E-4,-0.0028623382,1.7816888E-4
1675934454019389396,-9.06663E-4,-0.0037350028,-5.454151E-5
1675934454221896739,-9.06663E-4,-0.004142246,2.363465E-4
1675934454433345385,-3.248863E-4,-0.004258601,3.6361162E-6
1675934454635910333,-6.739516E-4,-0.0046076654,1.1999125E-4
1675934454838446114,-2.6670843E-4,-0.0044331336,-1.708967E-4
1675934455040421375,-3.3997E-5,-0.0035022919,2.94524E-4
1675934455242722572,-4.41242E-4,-0.0025714498,-5.454151E-5
1675934455435164031,-4.4124108E-4,-0.002687805,-2.2907427E-4
1675934455637295645,-3.3997E-5,-0.0035604702,3.5270164E-4
1675934455840371999,-7.903073E-4,-0.004665843,2.94524E-4
1675934456041693301,-3.3997E-5,-0.0039677126,-3.4542946E-4
1675934456250702937,5.337782E-4,1.4198851E-4,5.2432576E-4
1675934456449795020,-3.970638E-4,8.4012025E-4,5.890499E-5
1675934456649692207,8.246666E-4,0.0016546065,-4.0651573E-4
1675934456850488822,5.919561E-4,0.0011891855,6.4068113E-4
1675934457062936009,-1.6435329E-4,-9.072246E-5,-7.555813E-4
1675934457265277884,-1.6435329E-4,-2.6525557E-4,7.2747935E-7
1675934457467243561,4.1742343E-4,2.5632791E-5,-1.1562777E-4
1675934457669714811,-2.8070807E-4,-9.072246E-5,-3.483381E-4
1675934457862334967,-3.3888593E-4,4.9105426E-4,-5.7450146E-5
1675934458064377050,0.0010573771,0.001538252,-5.228709E-4
1675934458266676790,3.5924558E-4,0.0011310079,7.2747935E-7
1675934458469346894,-6.8795215E-4,8.982979E-4,7.2747935E-7
1675934458681584550,4.1742343E-4,3.7469855E-4,-2.9016053E-4
1675934458883783352,4.7560036E-4,-2.0707678E-4,7.2747935E-7
1675934459086148769,-9.2066266E-4,-0.0016615144,-2.9016053E-4
1675934459288018821,-4.799757E-5,-3.816099E-4,-2.9016053E-4
1675934459480604862,0.0010573771,0.0012473636,4.6614814E-4
1675934459683478248,1.0179356E-5,0.0010728305,1.7526024E-4
1675934459885169185,1.2653507E-4,8.401198E-4,-5.7450146E-5
1675934460087238404,8.8284444E-4,-3.25446E-5,5.2432576E-4
1675934460292867362,6.8357214E-5,-8.4702997E-4,-1.1562777E-4
1675934460504119914,-3.970638E-4,-0.0010797405,5.890499E-5
1675934460706923820,3.0106772E-4,-2.0707725E-4,1.7526024E-4
1675934460906451685,6.8357214E-5,2.001659E-4,-1.1562777E-4
1675934461108358351,2.4289079E-4,7.2376477E-4,5.890499E-5
1675934461301579653,5.3377915E-4,0.0012473636,-5.7450146E-5
1675934461506341112,3.592465E-4,0.0011891858,2.3343775E-4
1675934461708672362,-2.8070807E-4,2.5834376E-4,7.2747935E-7
1675934461908583768,-5.7159644E-4,-1.4889939E-4,3.49793E-4
1675934462116798716,-1.6435329E-4,-1.4889985E-4,-1.7380534E-4
1675934462316476684,1.0180287E-5,-3.816099E-4,5.890499E-5
1675934462519746476,1.0180287E-5,-9.072153E-5,-2.9016053E-4
1675934462717905070,7.664887E-4,0.0012473636,1.7526024E-4
1675934462931820694,6.8357214E-5,0.0015964287,2.9161538E-4
1675934463134270121,1.0180287E-5,0.0010146529,-1.1562777E-4
1675934463333656944,-4.799757E-5,1.4198897E-4,2.3343775E-4
1675934463535969548,2.4288986E-4,-0.0017196927,1.7526024E-4
1675934463729961371,1.0180287E-5,-7.3067425E-4,-4.0651573E-4
1675934463933770642,3.592465E-4,2.5834376E-4,2.3343775E-4
1675934464135714704,-5.134195E-4,8.982979E-4,4.0797063E-4
1675934464335440590,5.337782E-4,0.0011891858,-2.9016053E-4
1675934464537658246,8.246666E-4,8.401198E-4,5.2432576E-4
1675934464750376788,-5.134195E-4,-6.143199E-4,2.9161538E-4
1675934464951142204,-3.970638E-4,-7.888521E-4,-1.1562777E-4
1675934465161626683,2.4289079E-4,-1.4889985E-4,6.988584E-4
1675934465359223037,6.5013487E-4,8.3810184E-5,-3.483381E-4
1675934465551528350,-3.3888593E-4,2.0016544E-4,-5.7450146E-5
1675934465751589912,-6.8795215E-4,5.492321E-4,-1.1562777E-4
1675934465953770016,1.2653507E-4,0.0015964294,-8.137589E-4
1675934466154911266,-4.5524165E-4,7.2376453E-4,5.2432576E-4
1675934466375646370,-0.0015024394,1.4198851E-4,-5.228709E-4
1675934466572785172,4.756013E-4,-2.0707725E-4,-2.3198297E-4
1675934466773333245,4.1742343E-4,2.5632791E-5,2.3343775E-4
1675934466975972672,-7.4613094E-4,7.2376477E-4,-5.7450146E-5
1675934467166852776,6.8357214E-5,0.0014800739,2.3343775E-4
1675934467368690380,8.246666E-4,0.0021200273,-1.7380534E-4
1675934467577868661,6.8357214E-5,2.5633723E-5,1.17082614E-4
1675934467774047359,-1.0617543E-4,-0.0011379169,1.7526024E-4
1675934467976321734,7.6648965E-4,-3.2343203E-4,5.890499E-5
1675934468187076890,-1.0617543E-4,4.328764E-4,3.49793E-4
1675934468387140015,-6.2977336E-4,9.564755E-4,2.3343775E-4
1675934468583734807,5.3377915E-4,0.0010728305,-2.3198297E-4
