1675934336698585170
1675934336737445586
1675934336777610638
1675934336817965170
1675934336857365951
1675934336917408555
1675934336957325638
1675934336997363295
1675934337037474440
1675934337077362513
1675934337117369336
1675934337177235951
1675934337217299857
1675934337257191107
1675934337297608190
1675934337337292513
1675934337387426367
1675934337437259805
1675934337477294805
1675934337517325065
1675934337557443867
1675934337597315794
1675934337657303659
1675934337697334961
1675934337737286992
1675934337777284440
1675934337817310794
1675934337857289128
1675934337917828763
1675934337957267253
1675934337997371523
1675934338037281315
1675934338077235898
1675934338138714909
1675934338177341627
1675934338217290586
1675934338257168919
1675934338297059492
1675934338337098607
1675934338397059752
1675934338437046419
1675934338477033971
1675934338516991627
1675934338557105273
1675934338597182513
1675934338657119388
1675934338697053867
1675934338737108606
1675934338777046627
1675934338817055846
1675934338877136888
1675934338917170169
1675934338957053554
1675934338997019856
1675934339037206679
1675934339077015117
1675934339137273971
1675934339177115377
1675934339217049700
1675934339257051002
1675934339297012773
1675934339337192252
1675934339397050273
1675934339437016835
1675934339477002096
1675934339517069648
1675934339557089544
1675934339617017669
1675934339657014491
1675934339697010741
1675934339737493085
1675934339777035533
1675934339816963189
1675934339876965585
1675934339916965846
1675934339957040950
1675934339997380585
1675934340037208971
1675934340077034700
1675934340137059231
1675934340177003502
1675934340217093866
1675934340257071939
1675934340297000845
1675934340357015220
1675934340397215689
1675934340436998866
1675934340477012043
1675934340516953970
1675934340557010845
1675934340617009647
1675934340657155585
1675934340697124543
1675934340737152981
1675934340777008970
1675934340816965949
1675934340877309179
1675934340917192981
1675934340957398293
1675934340997285741
1675934341037267303
1675934341097328814
1675934341137261887
1675934341177267512
1675934341217278189
1675934341257402512
1675934341297425585
1675934341357285428
1675934341397253033
1675934341437291939
1675934341477314907
1675934341517448241
1675934341557344074
1675934341617665793
1675934341657395793
1675934341697628345
1675934341737295689
1675934341777171418
1675934341837573084
1675934341877575793
1675934341917592043
1675934341957156157
1675934341997342407
1675934342037397407
1675934342097317407
1675934342137316470
1675934342177103345
1675934342217329907
1675934342257309386
1675934342297547720
1675934342357308865
1675934342397043397
1675934342437242407
1675934342477248136
1675934342517262407
1675934342577274074
1675934342617042563
1675934342656894386
1675934342696952615
1675934342737021626
1675934342777316522
1675934342837127251
1675934342876966938
1675934342917039282
1675934342957344542
1675934342997301365
1675934343047733501
1675934343097310428
1675934343137337563
1675934343177556417
1675934343217269230
1675934343257317146
1675934343317282615
1675934343357368032
1675934343397259698
1675934343437251157
1675934343477473136
1675934343517391678
1675934343577176625
1675934343617357511
1675934343657601730
1675934343697004490
1675934343738044542
1675934343787694282
1675934343837491313
1675934343877699594
1675934343917203032
1675934343957238709
1675934343997654490
1675934344057225063
1675934344097273813
1675934344136957094
1675934344177335948
1675934344217280792
1675934344257511052
1675934344316913761
1675934344357361573
1675934344397513969
1675934344437519021
1675934344477496573
1675934344537318708
1675934344577129854
1675934344617623344
1675934344657357823
1675934344697742979
1675934344737949125
1675934344797239073
1675934344837226469
1675934344877540740
1675934344917481208
1675934344957492875
1675934344997690114
1675934345057291885
1675934345097239281
1675934345137250166
1675934345177267458
1675934345217390010
1675934345277366104
1675934345317283396
1675934345357328552
1675934345397381156
1675934345437367614
1675934345477336989
1675934345537525635
1675934345577278187
1675934345617289073
1675934345657629385
1675934345696946573
1675934345738060791
1675934345797290531
1675934345837574593
1675934345877265947
1675934345917745583
1675934345957537718
1675934346017540999
1675934346057678031
1675934346097508656
1675934346137555687
1675934346177490583
1675934346217474645
1675934346277521572
1675934346318270739
1675934346357304176
1675934346397683031
1675934346437547093
1675934346477463187
1675934346536956520
1675934346576942770
1675934346617317978
1675934346658055478
1675934346698119905
1675934346757875010
1675934346798004333
1675934346837725791
1675934346877332978
1675934346917343447
1675934346957260062
1675934347017273968
1675934347057300739
1675934347097355478
1675934347137314384
1675934347177286103
1675934347217120426
1675934347277457249
1675934347317002822
1675934347357374801
1675934347397364697
1675934347436906364
1675934347497301572
1675934347537294020
1675934347577256468
1675934347617274749
1675934347657290634
1675934347697427301
1675934347757219280
1675934347797638343
1675934347837528134
1675934347877395895
1675934347917193186
1675934347957165218
1675934348017229488
1675934348057307092
1675934348097388134
1675934348137179332
1675934348177169280
1675934348237156103
1675934348276902822
1675934348317146780
1675934348357130113
1675934348397529853
1675934348437230113
1675934348496969957
1675934348537255478
1675934348577235530
1675934348617227144
1675934348657200634
1675934348697215061
1675934348757238186
1675934348797227926
1675934348837145321
1675934348877179748
1675934348917193759
1675934348977200373
1675934349017190842
1675934349057214852
1675934349097226988
1675934349137221311
1675934349177338759
1675934349237201571
1675934349277242717
1675934349317184592
1675934349357200425
1675934349397219488
1675934349447144175
1675934349497205998
1675934349537290998
1675934349577221831
1675934349617183654
1675934349657051467
1675934349717169175
1675934349757400113
1675934349797395217
1675934349837258915
1675934349876901311
1675934349917215008
1675934349977193602
1675934350017528081
1675934350057241154
1675934350097137873
1675934350137434800
1675934350187872560
1675934350237481050
1675934350277163446
1675934350317058029
1675934350357278602
1675934350397228446
1675934350457757300
1675934350497857769
1675934350537433810
1675934350577192873
1675934350617594227
1675934350657552456
1675934350717410008
1675934350757511310
1675934350797120633
1675934350837031935
1675934350877368341
1675934350937172977
1675934350976933966
1675934351017041414
1675934351057141050
1675934351097144695
1675934351137171675
1675934351197094070
1675934351237228810
1675934351277439383
1675934351316903133
1675934351357137716
1675934351396861414
1675934351457189018
1675934351497428862
1675934351537387039
1675934351577017456
1675934351616941414
1675934351677269070
1675934351717190268
1675934351757174435
1675934351797240268
1675934351836943393
1675934351877284904
1675934351937309643
1675934351977195789
1675934352017065528
1675934352057124435
1675934352097131258
1675934352137086883
1675934352197085320
1675934352237044435
1675934352277144174
1675934352317055997
1675934352357026466
1675934352417012976
1675934352457052976
1675934352496840216
1675934352537213862
1675934352577200216
1675934352617167195
1675934352677243393
1675934352717078862
1675934352756954955
1675934352797290059
1675934352837453861
1675934352877218653
1675934352937343653
1675934352976956934
1675934353017173288
1675934353057298966
1675934353097659695
1675934353157146205
1675934353196967143
1675934353237045632
1675934353277122820
1675934353317147247
1675934353357114747
1675934353417123861
1675934353457020372
1675934353497041778
1675934353537205892
1675934353577232663
1675934353617216465
1675934353677190528
1675934353717151309
1675934353757389278
1675934353797111153
1675934353836913757
1675934353897331934
1675934353937088913
1675934353977358601
1675934354017433965
1675934354057080736
1675934354097219746
1675934354157466361
1675934354197365684
1675934354237693913
1675934354278426882
1675934354317287819
1675934354357622767
1675934354417055267
1675934354457142559
1675934354497033913
1675934354537042871
1675934354577090788
1675934354637035371
1675934354677160527
1675934354717130944
1675934354757161100
1675934354797143079
1675934354837035163
1675934354897040475
1675934354937010736
1675934354977129954
1675934355017263600
1675934355057043913
1675934355097041256
1675934355157105631
1675934355196714694
1675934355237273183
1675934355277272402
1675934355317039433
1675934355377220527
1675934355416966777
1675934355457051881
1675934355497098860
1675934355537031308
1675934355576951308
1675934355637260215
1675934355677274173
1675934355717193756
1675934355757222037
1675934355797171933
1675934355847738600
1675934355897026464
1675934355937200631
1675934355977223964
1675934356017310787
1675934356058429173
1675934356117037662
1675934356157305162
1675934356197244485
1675934356237182350
1675934356277130423
1675934356317038287
1675934356377115006
1675934356417029433
1675934356457051360
1675934356496945266
1675934356537056152
1675934356587715058
1675934356637320527
1675934356677386256
1675934356716969485
1675934356756772297
1675934356797027245
1675934356856952975
1675934356897313079
1675934356937320683
1675934356976948339
1675934357017038860
1675934357057028599
1675934357117114849
1675934357157028860
1675934357197041151
1675934357236958599
1675934357277084224
1675934357337100943
1675934357377058860
1675934357417021151
1675934357456960006
1675934357497034068
1675934357537255422
1675934357596793547
1675934357637059276
1675934357677268235
1675934357717076568
1675934357756960214
1675934357797261360
1675934357857086620
1675934357897288964
1675934357937191203
1675934357977117766
1675934358016787505
1675934358077060318
1675934358117288495
1675934358157248755
1675934358197477922
1675934358237062036
1675934358277091880
1675934358336953078
1675934358377081828
1675934358417484224
1675934358456947661
1675934358497291151
1675934358536932557
1675934358596932974
1675934358636935161
1675934358677373911
1675934358716943963
1675934358756915213
1675934358817922609
1675934358857300578
1675934358897394745
1675934358937346411
1675934358977579067
1675934359017107192
1675934359077470213
1675934359116915942
1675934359157031255
1675934359196955057
1675934359236915630
1675934359277033963
1675934359337362609
1675934359376927974
1675934359417153546
1675934359457867296
1675934359497052401
1675934359557118859
1675934359596906880
1675934359637325265
1675934359676911255
1675934359717037869
1675934359757092192
1675934359816958963
1675934359856964536
1675934359897028130
1675934359936935890
1675934359976950369
1675934360016930265
1675934360076934484
1675934360117334796
1675934360156731984
1675934360196951359
1675934360236950473
1675934360296884484
1675934360336940838
1675934360377270629
1675934360417272661
1675934360457393494
1675934360497289640
1675934360556818286
1675934360597067192
1675934360637046463
1675934360676938494
1675934360716914327
1675934360757187088
1675934360816964327
1675934360856896358
1675934360896938338
1675934360936920681
1675934360976927713
1675934361037065473
1675934361076919692
1675934361116935733
1675934361157155890
1675934361197744587
1675934361236708181
1675934361297118285
1675934361337062608
1675934361376895056
1675934361417075421
1675934361456929848
1675934361496875942
1675934361557120421
1675934361596818441
1675934361636925369
1675934361677180264
1675934361716906931
1675934361776896723
1675934361816896514
1675934361856955993
1675934361896889691
1675934361936935004
1675934361976868493
1675934362036905420
1675934362076917608
1675934362116889483
1675934362156963285
1675934362196941827
1675934362247700577
1675934362296907452
1675934362336898597
1675934362376899483
1675934362417108181
1675934362456917608
1675934362516895264
1675934362556899483
1675934362596650056
1675934362636860837
1675934362676881462
1675934362717122608
1675934362776908858
1675934362816879535
1675934362856867608
1675934362896904170
1675934362936905160
1675934362987292451
1675934363037318649
1675934363077286410
1675934363117233285
1675934363157231930
1675934363196894118
1675934363256906566
1675934363297228180
1675934363337107503
1675934363376840993
1675934363417449274
1675934363456888910
1675934363517081982
1675934363556905159
1675934363596712555
1675934363636836774
1675934363676779534
1675934363736869482
1675934363776870368
1675934363816880368
1675934363856859274
1675934363896960680
1675934363936890420
1675934363996882034
1675934364037248388
1675934364076852920
1675934364117522295
1675934364156893597
1675934364196874899
1675934364256842190
1675934364296727607
1675934364336894170
1675934364377237138
1675934364417185888
1675934364477267086
1675934364517336357
1675934364556888076
1675934364596595472
1675934364637363805
1675934364676899013
1675934364737520732
1675934364777320159
1675934364817230315
1675934364857275680
1675934364897096774
1675934364936914274
1675934364997170107
1675934365036844221
1675934365077214742
1675934365116588492
1675934365156823076
1675934365217142763
1675934365257147138
1675934365296885159
1675934365336774846
1675934365376830732
1675934365416817346
1675934365477130992
1675934365516879117
1675934365556822086
1675934365596833023
1675934365636882086
1675934365677246409
1675934365737249898
1675934365776671096
1675934365816889898
1675934365856888492
1675934365896878075
1675934365956855002
1675934365996827971
1675934366036843700
1675934366076839794
1675934366116781565
1675934366156802919
1675934366216806721
1675934366256815731
1675934366296817554
1675934366336788023
1675934366376913804
1675934366416890315
1675934366476836773
1675934366516852502
1675934366556851460
1675934366596882815
1675934366636867085
1675934366696849325
1675934366736826981
1675934366776827085
1675934366817116773
1675934366857033283
1675934366897033908
1675934366956790627
1675934366996813856
1675934367036787294
1675934367077075419
1675934367117095419
1675934367157055575
1675934367216797450
1675934367256871096
1675934367296823752
1675934367337072658
1675934367376802866
1675934367436815106
1675934367476562085
1675934367516832137
1675934367557086616
1675934367596792502
1675934367636839533
1675934367696820002
1675934367736824012
1675934367776819377
1675934367817082606
1675934367856829429
1675934367896824377
1675934367956798231
1675934367996852866
1675934368036802189
1675934368076814949
1675934368116808022
1675934368176791824
1675934368216846772
1675934368256800106
1675934368296861564
1675934368336582606
1675934368377118387
1675934368437134533
1675934368477123022
1675934368517187449
1675934368556921668
1675934368596851928
1675934368647409689
1675934368697187918
1675934368737275210
1675934368776927605
1675934368817220366
1675934368857253803
1675934368917258178
1675934368957175209
1675934368996876251
1675934369036684064
1675934369076872866
1675934369116789897
1675934369176778491
1675934369216839741
1675934369256753022
1675934369297154584
1675934369337131407
1675934369387498178
1675934369436788282
1675934369477130522
1675934369517256355
1675934369557176407
1675934369597059168
1675934369656814272
1675934369696793959
1675934369736790157
1675934369777260626
1675934369816423334
1675934369857052188
1675934369917212449
1675934369957158022
1675934369996778334
1675934370037262240
1675934370077053438
1675934370137392188
1675934370176801980
1675934370217269688
1675934370257013751
1675934370298280417
1675934370337134532
1675934370397269844
1675934370437256042
1675934370477076980
1675934370517198386
1675934370557021876
1675934370596775886
1675934370656767605
1675934370696789792
1675934370736802605
1675934370776533125
1675934370816578386
1675934370876874584
1675934370916571771
1675934370956662917
1675934370996553750
1675934371036568386
1675934371076567084
1675934371136587552
1675934371176603438
1675934371216648282
1675934371256649219
1675934371296568594
1675934371336758281
1675934371396582761
1675934371436713542
1675934371476768854
1675934371516764584
1675934371556959427
1675934371617636927
1675934371656703281
1675934371696962500
1675934371736776719
1675934371776970000
1675934371816556354
1675934371877039844
1675934371916733333
1675934371957026563
1675934371996736458
1675934372037125052
1675934372077051042
1675934372136759115
1675934372176726875
1675934372216705000
1675934372256760364
1675934372296785469
1675934372357372448
1675934372396727552
1675934372436709010
1675934372476767344
1675934372516818958
1675934372557399791
1675934372616672864
1675934372656723229
1675934372696751406
1675934372736702187
1675934372776436406
1675934372816560312
1675934372876633645
1675934372916583802
1675934372956621718
1675934372996614270
1675934373036554062
1675934373096591458
1675934373136601302
1675934373176738750
1675934373216520885
1675934373256459479
1675934373296587187
1675934373356725937
1675934373396646510
1675934373436805677
1675934373476572343
1675934373516585104
1675934373556589270
1675934373616587031
1675934373656530781
1675934373696782812
1675934373737083853
1675934373776761718
1675934373836739478
1675934373876562708
1675934373916498228
1675934373956512030
1675934373996464062
1675934374036629218
1675934374096522239
1675934374136536249
1675934374176511301
1675934374216521822
1675934374256655207
1675934374296578801
1675934374356734322
1675934374396540364
1675934374436503853
1675934374476567812
1675934374516470155
1675934374576466353
1675934374616555884
1675934374656893228
1675934374696774374
1675934374737232499
1675934374776755259
1675934374836543384
1675934374876855416
1675934374916807238
1675934374956957291
1675934374997149686
1675934375047304999
1675934375096648228
1675934375136816926
1675934375176814426
1675934375216750259
1675934375256710103
1675934375316712134
1675934375356727863
1675934375396494582
1675934375436700728
1675934375476507915
1675934375516548176
1675934375576567342
1675934375616597447
1675934375656544582
1675934375696541822
1675934375737239426
1675934375786906144
1675934375836802342
1675934375876473696
1675934375916464165
1675934375956537290
1675934375996836040
1675934376056509738
1675934376096546353
1675934376136478228
1675934376176538280
1675934376216581353
1675934376256556300
1675934376316465259
1675934376356511248
1675934376396475884
1675934376436553019
1675934376476481040
1675934376536496352
1675934376576644686
1675934376616543332
1675934376656527654
1675934376696474061
1675934376736965519
1675934376796474269
1675934376836493488
1675934376876617394
1675934376916533800
1675934376957618123
1675934376996908904
1675934377056505258
1675934377096574113
1675934377136469894
1675934377176490883
1675934377216551040
1675934377276471092
1675934377316488175
1675934377357330571
1675934377397557081
1675934377436456821
1675934377476447081
1675934377536523540
1675934377576507550
1675934377617100883
1675934377656822185
1675934377696744008
1675934377736594477
1675934377796417289
1675934377836540571
1675934377876484060
1675934377916445154
1675934377956555883
1675934378016520623
1675934378056503800
1675934378096474216
1675934378136454529
1675934378176512758
1675934378216588539
1675934378276437289
1675934378316449946
1675934378356427966
1675934378396511300
1675934378436484945
1675934378476456300
1675934378536469425
1675934378576714060
1675934378616614893
1675934378656484216
1675934378696668695
1675934378756434164
1675934378796469789
1675934378836515883
1675934378876502549
1675934378916460831
1675934378956481508
1675934379017079476
1675934379056444164
1675934379096483174
1675934379136447549
1675934379176471039
1675934379216452862
1675934379276437393
1675934379316360049
1675934379356540831
1675934379396467497
1675934379436651247
1675934379496566195
1675934379536553955
1675934379576412445
1675934379616540258
1675934379656418382
1675934379696504007
1675934379756403799
1675934379796693903
1675934379836612653
1675934379876521559
1675934379916632132
1675934379956445674
1675934380016399007
1675934380056370987
1675934380096522497
1675934380136433695
1675934380176574684
1675934380236419789
1675934380276612549
1675934380316534372
1675934380356563486
1675934380396808018
1675934380436726247
1675934380496966143
1675934380536899945
1675934380576640570
1675934380616336976
1675934380656427497
1675934380696453486
1675934380756663330
1675934380796763330
1675934380836465882
1675934380876460049
1675934380916391299
1675934380976381767
1675934381016538017
1675934381056432653
1675934381096603434
1675934381136432497
1675934381176636299
1675934381236589319
1675934381276395101
1675934381316453226
1675934381356515309
1675934381396448278
1675934381447044476
1675934381496438278
1675934381536437705
1675934381576438694
1675934381616420569
1675934381656564111
1675934381716388382
1675934381756367496
1675934381796386194
1675934381836391298
1675934381876426923
1675934381916455725
1675934381976649736
1675934382016634215
1675934382056666142
1675934382096410465
1675934382136447027
1675934382187374632
1675934382236473590
1675934382276656559
1675934382316422392
1675934382356434527
1675934382396886663
1675934382456576611
1675934382496408850
1675934382536692340
1675934382576549527
1675934382616518486
1675934382656638277
1675934382716424788
1675934382756611142
1675934382796416038
1675934382836401871
1675934382876392965
1675934382936440256
1675934382976451246
1675934383016514267
1675934383056403277
1675934383096332340
1675934383136489787
1675934383196548121
1675934383236713902
1675934383277281714
1675934383316402652
1675934383356417183
1675934383396511037
1675934383456513173
1675934383496401298
1675934383536402860
1675934383576378746
1675934383616592704
1675934383676576506
1675934383716504891
1675934383756452391
1675934383796433485
1675934383836402443
1675934383876521662
1675934383936680360
1675934383976841402
1675934384016454422
1675934384056446350
1675934384096332235
1675934384136380464
1675934384196495725
1675934384236816245
1675934384276359474
1675934384316323641
1675934384356346870
1675934384416508016
1675934384456595464
1675934384496369058
1675934384536358589
1675934384576343329
1675934384616391870
1675934384676442756
1675934384716402547
1675934384756371662
1675934384796373693
1675934384836354839
1675934384876337078
1675934384936451141
1675934384976712755
1675934385016352026
1675934385056337860
1675934385096367599
1675934385156436193
1675934385196561193
1675934385236395568
1675934385276399266
1675934385316375255
1675934385356425932
1675934385416446037
1675934385456435099
1675934385496391505
1675934385536394578
1675934385576365880
1675934385616580151
1675934385676610203
1675934385716560151
1675934385756537807
1675934385796583432
1675934385836442078
1675934385896489005
1675934385936492807
1675934385976489422
1675934386016497963
1675934386056554265
1675934386096505515
1675934386156489734
1675934386196509578
1675934386236469995
1675934386276410620
1675934386316517130
1675934386356728849
1675934386416745776
1675934386456774786
1675934386496633067
1675934386536482078
1675934386576509317
1675934386636419578
1675934386676477599
1675934386716223953
1675934386756494421
1675934386796737078
1675934386836465515
1675934386896519890
1675934386936420307
1675934386976484369
1675934387016716453
1675934387056719161
1675934387096520723
1675934387156570098
1675934387196761661
1675934387236709734
1675934387276684630
1675934387316537130
1675934387376460619
1675934387416682911
1675934387456717182
1675934387496738223
1675934387536764213
1675934387576597754
1675934387636633796
1675934387676469004
1675934387716460723
1675934387756466921
1675934387796508067
1675934387847328431
1675934387896469421
1675934387936669265
1675934387976325775
1675934388016451452
1675934388056640098
1675934388116665567
1675934388156537858
1675934388196456660
1675934388236461973
1675934388276754942
1675934388316476660
1675934388376694160
1675934388416471400
1675934388456438171
1675934388496443431
1675934388536432337
1675934388586906035
1675934388636466192
1675934388676428952
1675934388716451869
1675934388756633223
1675934388796392650
1675934388856742910
1675934388896469941
1675934388936472233
1675934388976486348
1675934389016665202
1675934389056669108
1675934389116675931
1675934389156457077
1675934389196352598
1675934389236374160
1675934389276270723
1675934389336487285
1675934389376475723
1675934389416376191
1675934389456601400
1675934389496553743
1675934389536519264
1675934389596611764
1675934389636538535
1675934389676258535
1675934389716428118
1675934389756226868
1675934389796249681
1675934389856287389
1675934389896264993
1675934389936255722
1675934389976360931
1675934390016252754
1675934390076469993
1675934390116344316
1675934390156210826
1675934390196320358
1675934390236321035
1675934390276292753
1675934390336247806
1675934390376268639
1675934390416290045
1675934390456247076
1675934390496457493
1675934390536308587
1675934390596268899
1675934390636323691
1675934390676246607
1675934390716373118
1675934390756316139
1675934390816245774
1675934390856240149
1675934390896233118
1675934390936652701
1675934390976272232
1675934391016239576
1675934391076232493
1675934391116249836
1675934391156560201
1675934391196426764
1675934391236402753
1675934391276745045
1675934391336421503
1675934391376161191
1675934391416406191
1675934391456396555
1675934391496401659
1675934391556416659
1675934391596355513
1675934391636401607
1675934391676431242
1675934391716401086
1675934391756463847
1675934391816456347
1675934391856381242
1675934391896401972
1675934391936410097
1675934391976413065
1675934392016625461
1675934392076396607
1675934392116408117
1675934392156385201
1675934392196390669
1675934392236440305
1675934392296367336
1675934392336387909
1675934392376405721
1675934392416520982
1675934392456210357
1675934392496387388
1675934392556396971
1675934392596398430
1675934392636778065
1675934392676459523
1675934392716374992
1675934392756390200
1675934392816373638
1675934392856358221
1675934392896375669
1675934392936437023
1675934392976407909
1675934393036495409
1675934393076438586
1675934393116399784
1675934393156518742
1675934393196385409
1675934393236645825
1675934393296553742
1675934393336388638
1675934393376358221
1675934393416369627
1675934393456604679
1675934393496408742
1675934393556388533
1675934393596356658
1675934393636778429
1675934393676382596
1675934393716406710
1675934393776316763
1675934393816360513
1675934393856361502
1675934393896373846
1675934393936377231
1675934393976342127
1675934394036372075
1675934394076365460
1675934394116371554
1675934394156360669
1675934394196466971
1675934394247135044
1675934394296351398
1675934394336340669
1675934394376425721
1675934394416251606
1675934394456389158
1675934394516341918
1675934394556372804
1675934394596358741
1675934394636156085
1675934394676422752
1675934394716333585
1675934394776414939
1675934394816329002
1675934394856288741
1675934394896224314
1675934394936205147
1675934394986551189
1675934395036403116
1675934395076178116
1675934395116185095
1675934395156179106
1675934395196576814
1675934395256575981
1675934395297925043
1675934395336301033
1675934395376308585
1675934395416246293
1675934395456462751
1675934395516521866
1675934395556304054
1675934395596237803
1675934395636280251
1675934395676400095
1675934395736276658
1675934395776341501
1675934395816278897
1675934395856188324
1675934395896353480
1675934395936188064
1675934395996185408
1675934396036175616
1675934396076168168
1675934396116165512
1675934396156238793
1675934396196207855
1675934396256183637
1675934396296156709
1675934396336189991
1675934396376223637
1675934396416154574
1675934396476149574
1675934396516143011
1675934396556139522
1675934396596250876
1675934396636252907
1675934396676164366
1675934396736399938
1675934396776387438
1675934396816429001
1675934396856317022
1675934396896303115
1675934396936311240
1675934396996346709
1675934397036179470
1675934397076311032
1675934397116340511
1675934397156390303
1675934397216353272
1675934397256180876
1675934397296376813
1675934397336337542
1675934397376344574
1675934397416328740
1675934397476374261
1675934397516368740
1675934397556325667
1675934397596351084
1675934397636307126
1675934397676322855
1675934397736305980
1675934397776308740
1675934397816312438
1675934397856332438
1675934397896331084
1675934397956327698
1675934397996320667
1675934398036300719
1675934398076272750
1675934398116544678
1675934398156329521
1675934398216590094
1675934398256599313
1675934398296467855
1675934398336928844
1675934398376225250
1675934398416257646
1675934398476309834
1675934398516419521
1675934398556397854
1675934398596191657
1675934398636534365
1675934398696588375
1675934398737135406
1675934398776604261
1675934398816417229
1675934398856314729
1675934398896092906
1675934398956075927
1675934398996524573
1675934399036430563
1675934399076355615
1675934399116304885
1675934399156465458
1675934399216345302
1675934399256309677
1675934399296313479
1675934399336287229
1675934399376337594
1675934399436330406
1675934399476543531
1675934399516552542
1675934399556437229
1675934399597689469
1675934399636338844
1675934399696339937
1675934399736308062
1675934399776431864
1675934399816223323
1675934399856272854
1675934399896337854
1675934399956280093
1675934399996307385
1675934400036596291
1675934400076279781
1675934400116256343
1675934400176261187
1675934400216481135
1675934400256040823
1675934400296267489
1675934400336277073
1675934400376285250
1675934400436235822
1675934400476080875
1675934400516254885
1675934400556344729
1675934400596198270
1675934400646582958
1675934400696452177
1675934400736509052
1675934400776196343
1675934400816235614
1675934400856262697
1675934400916193374
1675934400956080979
1675934400996099833
1675934401036206343
1675934401076139728
1675934401116187437
1675934401176314364
1675934401216330718
1675934401256096031
1675934401296340041
1675934401336245926
1675934401386643374
1675934401436190405
1675934401476139155
1675934401516036082
1675934401556123166
1675934401596398947
1675934401656306447
1675934401696174416
1675934401736137645
1675934401776246395
1675934401816290770
1675934401856474937
1675934401916414259
1675934401956131759
1675934401996079936
1675934402036356343
1675934402076196551
1675934402136155353
1675934402176149884
1675934402216377176
1675934402256354416
1675934402296615145
1675934402336583738
1675934402396499936
1675934402436515613
1675934402476540561
1675934402516537697
1675934402556513061
1675934402596735145
1675934402656168322
1675934402696271186
1675934402736296342
1675934402776290717
1675934402816568061
1675934402876251551
1675934402916318061
1675934402956301603
1675934402996516655
1675934403036256759
1675934403076400301
1675934403136532436
1675934403176863582
1675934403216259780
1675934403256423686
1675934403296005353
1675934403336234051
1675934403396533113
1675934403436482384
1675934403476482696
1675934403516256134
1675934403556334311
1675934403616303113
1675934403656281082
1675934403696532488
1675934403736222644
1675934403776372175
1675934403816504988
1675934403876276602
1675934403916460665
1675934403956467957
1675934403995982279
1675934404036282957
1675934404076219571
1675934404136185404
1675934404176212956
1675934404216208634
1675934404256224727
1675934404296206238
1675934404356220665
1675934404396252227
1675934404435968529
1675934404476193529
1675934404516206290
1675934404556208894
1675934404616259935
1675934404656065248
1675934404696285248
1675934404736907435
1675934404776240508
1675934404816259519
1675934404876087331
1675934404916266029
1675934404956263321
1675934404996248008
1675934405036236237
1675934405096191862
1675934405136308998
1675934405176482383
1675934405216482852
1675934405256221550
1675934405296206133
1675934405356642748
1675934405396156862
1675934405436154935
1675934405476185508
1675934405516233060
1675934405556223216
1675934405616175716
1675934405656155195
1675934405696220508
1675934405736416914
1675934405776441758
1675934405836455977
1675934405876468268
1675934405916450091
1675934405956085039
1675934405996180977
1675934406036166081
1675934406096163685
1675934406136204779
1675934406176238164
1675934406216240247
1675934406256199987
1675934406296221133
1675934406355854049
1675934406396153112
1675934406436125508
1675934406475979101
1675934406515977487
1675934406576032331
1675934406616241653
1675934406656238685
1675934406696027435
1675934406736222747
1675934406776016810
1675934406836027122
1675934406876533789
1675934406916184778
1675934406956308945
1675934406996306132
1675934407046607382
1675934407096076185
1675934407136150820
1675934407176109153
1675934407216254570
1675934407256082695
1675934407316346601
1675934407356327487
1675934407396110403
1675934407436308268
1675934407476245664
1675934407516115299
1675934407576040195
1675934407616279309
1675934407656244257
1675934407696315351
1675934407736592955
1675934407786382799
1675934407836191757
1675934407876429778
1675934407916176497
1675934407955993684
1675934407996244153
1675934408056444882
1675934408096403476
1675934408136164361
1675934408176183997
1675934408216208372
1675934408256526601
1675934408316466392
1675934408356133944
1675934408396287330
1675934408436165299
1675934408476414986
1675934408536398944
1675934408576218996
1675934408616205090
1675934408656213267
1675934408696162798
1675934408736188215
1675934408796146028
1675934408836067642
1675934408876129621
1675934408916163215
1675934408956052590
1675934408996168528
1675934409055959673
1675934409096107642
1675934409136130663
1675934409176119569
1675934409216400611
1675934409276202850
1675934409316122434
1675934409356128892
1675934409396107486
1675934409436104309
1675934409476083788
1675934409536124361
1675934409576094725
1675934409616101288
1675934409656127590
1675934409696108527
1675934409736175923
1675934409796131756
1675934409836134829
1675934409876171861
1675934409915915715
1675934409956166704
1675934410016123058
1675934410056135663
1675934410096087590
1675934410135996444
1675934410176078788
1675934410216109308
1675934410276095090
1675934410316096912
1675934410356121027
1675934410396111548
1675934410436147485
1675934410476340194
1675934410535928319
1675934410576100819
1675934410616099985
1675934410656100402
1675934410696358423
1675934410756328371
1675934410796172694
1675934410836082069
1675934410876081548
1675934410916068162
1675934410956195714
1675934411016330610
1675934411056079829
1675934411096327693
1675934411136124256
1675934411176143839
1675934411216128891
1675934411276084673
1675934411316082068
1675934411356086027
1675934411396013527
1675934411436067850
1675934411496309516
1675934411536298631
1675934411576078995
1675934411616093318
1675934411656044152
1675934411696145037
1675934411756194464
1675934411796056183
1675934411836113526
1675934411876099151
1675934411915864985
1675934411956138579
1675934412015861131
1675934412056085297
1675934412096070401
1675934412136123631
1675934412176105922
1675934412236019412
1675934412276051808
1675934412316056964
1675934412356067589
1675934412396056651
1675934412436066287
1675934412495896182
1675934412535881026
1675934412575933995
1675934412615909151
1675934412656029828
1675934412696045974
1675934412755894672
1675934412795886026
1675934412835870922
1675934412876059464
1675934412915943161
1675934412975915505
1675934413015909099
1675934413055880870
1675934413096700818
1675934413136072901
1675934413176067120
1675934413236029620
1675934413276051182
1675934413316052432
1675934413356087380
1675934413396061286
1675934413446538578
1675934413496043995
1675934413536085557
1675934413575824151
1675934413616035192
1675934413656058161
1675934413716052276
1675934413756081078
1675934413796008838
1675934413836034619
1675934413876081807
1675934413916053578
1675934413975714359
1675934414015908838
1675934414056045453
1675934414096044671
1675934414136033005
1675934414186780036
1675934414236072692
1675934414276032015
1675934414316035869
1675934414356032536
1675934414396015296
1675934414456048109
1675934414496060088
1675934414536027328
1675934414575941442
1675934414616036650
1675934414656087484
1675934414716035713
1675934414755886963
1675934414796132275
1675934414836057223
1675934414876020765
1675934414936029202
1675934414976016286
1675934415016005244
1675934415056109879
1675934415096076129
1675934415136036129
1675934415196051598
1675934415235993994
1675934415275910088
1675934415316399411
1675934415356391025
1675934415396712223
1675934415456435661
1675934415495852483
1675934415536461702
1675934415576523004
1675934415616339046
1675934415676034515
1675934415716318890
1675934415756293890
1675934415796237744
1675934415835891702
1675934415875869202
1675934415935880556
1675934415975854410
1675934416015904775
1675934416055856754
1675934416095861233
1675934416136025191
1675934416195935869
1675934416235908733
1675934416276060660
1675934416316051181
1675934416356049723
1675934416415803004
1675934416456109671
1675934416496065400
1675934416536058212
1675934416576275243
1675934416616010608
1675934416676921650
1675934416715758056
1675934416756305712
1675934416795967691
1675934416836068733
1675934416876156754
1675934416936104097
1675934416975898004
1675934417015950087
1675934417056061024
1675934417095903264
1675934417155851754
1675934417196107222
1675934417236195399
1675934417276142899
1675934417316056858
1675934417356280816
1675934417415833264
1675934417456107431
1675934417496197743
1675934417536126806
1675934417576019045
1675934417616015972
1675934417676062899
1675934417716218837
1675934417756811389
1675934417796396076
1675934417836288628
1675934417895923316
1675934417936073003
1675934417976078264
1675934418016135451
1675934418056033264
1675934418096168889
1675934418156118576
1675934418196090712
1675934418236058784
1675934418276235034
1675934418316015347
1675934418355889461
1675934418415846232
1675934418455871597
1675934418495830764
1675934418535933784
1675934418575837534
1675934418635835868
1675934418675801441
1675934418716001024
1675934418756065711
1675934418795995086
1675934418836018368
1675934418895972326
1675934418935971805
1675934418975967795
1675934419016150763
1675934419055996805
1675934419095995451
1675934419155993472
1675934419195806649
1675934419236036649
1675934419276096701
1675934419315996076
1675934419375957274
1675934419415819253
1675934419456027534
1675934419496026909
1675934419536009044
1675934419576051284
1675934419636029826
1675934419676014930
1675934419715998732
1675934419756455815
1675934419796174201
1675934419846573628
1675934419896232742
1675934419936208107
1675934419975996128
1675934420015930867
1675934420056022950
1675934420116014877
1675934420155980294
1675934420195978627
1675934420236033992
1675934420276021857
1675934420316396127
1675934420376289200
1675934420416248367
1675934420456051336
1675934420495909565
1675934420535963211
1675934420586409617
1675934420635929617
1675934420675970502
1675934420715765294
1675934420756219200
1675934420795970971
1675934420855934669
1675934420895934304
1675934420935909773
1675934420976211960
1675934421016158888
1675934421056159721
1675934421116164773
1675934421156159773
1675934421195783575
1675934421235907273
1675934421275935554
1675934421335921700
1675934421375985242
1675934421415678627
1675934421455903314
1675934421495945398
1675934421535952950
1675934421595935710
1675934421636035085
1675934421675961023
1675934421715984252
1675934421755985554
1675934421795943471
1675934421855956856
1675934421895923314
1675934421935966804
1675934421975987064
1675934422015863054
1675934422076035293
1675934422115920085
1675934422155930398
1675934422195941387
1675934422235941647
1675934422275755137
1675934422335904825
1675934422375893783
1675934422415910814
1675934422455926647
1675934422495908887
1675934422535905918
1675934422595939824
1675934422635897012
1675934422675883574
1675934422715734876
1675934422755603574
1675934422815827376
1675934422855721387
1675934422895785449
1675934422935758626
1675934422975696126
1675934423015768522
1675934423075770710
1675934423115802220
1675934423155797741
1675934423195764251
1675934423235775397
1675934423275745553
1675934423335819303
1675934423375839043
1675934423415785449
1675934423455736126
1675934423495744199
1675934423555825084
1675934423595859876
1675934423635824824
1675934423675849147
1675934423715878209
1675934423755769512
1675934423815755136
1675934423855811595
1675934423895756439
1675934423935747689
1675934423975723522
1675934424015731907
1675934424075920188
1675934424115779147
1675934424155771074
1675934424195773418
1675934424235754459
1675934424295943574
1675934424336020136
1675934424375921595
1675934424415935293
1675934424455897115
1675934424495872324
1675934424555878678
1675934424596155397
1675934424635924251
1675934424676348886
1675934424715745188
1675934424755858417
1675934424815895501
1675934424855852480
1675934424895864355
1675934424935610761
1675934424975877844
1675934425036248521
1675934425075870344
1675934425115930553
1675934425155672115
1675934425195883573
1675934425235864719
1675934425296131803
1675934425335841907
1675934425375873261
1675934425416237532
1675934425456140969
1675934425496095188
1675934425555864459
1675934425595851855
1675934425636208886
1675934425676505552
1675934425715921907
1675934425775783834
1675934425815888313
1675934425855881334
1675934425895875969
1675934425935924927
1675934425975794302
1675934426035902792
1675934426075892115
1675934426115871906
1675934426155828052
1675934426195924771
1675934426246247011
1675934426295867271
1675934426335915500
1675934426375898625
1675934426416118156
1675934426455857479
1675934426516119406
1675934426556082323
1675934426595624719
1675934426635866073
1675934426675913156
1675934426715870240
1675934426775913573
1675934426815823677
1675934426856160031
1675934426895860396
1675934426935861437
1675934426986258469
1675934427035830864
1675934427075866021
1675934427115836646
1675934427155873677
1675934427195852323
1675934427258258781
1675934427295704979
1675934427335840083
1675934427375717479
1675934427415722010
1675934427455719718
1675934427515763000
1675934427555708104
1675934427595729562
1675934427635724666
1675934427675719823
1675934427735877687
1675934427775700031
1675934427815727114
1675934427855896281
1675934427895940812
1675934427935759770
1675934427995932427
1675934428035886645
1675934428075862999
1675934428115858052
1675934428155830656
1675934428195799510
1675934428255885395
1675934428295785812
1675934428335638416
1675934428375739249
1675934428415661437
1675934428475631228
1675934428515647166
1675934428555680187
1675934428595913728
1675934428635647062
1675934428676839718
1675934428735898520
1675934428775772114
1675934428815648364
1675934428855666332
1675934428895627739
1675934428935633780
1675934428995681749
1675934429035571957
1675934429075751437
1675934429115601332
1675934429155862426
1675934429215686801
1675934429255671436
1675934429295738051
1675934429335647061
1675934429375615811
1675934429415650082
1675934429475638051
1675934429515628624
1675934429555634509
1675934429595629874
1675934429635576697
1675934429675808468
1675934429735588311
1675934429775597113
1675934429815791697
1675934429855776228
1675934429895662530
1675934429955811853
1675934429996051332
1675934430035823520
1675934430076030499
1675934430116327478
1675934430155833832
1675934430216109197
1675934430256106436
1675934430296085290
1675934430335778988
1675934430375832269
1675934430415821853
1675934430476046228
1675934430515803207
1675934430556404821
1675934430595862269
1675934430635803571
1675934430695647946
1675934430735753780
1675934430775807686
1675934430815786644
1675934430856001800
1675934430896034405
1675934430955806175
1675934430996917113
1675934431035779092
1675934431075772582
1675934431115761488
1675934431155801280
1675934431216125394
1675934431255547061
1675934431295756540
1675934431335771279
1675934431375964717
1675934431435629821
1675934431475789040
1675934431515762634
1675934431555761175
1675934431595761800
1675934431635785342
1675934431695807998
1675934431735737165
1675934431775729196
1675934431815737686
1675934431855733727
1675934431895804248
1675934431955884248
1675934431995867165
1675934432035861227
1675934432075724977
1675934432116000758
1675934432175993362
1675934432215753206
1675934432255941748
1675934432295690185
1675934432335755602
1675934432376293727
1675934432435848206
1675934432475882060
1675934432515489769
1675934432555785029
1675934432596215289
1675934432646437060
1675934432695644456
1675934432735794560
1675934432775471904
1675934432815806591
1675934432855841643
1675934432915792112
1675934432955549404
1675934432995825602
1675934433035715341
1675934433075828466
1675934433115723831
1675934433175524039
1675934433215753050
1675934433255738727
1675934433295734091
1675934433335767164
1675934433386312060
1675934433435717424
1675934433475712841
1675934433515713935
1675934433556022633
1675934433595818310
1675934433655744508
1675934433695701383
1675934433735732216
1675934433775700497
1675934433815453049
1675934433855681591
1675934433915743883
1675934433955557893
1675934433995675653
1675934434035584768
1675934434075613830
1675934434135600862
1675934434175663518
1675934434215662789
1675934434255547945
1675934434295636643
1675934434335542268
1675934434395550393
1675934434435742112
1675934434475554559
1675934434515549247
1675934434555548466
1675934434595583830
1675934434655852372
1675934434695640757
1675934434735532893
1675934434775558726
1675934434815562111
1675934434875646539
1675934434915634872
1675934434955591122
1675934434996360080
1675934435035545236
1675934435075536486
1675934435135687893
1675934435175559351
1675934435215538101
1675934435255581955
1675934435295593986
1675934435335537111
1675934435395552007
1675934435435699767
1675934435475716955
1675934435515753726
1675934435555498622
1675934435616151799
1675934435655750653
1675934435695715497
1675934435735498413
1675934435776008986
1675934435815767371
1675934435876003049
1675934435915806642
1675934435955722163
1675934435995699663
1675934436035955080
1675934436075752059
1675934436135856121
1675934436175708778
1675934436215727996
1675934436255779090
1675934436295752215
1675934436355456486
1675934436395977788
1675934436435938257
1675934436475975705
1675934436515944663
1675934436555932944
1675934436615654038
1675934436655800184
1675934436695464194
1675934436735714663
1675934436775728569
1675934436815610496
1675934436875759038
1675934436915760131
1675934436955988569
1675934436995538621
1675934437035880913
1675934437095856590
1675934437135790548
1675934437175755027
1675934437215611798
1675934437255678569
1675934437295538100
1675934437355552110
1675934437395560860
1675934437435616381
1675934437475630496
1675934437515559923
1675934437555708308
1675934437615963465
1675934437655483308
1675934437695712631
1675934437735999819
1675934437775706798
1675934437835930912
1675934437875738673
1675934437915532631
1675934437955937423
1675934437995701277
1675934438035673569
1675934438095669194
1675934438135438360
1675934438175706641
1675934438215798464
1675934438255724662
1675934438295701016
1675934438355530183
1675934438396380912
1675934438435667683
1675934438476015443
1675934438515694714
1675934438576355339
1675934438615685652
1675934438656017891
1675934438696030547
1675934438735655600
1675934438775906277
1675934438835552422
1675934438875759037
1675934438915721433
1675934438955736589
1675934438995661641
1675934439046290912
1675934439095663724
1675934439135701745
1675934439175668047
1675934439215646068
1675934439255726797
1675934439315890026
1675934439355937318
1675934439395828516
1675934439435590703
1675934439475838256
1675934439515827474
1675934439575501693
1675934439615507683
1675934439655474297
1675934439695645912
1675934439735599610
1675934439785810599
1675934439835443412
1675934439875480339
1675934439915585651
1675934439955349193
1675934439995498828
1675934440055456901
1675934440095454557
1675934440135592005
1675934440175277370
1675934440215555859
1675934440255630547
1675934440315576016
1675934440355533359
1675934440395516901
1675934440435447578
1675934440475451953
1675934440535434870
1675934440575530130
1675934440615686953
1675934440656139193
1675934440695539349
1675934440735612578
1675934440796041536
1675934440836015859
1675934440876022370
1675934440915911172
1675934440955898151
1675934440996082005
1675934441055525547
1675934441096054661
1675934441135947578
1675934441175918567
1675934441215922161
1675934441275688671
1675934441315637057
1675934441355625755
1675934441395852942
1675934441435661692
1675934441475806328
1675934441535665234
1675934441575898359
1675934441615860026
1675934441655806432
1675934441695486119
1675934441735546171
1675934441795651796
1675934441835661432
1675934441875642421
1675934441916319452
1675934441955536275
1675934442015582994
1675934442055659765
1675934442095644296
1675934442135868723
1675934442175415182
1675934442215623984
1675934442275895286
1675934442315639609
1675934442355843150
1675934442395572421
1675934442436165234
1675934442475648619
1675934442535611379
1675934442575644452
1675934442615363463
1675934442655856119
1675934442695614504
1675934442755922369
1675934442795885910
1675934442835572733
1675934442875584817
1675934442915654296
1675934442955596900
1675934443015933567
1675934443055721848
1675934443095714140
1675934443135704765
1675934443175871587
1675934443215607473
1675934443275730702
1675934443315848254
1675934443355634192
1675934443395625806
1675934443435892994
1675934443495673514
1675934443535610129
1675934443575599452
1675934443615329139
1675934443655638723
1675934443695425233
1675934443755626327
1675934443795626327
1675934443835600285
1675934443875830337
1675934443916605962
1675934443955654087
1675934444015595545
1675934444055836743
1675934444095603827
1675934444135512525
1675934444175631222
1675934444235325181
1675934444275409764
1675934444315581327
1675934444355626587
1675934444395992577
1675934444435468358
1675934444495526274
1675934444535552993
1675934444575542368
1675934444615427368
1675934444655416483
1675934444695508879
1675934444755494087
1675934444795914972
1675934444835739087
1675934444875667628
1675934444915419972
1675934444975433618
1675934445015575910
1675934445055420701
1675934445095402472
1675934445135412889
1675934445175507732
1675934445235418982
1675934445275723514
1675934445315649816
1675934445355584972
1675934445395435389
1675934445445750076
1675934445495447212
1675934445535698722
1675934445575593514
1675934445615506899
1675934445655933514
1675934445715490493
1675934445755582472
1675934445795528618
1675934445835348722
1675934445875361378
1675934445915571118
1675934445975614659
1675934446015472680
1675934446055414347
1675934446095510753
1675934446135398774
1675934446185696118
1675934446235604711
1675934446275868409
1675934446315828982
1675934446355645701
1675934446395845545
1675934446455472576
1675934446495612263
1675934446535814399
1675934446575824190
1675934446615797888
1675934446655671951
1675934446715447576
1675934446755633878
1675934446795646742
1675934446835660180
1675934446875526534
1675934446935596221
1675934446975615857
1675934447015548201
1675934447055503253
1675934447095347107
1675934447135553357
1675934447195574555
1675934447235792836
1675934447275660440
1675934447315518617
1675934447355662471
1675934447395856950
1675934447455779555
1675934447495570961
1675934447535469867
1675934447575607211
1675934447615571742
1675934447675787940
1675934447715420232
1675934447755943200
1675934447795591481
1675934447835801742
1675934447875547419
1675934447935516429
1675934447975652836
1675934448015603096
1675934448055578044
1675934448095585596
1675934448135515648
1675934448195602211
1675934448235701533
1675934448275543825
1675934448315522940
1675934448355981533
1675934448415995804
1675934448455544398
1675934448495538252
1675934448535768304
1675934448575561533
1675934448615429346
1675934448675662575
1675934448715455648
1675934448755624085
1675934448795649814
1675934448835264294
1675934448875837783
1675934448935809137
1675934448975524137
1675934449015476429
1675934449055327314
1675934449095819189
1675934449155671950
1675934449195585439
1675934449235715335
1675934449275363564
1675934449315587158
1675934449355654554
1675934449415840023
1675934449455717939
1675934449495456220
1675934449535560335
1675934449575604189
1675934449615568095
1675934449675786585
1675934449715495647
1675934449755585075
1675934449795518199
1675934449835345439
1675934449895553616
1675934449935491689
1675934449975430647
1675934450015587835
1675934450055472210
1675934450095475543
1675934450155328095
1675934450195632314
1675934450235325335
1675934450275294137
1675934450315529137
1675934450355768460
1675934450415335647
1675934450455705699
1675934450495559033
1675934450535185491
1675934450575414970
1675934450635402314
1675934450675328772
1675934450715761637
1675934450755504345
1675934450795662314
1675934450835520855
1675934450895390959
1675934450935319449
1675934450975636897
1675934451015549814
1675934451055478616
1675934451095375855
1675934451155323720
1675934451195311689
1675934451235708147
1675934451275607678
1675934451315391532
1675934451375350438
1675934451415333303
1675934451455771376
1675934451495453095
1675934451535570751
1675934451575659449
1675934451635521272
1675934451675402001
1675934451715638355
1675934451755531324
1675934451795609188
1675934451846099188
1675934451895283876
1675934451935353720
1675934451975490022
1675934452015654240
1675934452055514969
1675934452115533147
1675934452155290803
1675934452195638824
1675934452235957313
1675934452275549813
1675934452315768303
1675934452375296011
1675934452415561844
1675934452455944032
1675934452495832730
1675934452535820646
1675934452585509917
1675934452635605438
1675934452675663875
1675934452715564605
1675934452755616323
1675934452795823198
1675934452855515230
1675934452895617157
1675934452935511323
1675934452975479813
1675934453015529969
1675934453055355282
1675934453115520750
1675934453155495438
1675934453195477104
1675934453235479136
1675934453275524865
1675934453335494396
1675934453375456271
1675934453415536011
1675934453455551479
1675934453495553979
1675934453535528875
1675934453595470021
1675934453635529500
1675934453675246167
1675934453715390229
1675934453755640750
1675934453795731531
1675934453855737521
1675934453895344760
1675934453935648771
1675934453975646375
1675934454015645646
1675934454075638771
1675934454115279240
1675934454155578302
1675934454196145698
1675934454235661792
1675934454275773250
1675934454335305542
1675934454375538302
1675934454415625333
1675934454455640229
1675934454495580750
1675934454535254969
1675934454595575854
1675934454636085646
1675934454675430906
1675934454715532937
1675934454755207156
1675934454815488927
1675934454855505750
1675934454895458510
1675934454935643823
1675934454975226687
1675934455015598562
1675934455075651322
1675934455115599552
1675934455155602208
1675934455195217885
1675934455235635749
1675934455275638562
1675934455335669031
1675934455375700906
1675934455415321791
1675934455455521114
1675934455495490020
1675934455555660801
1675934455595550333
1675934455635349239
1675934455675439864
1675934455715300437
1675934455755444656
1675934455815419031
1675934455855108926
1675934455895292260
1675934455935327364
1675934455975278041
1675934456015290489
1675934456075404968
1675934456115235541
1675934456155572155
1675934456195399655
1675934456235320020
1675934456295430905
1675934456335207416
1675934456375115228
1675934456415473874
1675934456455495437
1675934456495356634
1675934456555354082
1675934456595326009
