1675934336867361420
1675934337127317149
1675934337367226107
1675934337627196003
1675934337890308294
1675934338137088138
1675934338376835638
1675934338636803502
1675934338882136263
1675934339142080742
1675934339382053710
1675934339642002200
1675934339902339856
1675934340152014804
1675934340411966835
1675934340652008397
1675934340911923293
1675934341157521470
1675934341417582095
1675934341658192772
1675934341917279386
1675934342167171834
1675934342427226313
1675934342667248084
1675934342927777928
1675934343187594334
1675934343433166730
1675934343692166782
1675934343932262719
1675934344192161417
1675934344442356313
1675934344702033396
1675934344942081729
1675934345202273708
1675934345437648135
1675934345707491312
1675934345947425895
1675934346207324177
1675934346467459176
1675934346717491312
1675934346976859645
1675934347217420947
1675934347477116468
1675934347722292093
1675934347982237717
1675934348222247822
1675934348482351103
1675934348722182092
1675934348992331050
1675934349252044384
1675934349492223654
1675934349751983654
1675934349997594019
1675934350257363237
1675934350497528862
1675934350757120998
1675934350997199539
1675934351267353081
1675934351507244122
1675934351767418862
1675934352002361778
1675934352272294174
1675934352532273080
1675934352772294070
1675934353032733653
1675934353282474382
1675934353542084851
1675934353782080840
1675934354041990840
1675934354277429382
1675934354547862298
1675934354788161100
1675934355047742298
1675934355287476933
1675934355557299173
1675934355817142350
1675934356057146256
1675934356316922766
1675934356562276673
1675934356822516412
1675934357062668704
1675934357322234016
1675934357579406047
1675934357832318912
1675934358072471047
1675934358332262818
1675934358591931307
1675934358837316724
1675934359097361307
1675934359337667817
1675934359597339276
1675934359837856984
1675934360107435682
1675934360347374744
1675934360607153806
1675934360842304275
1675934361112342348
1675934361352183233
1675934361612293129
1675934361872173962
1675934362122054275
1675934362382184014
1675934362622095576
1675934362882308076
1675934363117558233
1675934363387612712
1675934363627602659
1675934363887552711
1675934364127299274
1675934364397248597
1675934364637708649
1675934364897348024
1675934365157034326
1675934365392332659
1675934365662486200
1675934365902209117
1675934366162106304
1675934366402239481
1675934366672062502
1675934366912267971
1675934367172012919
1675934367407652085
1675934367677745262
1675934367937413908
1675934368177539533
1675934368437344481
1675934368677209480
1675934368947303699
1675934369187512084
1675934369447100782
1675934369683358230
1675934369952207240
1675934370192169584
1675934370452168699
1675934370692134584
1675934370962049688
1675934371222059011
1675934371462262969
1675934371722215781
1675934371957401823
1675934372227471823
1675934372467390104
1675934372727700208
1675934372967323489
1675934373237208645
1675934373477340833
1675934373736955103
1675934373977243958
1675934374232187968
1675934374502268384
1675934374742226561
1675934375002397238
1675934375242327968
1675934375512018072
1675934375752010571
1675934376011977967
1675934376247377603
1675934376517367655
1675934376757289529
1675934377017260623
1675934377277287394
1675934377517496196
1675934377787132029
1675934378027084581
1675934378287201508
1675934378522261612
1675934378792197706
1675934379032159268
1675934379292151247
1675934379532220935
1675934379792080257
1675934380042033591
1675934380302302080
1675934380562502132
1675934380797451247
1675934381067475205
1675934381307310153
1675934381567575986
1675934381807346819
1675934382077095517
1675934382317511611
1675934382576871454
1675934382812242600
1675934383072181298
1675934383322661089
1675934383582362027
1675934383842428173
1675934384082012339
1675934384352166974
1675934384592010620
1675934384851955933
1675934385087355933
1675934385357226714
1675934385597308901
1675934385857398276
1675934386097474630
1675934386357169526
1675934386627236296
1675934386867298380
1675934387127379890
1675934387362309682
1675934387632918900
1675934387872200775
1675934388132253900
1675934388372089577
1675934388632193171
1675934388882405983
1675934389142293014
1675934389382132493
1675934389637412597
1675934389907301191
1675934390147507233
1675934390407421920
1675934390647305670
1675934390917229264
1675934391157232284
1675934391417156191
1675934391652182076
1675934391912291972
1675934392162500149
1675934392422570096
1675934392662157023
1675934392922357388
1675934393192586034
1675934393432055148
1675934393692430773
1675934393927928117
1675934394188359992
1675934394437362596
1675934394697358533
1675934394937172231
1675934395197307699
1675934395447445824
1675934395707195616
1675934395967117803
1675934396202539887
1675934396472377022
1675934396712649991
1675934396972221865
1675934397212230720
1675934397472469105
1675934397722058792
1675934397982038376
1675934398217469000
1675934398477500719
1675934398727414261
1675934398987581448
1675934399247363583
1675934399487395667
1675934399757791812
1675934399997699625
1675934400256887593
1675934400492273583
1675934400752248479
1675934401002158999
1675934401262093895
1675934401502067385
1675934401762300457
1675934402012010509
1675934402272067436
1675934402532036290
1675934402767416290
1675934403027430196
1675934403277443478
1675934403547691394
1675934403777077175
1675934404037142175
1675934404287222279
1675934404547409988
1675934404787653477
1675934405042605821
1675934405312209623
1675934405552333893
1675934405812248841
1675934406052433164
1675934406312197695
1675934406561985143
1675934406822350924
1675934407057257591
1675934407317335976
1675934407567499153
1675934407827309830
1675934408067497226
1675934408327579986
1675934408587348267
1675934408849533996
1675934409097010194
1675934409332343215
1675934409592338996
1675934409842772486
1675934410102160194
1675934410342356235
1675934410602162589
1675934410852118162
1675934411112056860
1675934411352060141
1675934411607356964
1675934411867860506
1675934412117308474
1675934412377252693
1675934412617018995
1675934412877471495
1675934413127290193
1675934413387207536
1675934413622598370
1675934413882556286
1675934414122254880
1675934414392152484
1675934414652178630
1675934414892140557
1675934415152342015
1675934415402677640
1675934415661906910
1675934415897501337
1675934416157380244
1675934416407265296
1675934416667443420
1675934416907233056
1675934417167398577
1675934417407356649
1675934417676964670
1675934417936860555
1675934418172164097
1675934418432389670
1675934418682172326
1675934418942414670
1675934419182104357
1675934419442112482
1675934419692124565
1675934419952019044
1675934420191964513
1675934420447604044
1675934420687316023
1675934420957000085
1675934421217196127
1675934421457246283
1675934421717248783
1675934421967446231
1675934422227498262
1675934422462860762
1675934422722258262
1675934422962174356
1675934423232140762
1675934423472072793
1675934423731976699
1675934423992014355
1675934424242135240
1675934424501939824
1675934424737748522
1675934425019013782
1675934425247642688
1675934425507419511
1675934425747110344
1675934426007693000
1675934426247199771
1675934426517383938
1675934426764348000
1675934427012322479
1675934427272129562
1675934427522209718
1675934427782111177
1675934428022205708
1675934428282135864
1675934428522300239
1675934428792117166
1675934429027222270
1675934429287670186
1675934429527300186
1675934429797420968
1675934430037457061
1675934430297315030
1675934430557326540
1675934430807396123
1675934431067315967
1675934431302586957
1675934431562480134
1675934431802550811
1675934432072120706
1675934432312189769
1675934432572094508
1675934432812022268
1675934433082360914
1675934433342092529
1675934433577419299
1675934433837424664
1675934434087551383
1675934434347199351
1675934434587071539
1675934434847746330
1675934435087122580
1675934435357095080
1675934435592295861
1675934435852888778
1675934436092598673
1675934436362104975
1675934436622118830
1675934436862156590
1675934437122176329
1675934437361994923
1675934437631965756
1675934437867588204
1675934438127919923
1675934438367407579
1675934438637639766
1675934438877252422
1675934439137321381
1675934439377406589
1675934439647100547
1675934439907091901
1675934440142038880
1675934440402111016
1675934440642167578
1675934440912168828
1675934441152099036
1675934441412063776
1675934441652101223
1675934441921804452
1675934442161759348
1675934442417125963
1675934442677344973
1675934442917634660
1675934443187322004
1675934443427452525
1675934443686961952
1675934443927052056
1675934444197210077
1675934444432147056
1675934444692192524
1675934444932236326
1675934445202107785
1675934445442118357
1675934445702139243
1675934445962457472
1675934446202391326
1675934446471976170
1675934446707360232
1675934446967669034
1675934447207670596
1675934447477520596
1675934447717059659
1675934447977304919
1675934448217153304
1675934448487542992
1675934448727017731
1675934448982527575
1675934449242265856
1675934449482232731
1675934449752228668
1675934449992045856
1675934450252042678
1675934450492129033
1675934450762124293
1675934450997385230
1675934451257358251
1675934451497265178
1675934451757240855
1675934452027294709
1675934452267615855
1675934452527423511
1675934452767030282
1675934453036906948
1675934453272264136
1675934453532291479
1675934453772276010
1675934454042311427
1675934454282458771
1675934454542094500
1675934454781977468
1675934455042077833
1675934455311917781
1675934455547488354
1675934455807399760
1675934456047427937
1675934456317474707
