0.57955
0.6512
0.64505
0.568
0.43286
0.25683
0.061567
-0.12649
-0.27764
-0.36365
-0.36516
-0.27943
-0.12521
0.0584
0.22019
0.31058
0.29686
0.17472
-0.028424
-0.26015
-0.45827
-0.56971
-0.56668
-0.4545
-0.26838
-0.060336
0.11903
0.23692
0.28718
0.28825
0.27161
0.26548
0.28068
0.30481
0.30722
0.25344
0.12316
-0.075776
-0.30354
-0.49762
-0.59271
-0.54444
-0.34818
-0.045252
0.28661
0.55639
0.68882
0.64936
0.45609
0.17376
-0.10807
-0.30574
-0.37
-0.30234
-0.15315
-0.0022051
0.071556
0.020253
-0.15375
-0.3967
-0.62104
-0.73563
-0.67821
-0.43842
-0.063586
0.35505
0.71079
0.91484
0.92349
0.74992
0.45741
0.13697
-0.1226
-0.26182
-0.26592
-0.16455
-0.016952
0.1109
0.16878
0.13657
0.02667
-0.12516
-0.2754
-0.38853
-0.44674
-0.45105
-0.41461
-0.35244
-0.27283
-0.17445
-0.050468
0.10264
0.27612
0.44477
0.5705
0.61354
0.54741
0.37199
0.11894
-0.15363
-0.37646
-0.48994
-0.46323
-0.30518
-0.062625
0.19354
0.39012
0.47405
0.42783
0.27302
0.060915
-0.14601
-0.29511
-0.35975
-0.34508
-0.28208
-0.21254
-0.17099
-0.17056
-0.19789
-0.21915
-0.19451
-0.095736
0.079818
0.30418
0.52489
0.68035
0.71945
0.61872
0.39128
0.084563
-0.23254
-0.48897
-0.63123
-0.63746
-0.52184
-0.32848
-0.11693
0.055752
0.15105
0.15864
0.097082
0.0061389
-0.066774
-0.081713
-0.018602
0.11642
0.29223
0.46103
0.57133
0.58216
0.47492
0.25957
-0.026274
-0.32553
-0.57508
-0.72133
-0.73376
-0.6131
-0.39149
-0.12447
0.12332
0.29511
0.35677
0.30541
0.16903
-0.0023749
-0.15195
-0.23247
-0.21947
-0.1169
0.045949
0.22496
0.37534
0.46456
0.47992
0.42876
0.33191
0.2136
0.092128
-0.025033
-0.13986
-0.25722
-0.37644
-0.48522
-0.55939
-0.56954
-0.49267
-0.32427
-0.085945
0.17565
0.39939
0.52723
0.52294
0.38561
0.15242
-0.11094
-0.32978
-0.44355
-0.42484
-0.28753
-0.081129
0.12694
0.27495
0.328
0.28918
0.19661
0.10751
0.07493
0.12589
0.24897
0.39634
0.49979
0.49543
0.34825
0.067641
-0.29186
-0.64544
-0.90361
-1
-0.9121
-0.66789
-0.3364
-0.0055335
0.24519
0.36798
0.35877
0.25454
0.11782
0.014164
-0.009423
0.06177
0.20804
0.38436
0.53647
0.61809
0.60353
0.49236
0.30608
0.07929
-0.15056
-0.3513
-0.5001
-0.58366
-0.59642
-0.53909
-0.41885
-0.25097
-0.060248
0.12007
0.25335
0.30833
0.26921
0.14334
-0.037139
-0.22158
-0.35412
-0.39033
-0.3116
-0.13219
0.10399
0.33642
0.50653
0.5756
0.53572
0.41003
0.24244
0.080674
-0.040721
-0.11101
-0.14361
-0.16629
-0.20536
-0.27073
-0.34828
-0.40321
-0.3938
-0.29043
-0.092185
0.16604
0.41999
0.59477
0.62999
0.50224
0.23638
-0.099261
-0.41295
-0.61867
-0.66415
-0.54801
-0.31962
-0.061453
0.14011
0.22528
0.18168
0.048104
-0.10041
-0.18094
-0.1343
0.051383
0.33374
0.62869
0.83806
0.88297
0.73121
0.40918
-0.0055345
-0.40851
-0.7011
-0.82034
-0.75632
-0.55182
-0.28507
-0.042508
0.10893
0.14068
0.067134
-0.064468
-0.19373
-0.26879
-0.26223
-0.17632
-0.037258
0.11801
0.25629
0.35812
0.41996
0.44888
0.45327
0.43476
0.38543
0.29207
0.14563
-0.048637
-0.26542
-0.46174
-0.58784
-0.6034
-0.4933
-0.27661
-0.0047676
0.25157
0.42315
0.46349
0.36377
0.15586
-0.097731
-0.32355
-0.46016
-0.4763
-0.37861
-0.20631
-0.015573
0.14078
0.23077
0.25187
0.22811
0.19725
0.19331
0.23121
0.29945
0.36359
0.3793
0.31017
0.14374
-0.10029
-0.37282
-0.60857
-0.74535
-0.74326
-0.59739
-0.34001
-0.031536
0.25662
0.46205
0.548
0.51179
0.38312
0.21297
0.057312
-0.039715
-0.057922
-0.0055035
0.085126
0.16839
0.20006
0.15101
0.016471
-0.18154
-0.39931
-0.58237
-0.67978
-0.65779
-0.50955
-0.2583
0.047148
0.3436
0.56877
0.67678
0.64993
0.50322
0.28039
0.042113
-0.15031
-0.2515
-0.24381
-0.14119
0.016157
0.1745
0.28277
0.30719
0.2398
0.098745
-0.079515
-0.2528
-0.38616
-0.46069
-0.47562
-0.44366
-0.38214
-0.30407
-0.21308
-0.10432
0.029058
0.187
0.3555
0.50536
0.59841
0.59972
0.49186
0.28528
0.020486
-0.24036
-0.43044
-0.49874
-0.42701
-0.23712
0.014559
0.25421
0.4138
0.45261
0.36957
0.20206
0.011423
-0.13959
-0.20947
-0.19248
-0.11967
-0.045937
-0.027782
-0.09984
-0.259
-0.4622
-0.63921
-0.71624
-0.64226
-0.40865
-0.055259
0.33975
0.68294
0.89396
0.92968
0.79625
0.54536
0.25621
0.0098259
-0.13583
-0.16172
-0.090125
0.026501
0.12533
0.15464
0.089759
-0.061167
-0.26234
-0.46348
-0.61576
-0.68502
-0.65858
-0.54471
-0.36663
-0.15439
0.0622
0.25742
0.4106
0.50556
0.53078
0.48141
0.36284
0.19385
0.0068699
-0.15661
-0.25551
-0.26111
-0.16767
0.0027706
0.20394
0.3773
0.46909
0.44709
0.31121
0.093947
-0.14966
-0.35953
-0.48924
-0.51954
-0.46189
-0.35101
-0.22959
-0.13126
-0.068512
-0.030309
0.009733
0.078068
0.18533
0.31678
0.43376
0.48651
0.43391
0.26279
-0.0012447
-0.29669
-0.54277
-0.66503
-0.6209
-0.41601
-0.10481
0.22557
0.48317
0.60124
0.56008
0.39265
0.17185
-0.016252
-0.10378
-0.065825
0.070448
0.23563
0.34368
0.32404
0.14905
-0.15346
-0.50698
-0.81029
-0.97049
-0.93373
-0.70296
-0.33712
0.068012
0.41021
0.61219
0.64342
0.52576
0.32194
0.11188
-0.034406
-0.07799
-0.019731
0.1052
0.24356
0.34418
0.37451
0.32809
0.22163
0.084289
-0.055414
-0.17931
-0.28237
-0.3682
-0.4404
-0.49461
-0.51569
-0.48207
-0.37599
-0.19514
0.039463
0.28392
0.48135
0.57869
0.54482
0.3832
0.13416
-0.13519
-0.35029
-0.45183
-0.41395
-0.25191
-0.016479
0.22293
0.40057
0.47451
0.43777
0.31714
0.16066
0.018728
-0.074114
-0.11005
-0.10795
-0.10282
-0.12909
-0.20434
-0.31969
-0.44067
-0.51846
-0.50746
-0.38306
-0.15309
0.1412
0.43536
0.65984
0.76028
0.71338
0.53357
0.26831
-0.015985
-0.25314
-0.3953
-0.42488
-0.35694
-0.23211
-0.10247
-0.015167
0.0016443
-0.053612
-0.15643
-0.26432
-0.32997
-0.31552
-0.20429
-0.0066229
0.24144
0.48644
0.67069
0.74689
0.69083
0.50841
0.2354
-0.070598
-0.34401
-0.52765
-0.58719
-0.51984
-0.35466
-0.1442
0.050261
0.17576
0.20204
0.1291
-0.014308
-0.18043
-0.31753
-0.38508
-0.36461
-0.26289
-0.10704
0.066202
0.22276
0.34072
0.41383
0.4483
0.45506
0.4412
0.40475
0.33535
0.22077
0.05664
-0.14514
-0.3536
-0.52387
-0.60965
-0.57909
-0.42836
-0.18731
0.085795
0.31971
0.45146
0.44627
0.30919
0.084045
-0.16036
-0.35255
-0.44153
-0.4127
-0.29111
-0.1306
0.0070543
0.075593
0.061725
-0.0099657
-0.0866
-0.10778
-0.030058
0.15386
0.40855
0.66468
0.84065
0.86978
0.72359
0.42313
0.034175
-0.35215
-0.64687
-0.78967
-0.76572
-0.60752
-0.38188
-0.16668
-0.025828
0.0096365
-0.051642
-0.16782
-0.28046
-0.33498
-0.29786
-0.16546
0.037366
0.26728
0.47641
0.6253
0.69104
0.66906
0.56964
0.41214
0.21961
0.015744
-0.17587
-0.33178
-0.42985
-0.45289
-0.39421
-0.26307
-0.086847
0.092131
0.22593
0.27426
0.21766
0.065703
-0.14325
-0.3518
-0.50009
-0.5441
-0.46928
-0.29487
-0.067152
0.15617
0.32471
0.41077
0.41573
0.36541
0.29664
0.24051
0.20915
0.19159
0.16033
0.086188
-0.044784
-0.21963
-0.39759
-0.52145
-0.53769
-0.41823
-0.17519
0.1376
0.43825
0.6417
0.68759
0.56118
0.29967
-0.019148
-0.30227
-0.47245
-0.49384
-0.38315
-0.20229
-0.034904
0.044986
0.00078369
-0.1523
-0.35173
-0.50964
-0.54454
-0.41166
-0.12108
0.26295
0.64128
0.9113
0.99967
0.88527
0.60492
0.2402
-0.10945
-0.35811
-0.45846
-0.41278
-0.26715
-0.092028
0.04316
0.092373
0.044957
-0.075648
-0.22451
-0.35332
-0.42674
-0.43145
-0.37549
-0.27975
-0.16638
-0.049547
0.067438
0.18806
0.31406
0.43722
0.53613
0.58036
0.54139
0.40593
0.18632
-0.077326
-0.3251
-0.49388
-0.53716
-0.4413
-0.23197
0.031894
0.27521
0.42956
0.45398
0.34686
0.14489
-0.090192
-0.29246
-0.41279
-0.43293
-0.36799
-0.25725
-0.14705
-0.072468
-0.044576
-0.047896
-0.04865
-0.010477
0.088511
0.24391
0.42305
0.57392
0.64201
0.58933
0.40889
0.12966
-0.1899
-0.4778
-0.66887
-0.72304
-0.63607
-0.43945
-0.19
0.047251
0.21776
0.29182
0.27094
0.18463
0.079372
0.0031782
-0.0093074
0.052831
0.17375
0.31564
0.42975
0.47045
0.40867
0.24093
-0.0081516
-0.2907
-0.54671
-0.71867
-0.76614
-0.6765
-0.46893
-0.19027
0.096281
0.32719
0.45478
0.45946
0.35424
0.18042
-0.0047573
-0.14455
-0.19873
-0.15427
-0.027603
0.14186
0.30478
0.41689
0.4513
0.40418
0.29254
0.14566
-0.0062326
-0.14158
-0.25185
-0.33948
-0.41087
-0.46808
-0.50331
-0.49921
-0.4356
-0.3001
-0.098332
0.14114
0.37031
0.53368
0.58531
0.50525
0.30911
0.0466
-0.21146
-0.39401
-0.45181
-0.37306
-0.18702
0.045979
0.25484
0.38159
0.40027
0.32428
0.19949
0.085576
0.032376
0.060031
0.15025
0.25226
0.30151
0.2446
0.061429
-0.22375
-0.5466
-0.8214
-0.96806
-0.93815
-0.73127
-0.39595
-0.014869
0.32051
0.53753
0.60296
0.53023
0.37155
0.19825
0.076497
0.046532
0.112
0.242
0.38398
0.4824
0.49634
0.41063
0.23776
0.01128
-0.22572
-0.43257
-0.57955
-0.6512
-0.64505
-0.568
-0.43286
-0.25683
-0.061567
0.12649
0.27764
0.36365
0.36516
0.27943
0.12521
-0.0584
-0.22019
-0.31058
-0.29686
-0.17472
0.028424
0.26015
0.45827
0.56971
0.56668
0.4545
0.26838
0.060336
-0.11903
-0.23692
-0.28718
-0.28825
-0.27161
-0.26548
-0.28068
-0.30481
-0.30722
-0.25344
-0.12316
0.075776
0.30354
0.49762
0.59271
0.54444
0.34818
0.045252
-0.28661
-0.55639
-0.68882
-0.64936
-0.45609
-0.17376
0.10807
0.30574
0.37
0.30234
0.15315
0.0022051
-0.071556
-0.020253
0.15375
0.3967
0.62104
0.73563
0.67821
0.43842
0.063586
-0.35505
-0.71079
-0.91484
-0.92349
-0.74992
-0.45741
-0.13697
0.1226
0.26182
0.26592
0.16455
0.016952
-0.1109
-0.16878
-0.13657
-0.02667
0.12516
0.2754
0.38853
0.44674
0.45105
0.41461
0.35244
0.27283
0.17445
0.050468
-0.10264
-0.27612
-0.44477
-0.5705
-0.61354
-0.54741
-0.37199
-0.11894
0.15363
0.37646
0.48994
0.46323
0.30518
0.062625
-0.19354
-0.39012
-0.47405
-0.42783
-0.27302
-0.060915
0.14601
0.29511
0.35975
0.34508
0.28208
0.21254
0.17099
0.17056
0.19789
0.21915
0.19451
0.095736
-0.079818
-0.30418
-0.52489
-0.68035
-0.71945
-0.61872
-0.39128
-0.084563
0.23254
0.48897
0.63123
0.63746
0.52184
0.32848
0.11693
-0.055752
-0.15105
-0.15864
-0.097082
-0.0061389
0.066774
0.081713
0.018602
-0.11642
-0.29223
-0.46103
-0.57133
-0.58216
-0.47492
-0.25957
0.026274
0.32553
0.57508
0.72133
0.73376
0.6131
0.39149
0.12447
-0.12332
-0.29511
-0.35677
-0.30541
-0.16903
0.0023749
0.15195
0.23247
0.21947
0.1169
-0.045949
-0.22496
-0.37534
-0.46456
-0.47992
-0.42876
-0.33191
-0.2136
-0.092128
0.025033
0.13986
0.25722
0.37644
0.48522
0.55939
0.56954
0.49267
0.32427
0.085945
-0.17565
-0.39939
-0.52723
-0.52294
-0.38561
-0.15242
0.11094
0.32978
0.44355
0.42484
0.28753
0.081129
-0.12694
-0.27495
-0.328
-0.28918
-0.19661
-0.10751
-0.07493
-0.12589
-0.24897
-0.39634
-0.49979
-0.49543
-0.34825
-0.067641
0.29186
0.64544
0.90361
1
0.9121
0.66789
0.3364
0.0055335
-0.24519
-0.36798
-0.35877
-0.25454
-0.11782
-0.014164
0.009423
-0.06177
-0.20804
-0.38436
-0.53647
-0.61809
-0.60353
-0.49236
-0.30608
-0.07929
0.15056
0.3513
0.5001
0.58366
0.59642
0.53909
0.41885
0.25097
0.060248
-0.12007
-0.25335
-0.30833
-0.26921
-0.14334
0.037139
0.22158
0.35412
0.39033
0.3116
0.13219
-0.10399
-0.33642
-0.50653
-0.5756
-0.53572
-0.41003
-0.24244
-0.080674
0.040721
0.11101
0.14361
0.16629
0.20536
0.27073
0.34828
0.40321
0.3938
0.29043
0.092185
-0.16604
-0.41999
-0.59477
-0.62999
-0.50224
-0.23638
0.099261
0.41295
0.61867
0.66415
0.54801
0.31962
0.061453
-0.14011
-0.22528
-0.18168
-0.048104
0.10041
0.18094
0.1343
-0.051383
-0.33374
-0.62869
-0.83806
-0.88297
-0.73121
-0.40918
0.0055345
0.40851
0.7011
0.82034
0.75632
0.55182
0.28507
0.042508
-0.10893
-0.14068
-0.067134
0.064468
0.19373
0.26879
0.26223
0.17632
0.037258
-0.11801
-0.25629
-0.35812
-0.41996
-0.44888
-0.45327
-0.43476
-0.38543
-0.29207
-0.14563
0.048637
0.26542
0.46174
0.58784
0.6034
0.4933
0.27661
0.0047676
-0.25157
-0.42315
-0.46349
-0.36377
-0.15586
0.097731
0.32355
0.46016
0.4763
0.37861
0.20631
0.015573
-0.14078
-0.23077
-0.25187
-0.22811
-0.19725
-0.19331
-0.23121
-0.29945
-0.36359
-0.3793
-0.31017
-0.14374
0.10029
0.37282
0.60857
0.74535
0.74326
0.59739
0.34001
0.031536
-0.25662
-0.46205
-0.548
-0.51179
-0.38312
-0.21297
-0.057312
0.039715
0.057922
0.0055035
-0.085126
-0.16839
-0.20006
-0.15101
-0.016471
0.18154
0.39931
0.58237
0.67978
0.65779
0.50955
0.2583
-0.047148
-0.3436
-0.56877
-0.67678
-0.64993
-0.50322
-0.28039
-0.042113
0.15031
0.2515
0.24381
0.14119
-0.016157
-0.1745
-0.28277
-0.30719
-0.2398
-0.098745
0.079515
0.2528
0.38616
0.46069
0.47562
0.44366
0.38214
0.30407
0.21308
0.10432
-0.029058
-0.187
-0.3555
-0.50536
-0.59841
-0.59972
-0.49186
-0.28528
-0.020486
0.24036
0.43044
0.49874
0.42701
0.23712
-0.014559
-0.25421
-0.4138
-0.45261
-0.36957
-0.20206
-0.011423
0.13959
0.20947
0.19248
0.11967
0.045937
0.027782
0.09984
0.259
0.4622
0.63921
0.71624
0.64226
0.40865
0.055259
-0.33975
-0.68294
-0.89396
-0.92968
-0.79625
-0.54536
-0.25621
-0.0098259
0.13583
0.16172
0.090125
-0.026501
-0.12533
-0.15464
-0.089759
0.061167
0.26234
0.46348
0.61576
0.68502
0.65858
0.54471
0.36663
0.15439
-0.0622
-0.25742
-0.4106
-0.50556
-0.53078
-0.48141
-0.36284
-0.19385
-0.0068699
0.15661
0.25551
0.26111
0.16767
-0.0027706
-0.20394
-0.3773
-0.46909
-0.44709
-0.31121
-0.093947
0.14966
0.35953
0.48924
0.51954
0.46189
0.35101
0.22959
0.13126
0.068512
0.030309
-0.009733
-0.078068
-0.18533
-0.31678
-0.43376
-0.48651
-0.43391
-0.26279
0.0012447
0.29669
0.54277
0.66503
0.6209
0.41601
0.10481
-0.22557
-0.48317
-0.60124
-0.56008
-0.39265
-0.17185
0.016252
0.10378
0.065825
-0.070448
-0.23563
-0.34368
-0.32404
-0.14905
0.15346
0.50698
0.81029
0.97049
0.93373
0.70296
0.33712
-0.068012
-0.41021
-0.61219
-0.64342
-0.52576
-0.32194
-0.11188
0.034406
0.07799
0.019731
-0.1052
-0.24356
-0.34418
-0.37451
-0.32809
-0.22163
-0.084289
0.055414
0.17931
0.28237
0.3682
0.4404
0.49461
0.51569
0.48207
0.37599
0.19514
-0.039463
-0.28392
-0.48135
-0.57869
-0.54482
-0.3832
-0.13416
0.13519
0.35029
0.45183
0.41395
0.25191
0.016479
-0.22293
-0.40057
-0.47451
-0.43777
-0.31714
-0.16066
-0.018728
0.074114
0.11005
0.10795
0.10282
0.12909
0.20434
0.31969
0.44067
0.51846
0.50746
0.38306
0.15309
-0.1412
-0.43536
-0.65984
-0.76028
-0.71338
-0.53357
-0.26831
0.015985
0.25314
0.3953
0.42488
0.35694
0.23211
0.10247
0.015167
-0.0016443
0.053612
0.15643
0.26432
0.32997
0.31552
0.20429
0.0066229
-0.24144
-0.48644
-0.67069
-0.74689
-0.69083
-0.50841
-0.2354
0.070598
0.34401
0.52765
0.58719
0.51984
0.35466
0.1442
-0.050261
-0.17576
-0.20204
-0.1291
0.014308
0.18043
0.31753
0.38508
0.36461
0.26289
0.10704
-0.066202
-0.22276
-0.34072
-0.41383
-0.4483
-0.45506
-0.4412
-0.40475
-0.33535
-0.22077
-0.05664
0.14514
0.3536
0.52387
0.60965
0.57909
0.42836
0.18731
-0.085795
-0.31971
-0.45146
-0.44627
-0.30919
-0.084045
0.16036
0.35255
0.44153
0.4127
0.29111
0.1306
-0.0070543
-0.075593
-0.061725
0.0099657
0.0866
0.10778
0.030058
-0.15386
-0.40855
-0.66468
-0.84065
-0.86978
-0.72359
-0.42313
-0.034175
0.35215
0.64687
0.78967
0.76572
0.60752
0.38188
0.16668
0.025828
-0.0096365
0.051642
0.16782
0.28046
0.33498
0.29786
0.16546
-0.037366
-0.26728
-0.47641
-0.6253
-0.69104
-0.66906
-0.56964
-0.41214
-0.21961
-0.015744
0.17587
0.33178
0.42985
0.45289
0.39421
0.26307
0.086847
-0.092131
-0.22593
-0.27426
-0.21766
-0.065703
0.14325
0.3518
0.50009
0.5441
0.46928
0.29487
0.067152
-0.15617
-0.32471
-0.41077
-0.41573
-0.36541
-0.29664
-0.24051
-0.20915
-0.19159
-0.16033
-0.086188
0.044784
0.21963
0.39759
0.52145
0.53769
0.41823
0.17519
-0.1376
-0.43825
-0.6417
-0.68759
-0.56118
-0.29967
0.019148
0.30227
0.47245
0.49384
0.38315
0.20229
0.034904
-0.044986
-0.00078369
0.1523
0.35173
0.50964
0.54454
0.41166
0.12108
-0.26295
-0.64128
-0.9113
-0.99967
-0.88527
-0.60492
-0.2402
0.10945
0.35811
0.45846
0.41278
0.26715
0.092028
-0.04316
-0.092373
-0.044957
0.075648
0.22451
0.35332
0.42674
0.43145
0.37549
0.27975
0.16638
0.049547
-0.067438
-0.18806
-0.31406
-0.43722
-0.53613
-0.58036
-0.54139
-0.40593
-0.18632
0.077326
0.3251
0.49388
0.53716
0.4413
0.23197
-0.031894
-0.27521
-0.42956
-0.45398
-0.34686
-0.14489
0.090192
0.29246
0.41279
0.43293
0.36799
0.25725
0.14705
0.072468
0.044576
0.047896
0.04865
0.010477
-0.088511
-0.24391
-0.42305
-0.57392
-0.64201
-0.58933
-0.40889
-0.12966
0.1899
0.4778
0.66887
0.72304
0.63607
0.43945
0.19
-0.047251
-0.21776
-0.29182
-0.27094
-0.18463
-0.079372
-0.0031782
0.0093074
-0.052831
-0.17375
-0.31564
-0.42975
-0.47045
-0.40867
-0.24093
0.0081516
0.2907
0.54671
0.71867
0.76614
0.6765
0.46893
0.19027
-0.096281
-0.32719
-0.45478
-0.45946
-0.35424
-0.18042
0.0047573
0.14455
0.19873
0.15427
0.027603
-0.14186
-0.30478
-0.41689
-0.4513
-0.40418
-0.29254
-0.14566
0.0062326
0.14158
0.25185
0.33948
0.41087
0.46808
0.50331
0.49921
0.4356
0.3001
0.098332
-0.14114
-0.37031
-0.53368
-0.58531
-0.50525
-0.30911
-0.0466
0.21146
0.39401
0.45181
0.37306
0.18702
-0.045979
-0.25484
-0.38159
-0.40027
-0.32428
-0.19949
-0.085576
-0.032376
-0.060031
-0.15025
-0.25226
-0.30151
-0.2446
-0.061429
0.22375
0.5466
0.8214
0.96806
0.93815
0.73127
0.39595
0.014869
-0.32051
-0.53753
-0.60296
-0.53023
-0.37155
-0.19825
-0.076497
-0.046532
-0.112
-0.242
-0.38398
-0.4824
-0.49634
-0.41063
-0.23776
-0.01128
0.22572
0.43257
