0
0
0
0
0
0
0
0
0
0
0
0
0
0
0
0
0
0
0
0
0
0
0
0
0
0
0
0
0
0
0
0
0
0
0
0
0
0
0
0
0
0
0
0
0
0
0
0
0
0
0
0
0
0
0
0
0
0
0
0
0
0
0
0
0
0
0
0
0
0
0
0
0
0
0
0
0
0
0
0
0
0
0
0
0
0
0
0
0
0
0
0
0
0
0
0
0
0
0
0
0
0
0
0
0
0
0
0
0
0
0
0
0
0
0
0
0
0
0
0
0
0
0
0
0
0
0
0
0
0
0
0
0
0
0
0
0
0
0
0
0
0
0
0
0
0
0
0
0
0
0
0
0
0
0
0
0
0
0
0
0
0
0
0
0
0
0
0
0
0
0
0
0
0
0
0
0
0
0
0
0
0
0
0
0
0
0
0
0
0
0
0
0
0
0
0
0
0
0
0
0
0
0
0
0
0
0
0
0
0
0
0
0
0
0
0
0
0
0
0
0
0
0
0
0
0
0
0
0
0
0
0
0
0
0
0
0
0
0
0
0
0
0
0
0
0
0
0
0
0
0
0
0
0
0
0
0
0
0
0
0
0
0
0
0
0
0
0
0
0
-0.84119
-0.77247
-0.67267
-0.56553
-0.46392
-0.36522
-0.25486
-0.11615
0.058477
0.26033
0.46519
0.64172
0.76363
0.81992
0.81822
0.77973
0.72815
0.67802
0.62809
0.56306
0.46264
0.31379
0.1198
-0.098137
-0.30797
-0.47911
-0.59428
-0.65529
-0.67984
-0.69117
-0.70535
-0.72266
-0.72719
-0.69492
-0.60644
-0.45808
-0.26591
-0.060592
0.12473
0.26762
0.3645
0.42974
0.48623
0.55212
0.63005
0.70445
0.74813
0.73519
0.65397
0.51376
0.34179
0.17201
0.030785
-0.073567
-0.15238
-0.22867
-0.32341
-0.44293
-0.57351
-0.68609
-0.74888
-0.7419
-0.6664
-0.54458
-0.40957
-0.29054
-0.19996
-0.12927
-0.055014
0.047506
0.18976
0.3618
0.53453
0.67146
0.74451
0.74617
0.6922
0.61349
0.5409
0.49051
0.45633
0.41413
0.33457
0.1993
0.012117
-0.20036
-0.39899
-0.54868
-0.63313
-0.66089
-0.65955
-0.66094
-0.6845
-0.72691
-0.76309
-0.75831
-0.68548
-0.53944
-0.34103
-0.12892
0.056981
0.19284
0.28031
0.34373
0.41618
0.52135
0.65987
0.807
0.92292
0.9709
0.93445
0.82534
0.67838
0.53527
0.42539
0.35267
0.29496
0.21638
0.086634
-0.10197
-0.3283
-0.55012
-0.72223
-0.81645
-0.83381
-0.80292
-0.76531
-0.75454
-0.77941
-0.81929
-0.83412
-0.7843
-0.651
-0.44687
-0.21195
0.0037059
0.16222
0.25448
0.30286
0.34877
0.43089
0.56454
0.73243
0.89124
0.99132
1
0.91731
0.77634
0.62791
0.51677
0.4606
0.44226
0.41895
0.34422
0.19213
-0.028068
-0.27412
-0.48899
-0.62663
-0.67289
-0.65137
-0.61135
-0.60321
-0.65326
-0.75017
-0.84967
-0.89562
-0.84742
-0.70054
-0.49009
-0.27551
-0.11331
-0.030999
-0.014823
-0.017257
0.018926
0.13158
0.3191
0.53925
0.72779
0.82824
0.81848
0.72145
0.59434
0.50129
0.48254
0.53482
0.61275
0.65078
0.59543
0.43238
0.19514
-0.049157
-0.23044
-0.30823
-0.29052
-0.22946
-0.19585
-0.24418
-0.38515
-0.57906
-0.75351
-0.83746
-0.79532
-0.64473
-0.4491
-0.28812
-0.22006
-0.25391
-0.3449
-0.41603
-0.39555
-0.25263
-0.013949
0.24714
0.44415
0.51797
0.46496
0.33891
0.2255
0.20105
0.29519
0.47548
0.66175
0.7638
0.72475
0.54927
0.30282
0.081795
-0.03164
-0.0086459
0.1122
0.24297
0.28849
0.19269
-0.032985
-0.31309
-0.5425
-0.63566
-0.56746
-0.3859
-0.1901
-0.083526
-0.12432
-0.29662
-0.51683
-0.67259
-0.67626
-0.50768
-0.2255
0.05889
0.23308
0.23678
0.09094
-0.11132
-0.24847
-0.22866
-0.034643
0.26608
0.55145
0.70163
0.65586
0.44228
0.16597
-0.039691
-0.076055
0.073335
0.33355
0.57246
0.66285
0.54328
0.24894
-0.10291
-0.36662
-0.43635
-0.29648
-0.030202
0.21859
0.31288
0.18794
-0.11635
-0.4722
-0.72264
-0.75505
-0.55513
-0.21533
0.10699
0.26266
0.18119
-0.094794
-0.4279
-0.64949
-0.63893
-0.38164
0.021892
0.4011
0.59411
0.52366
0.23451
-0.12595
-0.37556
-0.38273
-0.12926
0.27908
0.66003
0.83903
0.73105
0.38188
-0.051242
-0.37145
-0.43359
-0.21275
0.18253
0.55921
0.72888
0.59614
0.20465
-0.28082
-0.64928
-0.74078
-0.52137
-0.10038
0.31875
0.53199
0.42967
0.048813
-0.44206
-0.81939
-0.9075
-0.66066
-0.18586
0.30475
0.59066
0.54472
0.19279
-0.29672
-0.68921
-0.79164
-0.54223
-0.040532
0.49657
0.83325
0.8228
0.47574
-0.043778
-0.49209
-0.65725
-0.45658
0.024326
0.56941
0.93
0.9383
0.58471
0.023387
-0.49692
-0.74556
-0.61503
-0.17049
0.37917
0.77572
0.8289
0.5033
-0.064742
-0.62805
-0.94003
-0.8661
-0.44473
0.1296
0.59399
0.73565
0.48791
-0.039496
-0.60974
-0.96528
-0.94361
-0.55023
0.043863
0.57882
0.82223
0.67278
0.20511
-0.36418
-0.77367
-0.83383
-0.51119
0.057293
0.62574
0.94876
0.89004
0.48181
-0.090542
-0.57146
-0.74843
-0.54517
-0.054067
0.50599
0.88679
0.9199
0.58954
0.037937
-0.49838
-0.7926
-0.72601
-0.338
0.19324
0.62991
0.77834
0.57205
0.098559
-0.44055
-0.81788
-0.87802
-0.60272
-0.11624
0.37019
0.64977
0.60782
0.26861
-0.21766
-0.64069
-0.81992
-0.67983
-0.27954
0.21457
0.60035
0.72473
0.54609
0.14911
-0.29299
-0.59183
-0.6218
-0.37043
0.058621
0.49015
0.75017
0.73659
0.45944
0.03481
-0.3638
-0.57637
-0.52063
-0.22409
0.18843
0.54604
0.70076
0.58669
0.2459
-0.18894
-0.54782
-0.69132
-0.56618
-0.22651
0.18773
0.50652
0.59769
0.42013
0.041039
-0.39012
-0.70077
-0.76436
-0.5518
-0.14455
0.29682
0.59625
0.63319
0.39224
-0.029024
-0.45787
-0.71555
-0.69001
-0.38283
0.08945
0.54093
0.7911
0.73868
0.40428
-0.076272
-0.50587
-0.70614
-0.59091
-0.20275
0.30282
0.71985
0.87586
0.70304
0.26703
-0.25881
-0.66355
-0.78477
-0.57531
-0.12297
0.38493
0.73788
0.78815
0.5111
0.015278
-0.50191
-0.83451
-0.85155
-0.54966
-0.053607
0.43498
0.71955
0.68762
0.35506
-0.14177
-0.60205
-0.84153
-0.76564
-0.40564
0.095809
0.54286
0.76454
0.68128
0.33412
-0.13391
-0.53574
-0.71384
-0.60045
-0.24162
0.22307
0.61614
0.79065
0.68521
0.34518
-0.096981
-0.47343
-0.64454
-0.55038
-0.23137
0.18866
0.54976
0.7155
0.62296
0.30502
-0.12255
-0.50421
-0.70178
-0.64504
-0.35735
0.052763
0.43128
0.63512
0.58506
0.29571
-0.12869
-0.53177
-0.76245
-0.73141
-0.44567
-0.0077092
0.42125
0.68089
0.67246
0.39732
-0.041625
-0.47728
-0.74087
-0.7265
-0.4327
0.035183
0.50372
0.79687
0.80341
0.52032
0.054981
-0.4151
-0.70989
-0.71585
-0.42969
0.040128
0.51478
0.81339
0.82205
0.5368
0.06455
-0.41828
-0.73307
-0.76628
-0.51126
-0.069122
0.39089
0.69566
0.73257
0.48996
0.059208
-0.40108
-0.7246
-0.79798
-0.60036
-0.20849
0.23347
0.56717
0.6766
0.52797
0.17941
-0.24171
-0.5848
-0.72884
-0.6237
-0.3061
0.11424
0.49315
0.70168
0.67007
0.4114
0.017036
-0.37455
-0.62512
-0.64442
-0.42198
-0.031939
0.3914
0.69946
0.78134
0.60374
0.22449
-0.22596
-0.58951
-0.73632
-0.61216
-0.2594
0.1963
0.59002
0.7767
0.6842
0.34059
-0.13478
-0.57364
-0.81962
-0.78508
-0.48321
-0.023407
0.42848
0.71026
0.72196
0.46131
0.023633
-0.43351
-0.7474
-0.80809
-0.59637
-0.18867
0.27188
0.62693
0.75824
0.62733
0.28634
-0.14239
-0.50998
-0.69191
-0.62907
-0.34544
0.062062
0.45743
0.71095
0.74121
0.5406
0.17654
-0.23117
-0.54938
-0.67452
-0.56598
-0.25949
0.14392
0.51009
0.71513
0.68647
0.42792
0.020199
-0.40422
-0.70434
-0.77809
-0.598
-0.2224
0.2226
0.5849
0.73847
0.62739
0.28649
-0.16941
-0.58436
-0.81508
-0.78082
-0.49163
-0.045041
0.40778
0.71444
0.7737
0.56962
0.17585
-0.27097
-0.61872
-0.75139
-0.62713
-0.29024
0.14589
0.53808
0.76094
0.74689
0.50587
0.11967
-0.28632
-0.58375
-0.68137
-0.55223
-0.24044
0.15384
0.50584
0.70451
0.68625
0.45434
0.078218
-0.32719
-0.63632
-0.75176
-0.63533
-0.32153
0.091512
0.47176
0.69489
0.68486
0.44013
0.036129
-0.39766
-0.71931
-0.82135
-0.66705
-0.3038
0.15175
0.55195
0.76715
0.72881
0.45202
0.029994
-0.39751
-0.6907
-0.75547
-0.57306
-0.20438
0.23158
0.59736
0.78094
0.72995
0.46583
0.074558
-0.32185
-0.60344
-0.68802
-0.55428
-0.24625
0.14125
0.49118
0.69847
0.7003
0.49413
0.13863
-0.26276
-0.59158
-0.74894
-0.68558
-0.41797
-0.02529
0.37297
0.65276
0.72402
0.5601
0.20794
-0.22488
-0.60311
-0.80655
-0.76883
-0.49945
-0.081291
0.35556
0.67546
0.78051
0.64126
0.30513
-0.11992
-0.50048
-0.7198
-0.71328
-0.48655
-0.1113
0.29853
0.62217
0.76753
0.69675
0.43488
0.060565
-0.31774
-0.59271
-0.68772
-0.57738
-0.29398
0.081439
0.44126
0.68085
0.72803
0.56438
0.23214
-0.17608
-0.54269
-0.75919
-0.759
-0.53893
-0.16218
0.25923
0.59776
0.74948
0.66664
0.37315
-0.042381
-0.45394
-0.73709
-0.80726
-0.645
-0.30074
0.12204
0.49924
0.72347
0.73496
0.53695
0.19216
-0.19745
-0.52086
-0.68881
-0.65717
-0.43714
-0.090474
0.28795
0.59555
0.74886
0.70537
0.475
0.1184
-0.26824
-0.57826
-0.72369
-0.66063
-0.40335
-0.022502
0.37344
0.66871
0.77432
0.65536
0.34265
-0.075267
-0.47798
-0.74909
-0.81102
-0.64794
-0.30971
0.1039
0.4736
0.69567
0.71126
0.52135
0.184
-0.2042
-0.53614
-0.72334
-0.7184
-0.52546
-0.19717
0.18017
0.509
0.70492
0.71758
0.54333
0.22684
-0.14928
-0.48471
-0.68734
-0.69835
-0.50969
-0.16855
0.23371
0.58573
0.78748
0.77944
0.56083
0.19097
-0.22732
-0.57738
-0.76249
-0.73363
-0.50275
-0.13801
0.25702
0.57347
0.72725
0.68084
0.451
0.10178
-0.27438
-0.58131
-0.74309
-0.72161
-0.52448
-0.20203
0.16522
0.48566
0.67842
0.69316
0.52343
0.20995
-0.16781
-0.51071
-0.72545
-0.75021
-0.573
-0.2369
0.17015
0.539
0.76963
0.79958
0.62171
0.286
-0.1151
-0.4731
-0.69378
-0.72231
-0.55635
-0.24432
0.12968
0.46916
0.68991
0.7398
0.60958
0.33303
-0.022374
-0.37171
-0.63193
-0.74066
-0.6706
-0.43677
-0.094429
0.2726
0.57144
0.72331
0.68483
0.46114
0.10674
-0.28741
-0.61764
-0.79573
-0.77346
-0.55612
-0.20105
0.19853
0.53942
0.73624
0.74336
0.56505
0.2519
-0.11434
-0.44254
-0.65451
-0.70243
-0.57803
-0.31255
0.031551
0.37477
0.63777
0.75851
0.70629
0.4897
0.15648
-0.2158
-0.53704
-0.72648
-0.73387
-0.55406
-0.23022
0.15596
0.5052
0.72692
0.76369
0.60643
0.29628
-0.087311
-0.4484
-0.69967
-0.78395
-0.68658
-0.43635
-0.096051
0.25395
0.53444
0.68426
0.67219
0.50244
0.21322
-0.13103
-0.4525
-0.67626
-0.74698
-0.64274
-0.3823
-0.023014
0.35111
0.64936
0.79732
0.75685
0.5369
0.19201
-0.19182
-0.51963
-0.71221
-0.72578
-0.56174
-0.26411
0.093364
0.42647
0.6604
0.74566
0.66692
0.44407
0.12635
-0.21832
-0.5169
-0.70542
-0.74182
-0.6154
-0.35081
-0.0047571
0.34477
0.6156
0.7411
0.68755
0.46427
0.12276
-0.25535
-0.57879
-0.76995
-0.78439
-0.62127
-0.32204
0.041488
0.38583
0.63583
0.74087
0.68398
0.48283
0.18377
-0.14883
-0.44547
-0.6444
-0.70301
-0.60626
-0.37079
-0.043408
0.30681
0.60219
0.77378
0.77833
0.61031
0.30515
-0.068035
-0.42292
-0.67738
-0.77394
-0.69357
-0.45919
-0.12844
0.22168
0.51364
0.68651
0.70769
0.57722
0.32529
0.00446
-0.32096
-0.58655
-0.73898
-0.74569
-0.60174
-0.33253
0.0090972
0.35203
0.62132
0.75527
0.72094
0.52361
0.20696
-0.15669
-0.48381
-0.70018
-0.75855
-0.64908
-0.39979
-0.067989
0.27439
0.55721
0.72616
0.75183
0.63307
0.39523
0.084578
-0.23971
-0.51532
-0.68732
-0.71866
-0.59872
-0.34779
-0.015388
0.32848
0.60808
0.7595
0.74653
0.57018
0.26896
-0.090487
-0.42969
-0.67704
-0.7837
-0.73298
-0.5414
-0.25243
0.074502
0.37635
0.59772
0.69933
0.66346
0.49627
0.2274
-0.09382
-0.40562
-0.64452
-0.75813
-0.71751
-0.52558
-0.21876
0.13969
0.47359
0.71158
0.80395
0.73388
0.52028
0.21169
-0.1262
-0.42575
-0.63114
-0.70782
-0.64652
-0.4624
-0.19073
0.11936
0.41227
0.63402
0.74089
0.70787
0.5352
0.25105
-0.091696
-0.42486
-0.67931
-0.80086
-0.76342
-0.57548
-0.27811
0.065199
0.38366
0.61507
0.71821
0.67933
0.51188
0.25121
-0.053673
-0.34885
-0.58353
-0.7168
-0.72335
-0.59799
-0.35822
-0.04365
0.28901
0.57569
0.75796
0.7965
0.68118
0.43459
0.10756
-0.23252
-0.51718
-0.692
-0.72744
-0.62287
-0.40391
-0.1148
0.19143
0.46227
0.65323
0.7331
0.68748
0.52102
0.25805
-0.059106
-0.37532
-0.63163
-0.7768
-0.77913
-0.63499
-0.37128
-0.040399
0.2913
0.55848
0.71117
0.72454
0.60212
0.37233
0.080431
-0.22135
-0.48289
-0.66298
-0.7337
-0.68306
-0.51655
-0.25763
0.053733
0.36546
0.62133
0.77163
0.78438
0.65379
0.4033
0.081377
-0.24891
-0.52401
-0.69364
-0.73057
-0.63421
-0.42794
-0.152
0.14546
0.41656
0.6199
0.72478
0.71397
0.58604
0.3569
0.059836
-0.25749
-0.53975
-0.73412
-0.80165
-0.72692
-0.52277
-0.22829
0.099794
0.39974
0.6181
0.71998
0.69385
0.55085
0.31971
0.039899
-0.24508
-0.49297
-0.66686
-0.7388
-0.69363
-0.53274
-0.27664
0.035672
0.35158
0.61412
0.77382
0.79995
0.68788
0.46017
0.16108
-0.15384
-0.42982
-0.62323
-0.70789
-0.67671
-0.53966
-0.3199
-0.049896
0.23205
0.48494
0.66913
0.75176
0.71326
0.55327
0.29365
-0.023314
-0.34212
-0.60533
-0.76597
-0.7975
-0.69864
-0.49187
-0.21674
0.079481
0.35095
0.55984
0.67978
0.6968
0.60925
0.4277
0.1751
-0.1138
-0.39521
-0.62203
-0.75239
-0.75897
-0.63639
-0.40391
-0.1022
0.21532
0.49407
0.68948
0.77461
0.74286
0.60587
0.38856
0.12351
-0.15354
-0.40677
-0.60249
-0.71191
-0.71508
-0.60569
-0.39512
-0.11352
0.19353
0.47298
0.67516
0.76459
0.72746
0.5736
0.33278
0.046899
-0.23924
-0.4856
-0.66164
-0.74781
-0.73526
-0.62522
-0.42919
-0.16956
0.12041
0.39905
0.62186
0.74982
0.75832
0.64376
0.42548
0.14206
-0.15727
-0.42322
-0.61601
-0.71138
-0.70197
-0.59505
-0.40846
-0.16675
0.10118
0.36334
0.58599
0.7365
0.78826
0.72689
0.5556
0.29743
-0.007412
-0.30897
-0.55792
-0.71578
-0.76213
-0.69669
-0.5366
-0.31045
-0.051654
0.2067
0.43458
0.60586
0.69897
0.69848
0.59837
0.40573
0.14314
-0.15236
-0.43455
-0.65687
-0.78232
-0.79149
-0.68609
-0.4872
-0.22902
0.049258
0.31075
0.52547
0.67178
0.73576
0.71038
0.59591
0.40162
0.1479
-0.13339
-0.40177
-0.61457
-0.7357
-0.74398
-0.63836
-0.43809
-0.17772
0.10106
0.35821
0.56182
0.69099
0.73542
0.69322
0.56904
0.37374
0.12549
-0.14906
-0.41545
-0.6353
-0.77312
-0.80434
-0.72187
-0.5387
-0.28526
-0.0025045
0.26717
0.48806
0.63607
0.69965
0.6776
0.57601
0.40596
0.18337
-0.070024
-0.32579
-0.55026
-0.70901
-0.77381
-0.72987
-0.58073
-0.34864
-0.070022
0.21269
0.45996
0.64211
0.74242
0.75628
0.68796
0.54724
0.34762
0.10668
-0.15255
-0.40103
-0.60588
-0.73546
-0.7665
-0.69068
-0.51807
-0.27581
-0.0022097
0.26182
0.48105
0.63139
0.70129
0.68965
0.60222
0.44865
0.2418
-0.001113
-0.25672
-0.4954
-0.68417
-0.79266
-0.80043
-0.70291
-0.51374
-0.26204
0.01423
0.2768
0.49433
0.64637
0.72333
0.72375
0.65096
0.51128
0.31466
0.076835
-0.17863
-0.42084
-0.61544
-0.73147
-0.74888
-0.66404
-0.49098
-0.25782
0.00023835
0.24889
0.46064
0.61726
0.70872
0.73027
0.68007
0.55888
0.3723
0.13396
-0.13242
-0.39421
-0.61484
-0.76143
-0.81248
-0.76284
-0.6242
-0.42092
-0.18319
0.059857
0.28453
0.47351
0.61403
0.69533
0.70756
0.64342
0.50207
0.29327
0.039393
-0.22642
-0.46621
-0.64534
-0.74014
-0.74229
-0.65857
-0.50661
-0.30873
-0.086661
0.14105
0.35833
0.54924
0.69599
0.77953
0.78314
0.69799
0.52817
0.29265
0.02285
-0.24385
-0.47238
-0.63713
-0.72545
-0.73691
-0.6792
-0.56325
-0.39995
-0.19986
0.024469
0.2555
0.4695
0.63866
0.73655
0.74513
0.66041
0.49446
0.27259
0.026953
-0.21121
-0.4175
-0.57671
-0.68135
-0.72798
-0.71391
-0.63629
-0.49438
-0.29366
-0.049508
0.21209
0.45787
0.65414
0.77463
0.80644
0.75189
0.62577
0.44943
0.2445
0.028819
-0.18404
-0.38237
-0.55291
-0.67918
-0.74302
-0.72931
-0.63192
-0.45819
-0.22952
0.022632
0.264
0.46534
0.60789
0.68463
0.69756
0.6528
0.55634
0.41256
0.22618
0.0061795
-0.23071
-0.4595
-0.6504
-0.77552
-0.81618
-0.76797
-0.64136
-0.45783
-0.2431
-0.020549
0.19268
0.38562
0.55026
0.67764
0.7557
0.77069
0.71183
0.57699
0.37683
0.13483
-0.11712
-0.34623
-0.52644
-0.64323
-0.69403
-0.68459
-0.62353
-0.51786
-0.37183
-0.18925
0.022066
0.24662
0.46068
0.63593
0.74626
0.77499
0.71958
0.59172
0.41296
0.20774
-0.0029964
-0.20507
-0.39025
-0.55235
-0.68289
-0.76909
-0.79558
-0.74961
-0.62719
-0.43734
-0.20206
0.048279
0.28251
0.47609
0.61549
0.69801
0.72768
0.70978
0.64671
0.53763
0.38169
0.18323
-0.044055
-0.27663
-0.48504
-0.6411
-0.72539
-0.73197
-0.66838
-0.55121
-0.3993
-0.22793
-0.046378
0.14032
0.32674
0.50251
0.65052
0.74948
0.77994
0.73123
0.60626
0.42171
0.20345
-0.020903
-0.22912
-0.40819
-0.55364
-0.66508
-0.74081
-0.77447
-0.75569
-0.67467
-0.52844
-0.32569
-0.087523
0.15674
0.37697
0.55004
0.66456
0.72092
0.72686
0.6912
0.61881
0.50942
0.36067
0.17377
-0.041414
-0.26472
-0.46881
-0.62616
-0.71683
-0.73385
-0.68386
-0.58281
-0.44897
-0.29651
-0.13262
0.040831
0.22215
0.40425
0.57183
0.70312
0.77586
0.77485
0.69775
0.55636
0.37277
0.17198
-0.025521
-0.20813
-0.37259
-0.5194
-0.64669
-0.74605
-0.80275
-0.80041
-0.72816
-0.58679
-0.39087
-0.16557
0.060573
0.26377
0.43049
0.55811
0.65074
0.71272
0.74315
0.73441
0.67553
0.55875
0.38605
0.17221
-0.057334
-0.27324
-0.45067
-0.5758
-0.64748
-0.67379
-0.66517
-0.62789
-0.56091
-0.45789
-0.31301
-0.12787
0.084427
0.30016
0.49091
0.63203
0.70988
0.72464
0.68763
0.61449
0.51768
0.4019
0.26458
0.10103
-0.088592
-0.29399
-0.49431
-0.66297
-0.77586
-0.81925
-0.79373
-0.71253
-0.59498
-0.45841
-0.3122
-0.1568
0.012048
0.19621
0.38894
0.57297
0.72404
0.81867
0.84252
0.79551
0.69132
0.55145
0.3968
0.24045
0.085327
-0.072729
-0.23794
-0.40751
-0.56821
-0.69853
-0.77572
-0.78449
-0.72326
-0.60501
-0.45221
-0.28833
-0.12965
0.01858
0.16024
0.30171
0.44409
0.57834
0.68591
0.74486
0.73872
0.66377
0.53136
0.36403
0.18712
0.019909
-0.12974
-0.26482
-0.39318
-0.5193
-0.63802
-0.73365
-0.78497
-0.77395
-0.69405
-0.55405
-0.37551
-0.18495
-0.0043683
0.15549
0.29604
0.4258
0.55189
0.67263
0.77495
0.83816
0.84229
0.77724
0.64818
0.4745
0.2829
0.097523
-0.068036
-0.21324
-0.34664
-0.47753
-0.60745
-0.72601
-0.81311
-0.84679
-0.81293
-0.71218
-0.5607
-0.38428
-0.20849
-0.049549
0.089857
0.21795
0.34588
0.47844
0.60823
0.71624
0.77887
0.77796
0.70919
0.58469
0.42849
0.26698
0.11884
-0.010849
-0.1295
-0.24974
-0.37956
-0.51488
-0.63839
-0.72536
-0.75384
-0.71431
-0.61422
-0.47508
-0.32354
-0.18058
-0.054039
0.062121
0.18145
0.31485
0.46174
0.60695
0.72513
0.7907
0.78863
0.7209
0.60553
0.46854
0.33279
0.20882
0.092396
-0.030547
-0.17368
-0.34012
-0.51742
-0.6802
-0.79955
-0.85465
-0.84119
-0.77247
-0.67267
-0.56553
-0.46392
-0.36522
-0.25486
-0.11615
0.058477
0.26033
0.46519
0.64172
0.76363
0.81992
0.81822
0.77973
0.72815
0.67802
0.62809
0.56306
0.46264
0.31379
0.1198
-0.098137
-0.30797
-0.47911
-0.59428
-0.65529
-0.67984
-0.69117
-0.70535
-0.72266
-0.72719
-0.69492
-0.60644
-0.45808
-0.26591
-0.060592
0.12473
0.26762
0.3645
0.42974
0.48623
0.55212
0.63005
0.70445
0.74813
0.73519
0.65397
0.51376
0.34179
0.17201
0.030785
-0.073567
-0.15238
-0.22867
-0.32341
-0.44293
-0.57351
-0.68609
-0.74888
-0.7419
-0.6664
-0.54458
-0.40957
-0.29054
-0.19996
-0.12927
-0.055014
0.047506
0.18976
0.3618
0.53453
0.67146
0.74451
0.74617
0.6922
0.61349
0.5409
0.49051
0.45633
0.41413
0.33457
0.1993
0.012117
-0.20036
-0.39899
-0.54868
-0.63313
-0.66089
-0.65955
-0.66094
-0.6845
-0.72691
-0.76309
-0.75831
-0.68548
-0.53944
-0.34103
-0.12892
0.056981
0.19284
0.28031
0.34373
0.41618
0.52135
0.65987
0.807
0.92292
0.9709
0.93445
0.82534
0.67838
0.53527
0.42539
0.35267
0.29496
0.21638
0.086634
-0.10197
-0.3283
-0.55012
-0.72223
-0.81645
-0.83381
-0.80292
-0.76531
-0.75454
-0.77941
-0.81929
-0.83412
-0.7843
-0.651
-0.44687
-0.21195
0.0037059
0.16222
0.25448
0.30286
0.34877
0.43089
0.56454
0.73243
0.89124
0.99132
1
0.91731
0.77634
0.62791
0.51677
0.4606
0.44226
0.41895
0.34422
0.19213
-0.028068
-0.27412
-0.48899
-0.62663
-0.67289
-0.65137
-0.61135
-0.60321
-0.65326
-0.75017
-0.84967
-0.89562
-0.84742
-0.70054
-0.49009
-0.27551
-0.11331
-0.030999
-0.014823
-0.017257
0.018926
0.13158
0.3191
0.53925
0.72779
0.82824
0.81848
0.72145
0.59434
0.50129
0.48254
0.53482
0.61275
0.65078
0.59543
0.43238
0.19514
-0.049157
-0.23044
-0.30823
-0.29052
-0.22946
-0.19585
-0.24418
-0.38515
-0.57906
-0.75351
-0.83746
-0.79532
-0.64473
-0.4491
-0.28812
-0.22006
-0.25391
-0.3449
-0.41603
-0.39555
-0.25263
-0.013949
0.24714
0.44415
0.51797
0.46496
0.33891
0.2255
0.20105
0.29519
0.47548
0.66175
0.7638
0.72475
0.54927
0.30282
0.081795
-0.03164
-0.0086459
0.1122
0.24297
0.28849
0.19269
-0.032985
-0.31309
-0.5425
-0.63566
-0.56746
-0.3859
-0.1901
-0.083526
-0.12432
-0.29662
-0.51683
-0.67259
-0.67626
-0.50768
-0.2255
0.05889
0.23308
0.23678
0.09094
-0.11132
-0.24847
-0.22866
-0.034643
0.26608
0.55145
0.70163
0.65586
0.44228
0.16597
-0.039691
-0.076055
0.073335
0.33355
0.57246
0.66285
0
0
0
0
0
0
0
0
0
0
0
0
0
0
0
0
0
0
0
0
0
0
0
0
0
0
0
0
0
0
0
0
0
0
0
0
0
0
0
0
0
0
0
0
0
0
0
0
0
0
0
0
0
0
0
0
0
0
0
0
0
0
0
0
0
0
0
0
0
0
0
0
0
0
0
0
0
0
0
0
0
0
0
0
0
0
0
0
0
0
0
0
0
0
0
0
0
0
0
0
0
0
0
0
0
0
0
0
0
0
0
0
0
0
0
0
0
0
0
0
0
0
0
0
0
0
0
0
0
0
0
0
0
0
0
0
0
0
0
0
0
0
0
0
0
0
0
0
0
0
0
0
0
0
0
0
0
0
0
0
0
0
0
0
0
0
0
0
0
0
0
0
0
0
0
0
0
0
0
0
0
0
0
0
0
0
0
0
0
0
0
0
0
0
0
0
0
0
0
0
0
0
0
0
0
0
0
0
0
0
0
0
0
0
0
0
0
0
0
0
0
0
0
0
0
0
0
0
0
0
0
0
0
0
0
0
0
0
0
0
0
0
0
0
0
0
0
0
0
0
0
0
0
0
0
0
0
0
0
0
0
0
0
0
0
0
0
0
0
0
-0.84119
-0.77247
-0.67267
-0.56553
-0.46392
-0.36522
-0.25486
-0.11615
0.058477
0.26033
0.46519
0.64172
0.76363
0.81992
0.81822
0.77973
0.72815
0.67802
0.62809
0.56306
0.46264
0.31379
0.1198
-0.098137
-0.30797
-0.47911
-0.59428
-0.65529
-0.67984
-0.69117
-0.70535
-0.72266
-0.72719
-0.69492
-0.60644
-0.45808
-0.26591
-0.060592
0.12473
0.26762
0.3645
0.42974
0.48623
0.55212
0.63005
0.70445
0.74813
0.73519
0.65397
0.51376
0.34179
0.17201
0.030785
-0.073567
-0.15238
-0.22867
-0.32341
-0.44293
-0.57351
-0.68609
-0.74888
-0.7419
-0.6664
-0.54458
-0.40957
-0.29054
-0.19996
-0.12927
-0.055014
0.047506
0.18976
0.3618
0.53453
0.67146
0.74451
0.74617
0.6922
0.61349
0.5409
0.49051
0.45633
0.41413
0.33457
0.1993
0.012117
-0.20036
-0.39899
-0.54868
-0.63313
-0.66089
-0.65955
-0.66094
-0.6845
-0.72691
-0.76309
-0.75831
-0.68548
-0.53944
-0.34103
-0.12892
0.056981
0.19284
0.28031
0.34373
0.41618
0.52135
0.65987
0.807
0.92292
0.9709
0.93445
0.82534
0.67838
0.53527
0.42539
0.35267
0.29496
0.21638
0.086634
-0.10197
-0.3283
-0.55012
-0.72223
-0.81645
-0.83381
-0.80292
-0.76531
-0.75454
-0.77941
-0.81929
-0.83412
-0.7843
-0.651
-0.44687
-0.21195
0.0037059
0.16222
0.25448
0.30286
0.34877
0.43089
0.56454
0.73243
0.89124
0.99132
1
0.91731
0.77634
0.62791
0.51677
0.4606
0.44226
0.41895
0.34422
0.19213
-0.028068
-0.27412
-0.48899
-0.62663
-0.67289
-0.65137
-0.61135
-0.60321
-0.65326
-0.75017
-0.84967
-0.89562
-0.84742
-0.70054
-0.49009
-0.27551
-0.11331
-0.030999
-0.014823
-0.017257
0.018926
0.13158
0.3191
0.53925
0.72779
0.82824
0.81848
0.72145
0.59434
0.50129
0.48254
0.53482
0.61275
0.65078
0.59543
0.43238
0.19514
-0.049157
-0.23044
-0.30823
-0.29052
-0.22946
-0.19585
-0.24418
-0.38515
-0.57906
-0.75351
-0.83746
-0.79532
-0.64473
-0.4491
-0.28812
-0.22006
-0.25391
-0.3449
-0.41603
-0.39555
-0.25263
-0.013949
0.24714
0.44415
0.51797
0.46496
0.33891
0.2255
0.20105
0.29519
0.47548
0.66175
0.7638
0.72475
0.54927
0.30282
0.081795
-0.03164
-0.0086459
0.1122
0.24297
0.28849
0.19269
-0.032985
-0.31309
-0.5425
-0.63566
-0.56746
-0.3859
-0.1901
-0.083526
-0.12432
-0.29662
-0.51683
-0.67259
-0.67626
-0.50768
-0.2255
0.05889
0.23308
0.23678
0.09094
-0.11132
-0.24847
-0.22866
-0.034643
0.26608
0.55145
0.70163
0.65586
0.44228
0.16597
-0.039691
-0.076055
0.073335
0.33355
0.57246
0.66285
0.54328
0.24894
-0.10291
-0.36662
-0.43635
-0.29648
-0.030202
0.21859
0.31288
0.18794
-0.11635
-0.4722
-0.72264
-0.75505
-0.55513
-0.21533
0.10699
0.26266
0.18119
-0.094794
-0.4279
-0.64949
-0.63893
-0.38164
0.021892
0.4011
0.59411
0.52366
0.23451
-0.12595
-0.37556
-0.38273
-0.12926
0.27908
0.66003
0.83903
0.73105
0.38188
-0.051242
-0.37145
-0.43359
-0.21275
0.18253
0.55921
0.72888
0.59614
0.20465
-0.28082
-0.64928
-0.74078
-0.52137
-0.10038
0.31875
0.53199
0.42967
0.048813
-0.44206
-0.81939
-0.9075
-0.66066
-0.18586
0.30475
0.59066
0.54472
0.19279
-0.29672
-0.68921
-0.79164
-0.54223
-0.040532
0.49657
0.83325
0.8228
0.47574
-0.043778
-0.49209
-0.65725
-0.45658
0.024326
0.56941
0.93
0.9383
0.58471
0.023387
-0.49692
-0.74556
-0.61503
-0.17049
0.37917
0.77572
0.8289
0.5033
-0.064742
-0.62805
-0.94003
-0.8661
-0.44473
0.1296
0.59399
0.73565
0.48791
-0.039496
-0.60974
-0.96528
-0.94361
-0.55023
0.043863
0.57882
0.82223
0.67278
0.20511
-0.36418
-0.77367
-0.83383
-0.51119
0.057293
0.62574
0.94876
0.89004
0.48181
-0.090542
-0.57146
-0.74843
-0.54517
-0.054067
0.50599
0.88679
0.9199
0.58954
0.037937
-0.49838
-0.7926
-0.72601
-0.338
0.19324
0.62991
0.77834
0.57205
0.098559
-0.44055
-0.81788
-0.87802
-0.60272
-0.11624
0.37019
0.64977
0.60782
0.26861
-0.21766
-0.64069
-0.81992
-0.67983
-0.27954
0.21457
0.60035
0.72473
0.54609
0.14911
-0.29299
-0.59183
-0.6218
-0.37043
0.058621
0.49015
0.75017
0.73659
0.45944
0.03481
-0.3638
-0.57637
-0.52063
-0.22409
0.18843
0.54604
0.70076
0.58669
0.2459
-0.18894
-0.54782
-0.69132
-0.56618
-0.22651
0.18773
0.50652
0.59769
0.42013
0.041039
-0.39012
-0.70077
-0.76436
-0.5518
-0.14455
0.29682
0.59625
0.63319
0.39224
-0.029024
-0.45787
-0.71555
-0.69001
-0.38283
0.08945
0.54093
0.7911
0.73868
0.40428
-0.076272
-0.50587
-0.70614
-0.59091
-0.20275
0.30282
0.71985
0.87586
0.70304
0.26703
-0.25881
-0.66355
-0.78477
-0.57531
-0.12297
0.38493
0.73788
0.78815
0.5111
0.015278
-0.50191
-0.83451
-0.85155
-0.54966
-0.053607
0.43498
0.71955
0.68762
0.35506
-0.14177
-0.60205
-0.84153
-0.76564
-0.40564
0.095809
0.54286
0.76454
0.68128
0.33412
-0.13391
-0.53574
-0.71384
-0.60045
-0.24162
0.22307
0.61614
0.79065
0.68521
0.34518
-0.096981
-0.47343
-0.64454
-0.55038
-0.23137
0.18866
0.54976
0.7155
0.62296
0.30502
-0.12255
-0.50421
-0.70178
-0.64504
-0.35735
0.052763
0.43128
0.63512
0.58506
0.29571
-0.12869
-0.53177
-0.76245
-0.73141
-0.44567
-0.0077092
0.42125
0.68089
0.67246
0.39732
-0.041625
-0.47728
-0.74087
-0.7265
-0.4327
0.035183
0.50372
0.79687
0.80341
0.52032
0.054981
-0.4151
-0.70989
-0.71585
-0.42969
0.040128
0.51478
0.81339
0.82205
0.5368
0.06455
-0.41828
-0.73307
-0.76628
-0.51126
-0.069122
0.39089
0.69566
0.73257
0.48996
0.059208
-0.40108
-0.7246
-0.79798
-0.60036
-0.20849
0.23347
0.56717
0.6766
0.52797
0.17941
-0.24171
-0.5848
-0.72884
-0.6237
-0.3061
0.11424
0.49315
0.70168
0.67007
0.4114
0.017036
-0.37455
-0.62512
-0.64442
-0.42198
-0.031939
0.3914
0.69946
0.78134
0.60374
0.22449
-0.22596
-0.58951
-0.73632
-0.61216
-0.2594
0.1963
0.59002
0.7767
0.6842
0.34059
-0.13478
-0.57364
-0.81962
-0.78508
-0.48321
-0.023407
0.42848
0.71026
0.72196
0.46131
0.023633
-0.43351
-0.7474
-0.80809
-0.59637
-0.18867
0.27188
0.62693
0.75824
0.62733
0.28634
-0.14239
-0.50998
-0.69191
-0.62907
-0.34544
0.062062
0.45743
0.71095
0.74121
0.5406
0.17654
-0.23117
-0.54938
-0.67452
-0.56598
-0.25949
0.14392
0.51009
0.71513
0.68647
0.42792
0.020199
-0.40422
-0.70434
-0.77809
-0.598
-0.2224
0.2226
0.5849
0.73847
0.62739
0.28649
-0.16941
-0.58436
-0.81508
-0.78082
-0.49163
-0.045041
0.40778
0.71444
0.7737
0.56962
0.17585
-0.27097
-0.61872
-0.75139
-0.62713
-0.29024
0.14589
0.53808
0.76094
0.74689
0.50587
0.11967
-0.28632
-0.58375
-0.68137
-0.55223
-0.24044
0.15384
0.50584
0.70451
0.68625
0.45434
0.078218
-0.32719
-0.63632
-0.75176
-0.63533
-0.32153
0.091512
0.47176
0.69489
0.68486
0.44013
0.036129
-0.39766
-0.71931
-0.82135
-0.66705
-0.3038
0.15175
0.55195
0.76715
0.72881
0.45202
0.029994
-0.39751
-0.6907
-0.75547
-0.57306
-0.20438
0.23158
0.59736
0.78094
0.72995
0.46583
0.074558
-0.32185
-0.60344
-0.68802
-0.55428
-0.24625
0.14125
0.49118
0.69847
0.7003
0.49413
0.13863
-0.26276
-0.59158
-0.74894
-0.68558
-0.41797
-0.02529
0.37297
0.65276
0.72402
0.5601
0.20794
-0.22488
-0.60311
-0.80655
-0.76883
-0.49945
-0.081291
0.35556
0.67546
0.78051
0.64126
0.30513
-0.11992
-0.50048
-0.7198
-0.71328
-0.48655
-0.1113
0.29853
0.62217
0.76753
0.69675
0.43488
0.060565
-0.31774
-0.59271
-0.68772
-0.57738
-0.29398
0.081439
0.44126
0.68085
0.72803
0.56438
0.23214
-0.17608
-0.54269
-0.75919
-0.759
-0.53893
-0.16218
0.25923
0.59776
0.74948
0.66664
0.37315
-0.042381
-0.45394
-0.73709
-0.80726
-0.645
-0.30074
0.12204
0.49924
0.72347
0.73496
0.53695
0.19216
-0.19745
-0.52086
-0.68881
-0.65717
-0.43714
-0.090474
0.28795
0.59555
0.74886
0.70537
0.475
0.1184
-0.26824
-0.57826
-0.72369
-0.66063
-0.40335
-0.022502
0.37344
0.66871
0.77432
0.65536
0.34265
-0.075267
-0.47798
-0.74909
-0.81102
-0.64794
-0.30971
0.1039
0.4736
0.69567
0.71126
0.52135
0.184
-0.2042
-0.53614
-0.72334
-0.7184
-0.52546
-0.19717
0.18017
0.509
0.70492
0.71758
0.54333
0.22684
-0.14928
-0.48471
-0.68734
-0.69835
-0.50969
-0.16855
0.23371
0.58573
0.78748
0.77944
0.56083
0.19097
-0.22732
-0.57738
-0.76249
-0.73363
-0.50275
-0.13801
0.25702
0.57347
0.72725
0.68084
0.451
0.10178
-0.27438
-0.58131
-0.74309
-0.72161
-0.52448
-0.20203
0.16522
0.48566
0.67842
0.69316
0.52343
0.20995
-0.16781
-0.51071
-0.72545
-0.75021
-0.573
-0.2369
0.17015
0.539
0.76963
0.79958
0.62171
0.286
-0.1151
-0.4731
-0.69378
-0.72231
-0.55635
-0.24432
0.12968
0.46916
0.68991
0.7398
0.60958
0.33303
-0.022374
-0.37171
-0.63193
-0.74066
-0.6706
-0.43677
-0.094429
0.2726
0.57144
0.72331
0.68483
0.46114
0.10674
-0.28741
-0.61764
-0.79573
-0.77346
-0.55612
-0.20105
0.19853
0.53942
0.73624
0.74336
0.56505
0.2519
-0.11434
-0.44254
-0.65451
-0.70243
-0.57803
-0.31255
0.031551
0.37477
0.63777
0.75851
0.70629
0.4897
0.15648
-0.2158
-0.53704
-0.72648
-0.73387
-0.55406
-0.23022
0.15596
0.5052
0.72692
0.76369
0.60643
0.29628
-0.087311
-0.4484
-0.69967
-0.78395
-0.68658
-0.43635
-0.096051
0.25395
0.53444
0.68426
0.67219
0.50244
0.21322
-0.13103
-0.4525
-0.67626
-0.74698
-0.64274
-0.3823
-0.023014
0.35111
0.64936
0.79732
0.75685
0.5369
0.19201
-0.19182
-0.51963
-0.71221
-0.72578
-0.56174
-0.26411
0.093364
0.42647
0.6604
0.74566
0.66692
0.44407
0.12635
-0.21832
-0.5169
-0.70542
-0.74182
-0.6154
-0.35081
-0.0047571
0.34477
0.6156
0.7411
0.68755
0.46427
0.12276
-0.25535
-0.57879
-0.76995
-0.78439
-0.62127
-0.32204
0.041488
0.38583
0.63583
0.74087
0.68398
0.48283
0.18377
-0.14883
-0.44547
-0.6444
-0.70301
-0.60626
-0.37079
-0.043408
0.30681
0.60219
0.77378
0.77833
0.61031
0.30515
-0.068035
-0.42292
-0.67738
-0.77394
-0.69357
-0.45919
-0.12844
0.22168
0.51364
0.68651
0.70769
0.57722
0.32529
0.00446
-0.32096
-0.58655
-0.73898
-0.74569
-0.60174
-0.33253
0.0090972
0.35203
0.62132
0.75527
0.72094
0.52361
0.20696
-0.15669
-0.48381
-0.70018
-0.75855
-0.64908
-0.39979
-0.067989
0.27439
0.55721
0.72616
0.75183
0.63307
0.39523
0.084578
-0.23971
-0.51532
-0.68732
-0.71866
-0.59872
-0.34779
-0.015388
0.32848
0.60808
0.7595
0.74653
0.57018
0.26896
-0.090487
-0.42969
-0.67704
-0.7837
-0.73298
-0.5414
-0.25243
0.074502
0.37635
0.59772
0.69933
0.66346
0.49627
0.2274
-0.09382
-0.40562
-0.64452
-0.75813
-0.71751
-0.52558
-0.21876
0.13969
0.47359
0.71158
0.80395
0.73388
0.52028
0.21169
-0.1262
-0.42575
-0.63114
-0.70782
-0.64652
-0.4624
-0.19073
0.11936
0.41227
0.63402
0.74089
0.70787
0.5352
0.25105
-0.091696
-0.42486
-0.67931
-0.80086
-0.76342
-0.57548
-0.27811
0.065199
0.38366
0.61507
0.71821
0.67933
0.51188
0.25121
-0.053673
-0.34885
-0.58353
-0.7168
-0.72335
-0.59799
-0.35822
-0.04365
0.28901
0.57569
0.75796
0.7965
0.68118
0.43459
0.10756
-0.23252
-0.51718
-0.692
-0.72744
-0.62287
-0.40391
-0.1148
0.19143
0.46227
0.65323
0.7331
0.68748
0.52102
0.25805
-0.059106
-0.37532
-0.63163
-0.7768
-0.77913
-0.63499
-0.37128
-0.040399
0.2913
0.55848
0.71117
0.72454
0.60212
0.37233
0.080431
-0.22135
-0.48289
-0.66298
-0.7337
-0.68306
-0.51655
-0.25763
0.053733
0.36546
0.62133
0.77163
0.78438
0.65379
0.4033
0.081377
-0.24891
-0.52401
-0.69364
-0.73057
-0.63421
-0.42794
-0.152
0.14546
0.41656
0.6199
0.72478
0.71397
0.58604
0.3569
0.059836
-0.25749
-0.53975
-0.73412
-0.80165
-0.72692
-0.52277
-0.22829
0.099794
0.39974
0.6181
0.71998
0.69385
0.55085
0.31971
0.039899
-0.24508
-0.49297
-0.66686
-0.7388
-0.69363
-0.53274
-0.27664
0.035672
0.35158
0.61412
0.77382
0.79995
0.68788
0.46017
0.16108
-0.15384
-0.42982
-0.62323
-0.70789
-0.67671
-0.53966
-0.3199
-0.049896
0.23205
0.48494
0.66913
0.75176
0.71326
0.55327
0.29365
-0.023314
-0.34212
-0.60533
-0.76597
-0.7975
-0.69864
-0.49187
-0.21674
0.079481
0.35095
0.55984
0.67978
0.6968
0.60925
0.4277
0.1751
-0.1138
-0.39521
-0.62203
-0.75239
-0.75897
-0.63639
-0.40391
-0.1022
0.21532
0.49407
0.68948
0.77461
0.74286
0.60587
0.38856
0.12351
-0.15354
-0.40677
-0.60249
-0.71191
-0.71508
-0.60569
-0.39512
-0.11352
0.19353
0.47298
0.67516
0.76459
0.72746
0.5736
0.33278
0.046899
-0.23924
-0.4856
-0.66164
-0.74781
-0.73526
-0.62522
-0.42919
-0.16956
0.12041
0.39905
0.62186
0.74982
0.75832
0.64376
0.42548
0.14206
-0.15727
-0.42322
-0.61601
-0.71138
-0.70197
-0.59505
-0.40846
-0.16675
0.10118
0.36334
0.58599
0.7365
0.78826
0.72689
0.5556
0.29743
-0.007412
-0.30897
-0.55792
-0.71578
-0.76213
-0.69669
-0.5366
-0.31045
-0.051654
0.2067
0.43458
0.60586
0.69897
0.69848
0.59837
0.40573
0.14314
-0.15236
-0.43455
-0.65687
-0.78232
-0.79149
-0.68609
-0.4872
-0.22902
0.049258
0.31075
0.52547
0.67178
0.73576
0.71038
0.59591
0.40162
0.1479
-0.13339
-0.40177
-0.61457
-0.7357
-0.74398
-0.63836
-0.43809
-0.17772
0.10106
0.35821
0.56182
0.69099
0.73542
0.69322
0.56904
0.37374
0.12549
-0.14906
-0.41545
-0.6353
-0.77312
-0.80434
-0.72187
-0.5387
-0.28526
-0.0025045
0.26717
0.48806
0.63607
0.69965
0.6776
0.57601
0.40596
0.18337
-0.070024
-0.32579
-0.55026
-0.70901
-0.77381
-0.72987
-0.58073
-0.34864
-0.070022
0.21269
0.45996
0.64211
0.74242
0.75628
0.68796
0.54724
0.34762
0.10668
-0.15255
-0.40103
-0.60588
-0.73546
-0.7665
-0.69068
-0.51807
-0.27581
-0.0022097
0.26182
0.48105
0.63139
0.70129
0.68965
0.60222
0.44865
0.2418
-0.001113
-0.25672
-0.4954
-0.68417
-0.79266
-0.80043
-0.70291
-0.51374
-0.26204
0.01423
0.2768
0.49433
0.64637
0.72333
0.72375
0.65096
0.51128
0.31466
0.076835
-0.17863
-0.42084
-0.61544
-0.73147
-0.74888
-0.66404
-0.49098
-0.25782
0.00023835
0.24889
0.46064
0.61726
0.70872
0.73027
0.68007
0.55888
0.3723
0.13396
-0.13242
-0.39421
-0.61484
-0.76143
-0.81248
-0.76284
-0.6242
-0.42092
-0.18319
0.059857
0.28453
0.47351
0.61403
0.69533
0.70756
0.64342
0.50207
0.29327
0.039393
-0.22642
-0.46621
-0.64534
-0.74014
-0.74229
-0.65857
-0.50661
-0.30873
-0.086661
0.14105
0.35833
0.54924
0.69599
0.77953
0.78314
0.69799
0.52817
0.29265
0.02285
-0.24385
-0.47238
-0.63713
-0.72545
-0.73691
-0.6792
-0.56325
-0.39995
-0.19986
0.024469
0.2555
0.4695
0.63866
0.73655
0.74513
0.66041
0.49446
0.27259
0.026953
-0.21121
-0.4175
-0.57671
-0.68135
-0.72798
-0.71391
-0.63629
-0.49438
-0.29366
-0.049508
0.21209
0.45787
0.65414
0.77463
0.80644
0.75189
0.62577
0.44943
0.2445
0.028819
-0.18404
-0.38237
-0.55291
-0.67918
-0.74302
-0.72931
-0.63192
-0.45819
-0.22952
0.022632
0.264
0.46534
0.60789
0.68463
0.69756
0.6528
0.55634
0.41256
0.22618
0.0061795
-0.23071
-0.4595
-0.6504
-0.77552
-0.81618
-0.76797
-0.64136
-0.45783
-0.2431
-0.020549
0.19268
0.38562
0.55026
0.67764
0.7557
0.77069
0.71183
0.57699
0.37683
0.13483
-0.11712
-0.34623
-0.52644
-0.64323
-0.69403
-0.68459
-0.62353
-0.51786
-0.37183
-0.18925
0.022066
0.24662
0.46068
0.63593
0.74626
0.77499
0.71958
0.59172
0.41296
0.20774
-0.0029964
-0.20507
-0.39025
-0.55235
-0.68289
-0.76909
-0.79558
-0.74961
-0.62719
-0.43734
-0.20206
0.048279
0.28251
0.47609
0.61549
0.69801
0.72768
0.70978
0.64671
0.53763
0.38169
0.18323
-0.044055
-0.27663
-0.48504
-0.6411
-0.72539
-0.73197
-0.66838
-0.55121
-0.3993
-0.22793
-0.046378
0.14032
0.32674
0.50251
0.65052
0.74948
0.77994
0.73123
0.60626
0.42171
0.20345
-0.020903
-0.22912
-0.40819
-0.55364
-0.66508
-0.74081
-0.77447
-0.75569
-0.67467
-0.52844
-0.32569
-0.087523
0.15674
0.37697
0.55004
0.66456
0.72092
0.72686
0.6912
0.61881
0.50942
0.36067
0.17377
-0.041414
-0.26472
-0.46881
-0.62616
-0.71683
-0.73385
-0.68386
-0.58281
-0.44897
-0.29651
-0.13262
0.040831
0.22215
0.40425
0.57183
0.70312
0.77586
0.77485
0.69775
0.55636
0.37277
0.17198
-0.025521
-0.20813
-0.37259
-0.5194
-0.64669
-0.74605
-0.80275
-0.80041
-0.72816
-0.58679
-0.39087
-0.16557
0.060573
0.26377
0.43049
0.55811
0.65074
0.71272
0.74315
0.73441
0.67553
0.55875
0.38605
0.17221
-0.057334
-0.27324
-0.45067
-0.5758
-0.64748
-0.67379
-0.66517
-0.62789
-0.56091
-0.45789
-0.31301
-0.12787
0.084427
0.30016
0.49091
0.63203
0.70988
0.72464
0.68763
0.61449
0.51768
0.4019
0.26458
0.10103
-0.088592
-0.29399
-0.49431
-0.66297
-0.77586
-0.81925
-0.79373
-0.71253
-0.59498
-0.45841
-0.3122
-0.1568
0.012048
0.19621
0.38894
0.57297
0.72404
0.81867
0.84252
0.79551
0.69132
0.55145
0.3968
0.24045
0.085327
-0.072729
-0.23794
-0.40751
-0.56821
-0.69853
-0.77572
-0.78449
-0.72326
-0.60501
-0.45221
-0.28833
-0.12965
0.01858
0.16024
0.30171
0.44409
0.57834
0.68591
0.74486
0.73872
0.66377
0.53136
0.36403
0.18712
0.019909
-0.12974
-0.26482
-0.39318
-0.5193
-0.63802
-0.73365
-0.78497
-0.77395
-0.69405
-0.55405
-0.37551
-0.18495
-0.0043683
0.15549
0.29604
0.4258
0.55189
0.67263
0.77495
0.83816
0.84229
0.77724
0.64818
0.4745
0.2829
0.097523
-0.068036
-0.21324
-0.34664
-0.47753
-0.60745
-0.72601
-0.81311
-0.84679
-0.81293
-0.71218
-0.5607
-0.38428
-0.20849
-0.049549
0.089857
0.21795
0.34588
0.47844
0.60823
0.71624
0.77887
0.77796
0.70919
0.58469
0.42849
0.26698
0.11884
-0.010849
-0.1295
-0.24974
-0.37956
-0.51488
-0.63839
-0.72536
-0.75384
-0.71431
-0.61422
-0.47508
-0.32354
-0.18058
-0.054039
0.062121
0.18145
0.31485
0.46174
0.60695
0.72513
0.7907
0.78863
0.7209
0.60553
0.46854
0.33279
0.20882
0.092396
-0.030547
-0.17368
-0.34012
-0.51742
-0.6802
-0.79955
-0.85465
-0.84119
-0.77247
-0.67267
-0.56553
-0.46392
-0.36522
-0.25486
-0.11615
0.058477
0.26033
0.46519
0.64172
0.76363
0.81992
0.81822
0.77973
0.72815
0.67802
0.62809
0.56306
0.46264
0.31379
0.1198
-0.098137
-0.30797
-0.47911
-0.59428
-0.65529
-0.67984
-0.69117
-0.70535
-0.72266
-0.72719
-0.69492
-0.60644
-0.45808
-0.26591
-0.060592
0.12473
0.26762
0.3645
0.42974
0.48623
0.55212
0.63005
0.70445
0.74813
0.73519
0.65397
0.51376
0.34179
0.17201
0.030785
-0.073567
-0.15238
-0.22867
-0.32341
-0.44293
-0.57351
-0.68609
-0.74888
-0.7419
-0.6664
-0.54458
-0.40957
-0.29054
-0.19996
-0.12927
-0.055014
0.047506
0.18976
0.3618
0.53453
0.67146
0.74451
0.74617
0.6922
0.61349
0.5409
0.49051
0.45633
0.41413
0.33457
0.1993
0.012117
-0.20036
-0.39899
-0.54868
-0.63313
-0.66089
-0.65955
-0.66094
-0.6845
-0.72691
-0.76309
-0.75831
-0.68548
-0.53944
-0.34103
-0.12892
0.056981
0.19284
0.28031
0.34373
0.41618
0.52135
0.65987
0.807
0.92292
0.9709
0.93445
0.82534
0.67838
0.53527
0.42539
0.35267
0.29496
0.21638
0.086634
-0.10197
-0.3283
-0.55012
-0.72223
-0.81645
-0.83381
-0.80292
-0.76531
-0.75454
-0.77941
-0.81929
-0.83412
-0.7843
-0.651
-0.44687
-0.21195
0.0037059
0.16222
0.25448
0.30286
0.34877
0.43089
0.56454
0.73243
0.89124
0.99132
1
0.91731
0.77634
0.62791
0.51677
0.4606
0.44226
0.41895
0.34422
0.19213
-0.028068
-0.27412
-0.48899
-0.62663
-0.67289
-0.65137
-0.61135
-0.60321
-0.65326
-0.75017
-0.84967
-0.89562
-0.84742
-0.70054
-0.49009
-0.27551
-0.11331
-0.030999
-0.014823
-0.017257
0.018926
0.13158
0.3191
0.53925
0.72779
0.82824
0.81848
0.72145
0.59434
0.50129
0.48254
0.53482
0.61275
0.65078
0.59543
0.43238
0.19514
-0.049157
-0.23044
-0.30823
-0.29052
-0.22946
-0.19585
-0.24418
-0.38515
-0.57906
-0.75351
-0.83746
-0.79532
-0.64473
-0.4491
-0.28812
-0.22006
-0.25391
-0.3449
-0.41603
-0.39555
-0.25263
-0.013949
0.24714
0.44415
0.51797
0.46496
0.33891
0.2255
0.20105
0.29519
0.47548
0.66175
0.7638
0.72475
0.54927
0.30282
0.081795
-0.03164
-0.0086459
0.1122
0.24297
0.28849
0.19269
-0.032985
-0.31309
-0.5425
-0.63566
-0.56746
-0.3859
-0.1901
-0.083526
-0.12432
-0.29662
-0.51683
-0.67259
-0.67626
-0.50768
-0.2255
0.05889
0.23308
0.23678
0.09094
-0.11132
-0.24847
-0.22866
-0.034643
0.26608
0.55145
0.70163
0.65586
0.44228
0.16597
-0.039691
-0.076055
0.073335
0.33355
0.57246
0.66285
0
0
0
0
0
0
0
0
0
0
0
0
0
0
0
0
0
0
0
0
0
0
0
0
0
0
0
0
0
0
0
0
0
0
0
0
0
0
0
0
0
0
0
0
0
0
0
0
0
0
0
0
0
0
0
0
0
0
0
0
0
0
0
0
0
0
0
0
0
0
0
0
0
0
0
0
0
0
0
0
0
0
0
0
0
0
0
0
0
0
0
0
0
0
0
0
0
0
0
0
0
0
0
0
0
0
0
0
0
0
0
0
0
0
0
0
0
0
0
0
0
0
0
0
0
0
0
0
0
0
0
0
0
0
0
0
0
0
0
0
0
0
0
0
0
0
0
0
0
0
0
0
0
0
0
0
0
0
0
0
0
0
0
0
0
0
0
0
0
0
0
0
0
0
0
0
0
0
0
0
0
0
0
0
0
0
0
0
0
0
0
0
0
0
0
0
0
0
0
0
0
0
0
0
0
0
0
0
0
0
0
0
0
0
0
0
0
0
0
0
0
0
0
0
0
0
0
0
0
0
0
0
0
0
0
0
0
0
0
0
0
0
0
0
0
0
0
0
0
0
0
0
0
0
0
0
0
0
0
0
0
0
0
0
0
0
0
0
0
0
0.84119
0.77247
0.67267
0.56553
0.46392
0.36522
0.25486
0.11615
-0.058477
-0.26033
-0.46519
-0.64172
-0.76363
-0.81992
-0.81822
-0.77973
-0.72815
-0.67802
-0.62809
-0.56306
-0.46264
-0.31379
-0.1198
0.098137
0.30797
0.47911
0.59428
0.65529
0.67984
0.69117
0.70535
0.72266
0.72719
0.69492
0.60644
0.45808
0.26591
0.060592
-0.12473
-0.26762
-0.3645
-0.42974
-0.48623
-0.55212
-0.63005
-0.70445
-0.74813
-0.73519
-0.65397
-0.51376
-0.34179
-0.17201
-0.030785
0.073567
0.15238
0.22867
0.32341
0.44293
0.57351
0.68609
0.74888
0.7419
0.6664
0.54458
0.40957
0.29054
0.19996
0.12927
0.055014
-0.047506
-0.18976
-0.3618
-0.53453
-0.67146
-0.74451
-0.74617
-0.6922
-0.61349
-0.5409
-0.49051
-0.45633
-0.41413
-0.33457
-0.1993
-0.012117
0.20036
0.39899
0.54868
0.63313
0.66089
0.65955
0.66094
0.6845
0.72691
0.76309
0.75831
0.68548
0.53944
0.34103
0.12892
-0.056981
-0.19284
-0.28031
-0.34373
-0.41618
-0.52135
-0.65987
-0.807
-0.92292
-0.9709
-0.93445
-0.82534
-0.67838
-0.53527
-0.42539
-0.35267
-0.29496
-0.21638
-0.086634
0.10197
0.3283
0.55012
0.72223
0.81645
0.83381
0.80292
0.76531
0.75454
0.77941
0.81929
0.83412
0.7843
0.651
0.44687
0.21195
-0.0037059
-0.16222
-0.25448
-0.30286
-0.34877
-0.43089
-0.56454
-0.73243
-0.89124
-0.99132
-1
-0.91731
-0.77634
-0.62791
-0.51677
-0.4606
-0.44226
-0.41895
-0.34422
-0.19213
0.028068
0.27412
0.48899
0.62663
0.67289
0.65137
0.61135
0.60321
0.65326
0.75017
0.84967
0.89562
0.84742
0.70054
0.49009
0.27551
0.11331
0.030999
0.014823
0.017257
-0.018926
-0.13158
-0.3191
-0.53925
-0.72779
-0.82824
-0.81848
-0.72145
-0.59434
-0.50129
-0.48254
-0.53482
-0.61275
-0.65078
-0.59543
-0.43238
-0.19514
0.049157
0.23044
0.30823
0.29052
0.22946
0.19585
0.24418
0.38515
0.57906
0.75351
0.83746
0.79532
0.64473
0.4491
0.28812
0.22006
0.25391
0.3449
0.41603
0.39555
0.25263
0.013949
-0.24714
-0.44415
-0.51797
-0.46496
-0.33891
-0.2255
-0.20105
-0.29519
-0.47548
-0.66175
-0.7638
-0.72475
-0.54927
-0.30282
-0.081795
0.03164
0.0086459
-0.1122
-0.24297
-0.28849
-0.19269
0.032985
0.31309
0.5425
0.63566
0.56746
0.3859
0.1901
0.083526
0.12432
0.29662
0.51683
0.67259
0.67626
0.50768
0.2255
-0.05889
-0.23308
-0.23678
-0.09094
0.11132
0.24847
0.22866
0.034643
-0.26608
-0.55145
-0.70163
-0.65586
-0.44228
-0.16597
0.039691
0.076055
-0.073335
-0.33355
-0.57246
-0.66285
-0.54328
-0.24894
0.10291
0.36662
0.43635
0.29648
0.030202
-0.21859
-0.31288
-0.18794
0.11635
0.4722
0.72264
0.75505
0.55513
0.21533
-0.10699
-0.26266
-0.18119
0.094794
0.4279
0.64949
0.63893
0.38164
-0.021892
-0.4011
-0.59411
-0.52366
-0.23451
0.12595
0.37556
0.38273
0.12926
-0.27908
-0.66003
-0.83903
-0.73105
-0.38188
0.051242
0.37145
0.43359
0.21275
-0.18253
-0.55921
-0.72888
-0.59614
-0.20465
0.28082
0.64928
0.74078
0.52137
0.10038
-0.31875
-0.53199
-0.42967
-0.048813
0.44206
0.81939
0.9075
0.66066
0.18586
-0.30475
-0.59066
-0.54472
-0.19279
0.29672
0.68921
0.79164
0.54223
0.040532
-0.49657
-0.83325
-0.8228
-0.47574
0.043778
0.49209
0.65725
0.45658
-0.024326
-0.56941
-0.93
-0.9383
-0.58471
-0.023387
0.49692
0.74556
0.61503
0.17049
-0.37917
-0.77572
-0.8289
-0.5033
0.064742
0.62805
0.94003
0.8661
0.44473
-0.1296
-0.59399
-0.73565
-0.48791
0.039496
0.60974
0.96528
0.94361
0.55023
-0.043863
-0.57882
-0.82223
-0.67278
-0.20511
0.36418
0.77367
0.83383
0.51119
-0.057293
-0.62574
-0.94876
-0.89004
-0.48181
0.090542
0.57146
0.74843
0.54517
0.054067
-0.50599
-0.88679
-0.9199
-0.58954
-0.037937
0.49838
0.7926
0.72601
0.338
-0.19324
-0.62991
-0.77834
-0.57205
-0.098559
0.44055
0.81788
0.87802
0.60272
0.11624
-0.37019
-0.64977
-0.60782
-0.26861
0.21766
0.64069
0.81992
0.67983
0.27954
-0.21457
-0.60035
-0.72473
-0.54609
-0.14911
0.29299
0.59183
0.6218
0.37043
-0.058621
-0.49015
-0.75017
-0.73659
-0.45944
-0.03481
0.3638
0.57637
0.52063
0.22409
-0.18843
-0.54604
-0.70076
-0.58669
-0.2459
0.18894
0.54782
0.69132
0.56618
0.22651
-0.18773
-0.50652
-0.59769
-0.42013
-0.041039
0.39012
0.70077
0.76436
0.5518
0.14455
-0.29682
-0.59625
-0.63319
-0.39224
0.029024
0.45787
0.71555
0.69001
0.38283
-0.08945
-0.54093
-0.7911
-0.73868
-0.40428
0.076272
0.50587
0.70614
0.59091
0.20275
-0.30282
-0.71985
-0.87586
-0.70304
-0.26703
0.25881
0.66355
0.78477
0.57531
0.12297
-0.38493
-0.73788
-0.78815
-0.5111
-0.015278
0.50191
0.83451
0.85155
0.54966
0.053607
-0.43498
-0.71955
-0.68762
-0.35506
0.14177
0.60205
0.84153
0.76564
0.40564
-0.095809
-0.54286
-0.76454
-0.68128
-0.33412
0.13391
0.53574
0.71384
0.60045
0.24162
-0.22307
-0.61614
-0.79065
-0.68521
-0.34518
0.096981
0.47343
0.64454
0.55038
0.23137
-0.18866
-0.54976
-0.7155
-0.62296
-0.30502
0.12255
0.50421
0.70178
0.64504
0.35735
-0.052763
-0.43128
-0.63512
-0.58506
-0.29571
0.12869
0.53177
0.76245
0.73141
0.44567
0.0077092
-0.42125
-0.68089
-0.67246
-0.39732
0.041625
0.47728
0.74087
0.7265
0.4327
-0.035183
-0.50372
-0.79687
-0.80341
-0.52032
-0.054981
0.4151
0.70989
0.71585
0.42969
-0.040128
-0.51478
-0.81339
-0.82205
-0.5368
-0.06455
0.41828
0.73307
0.76628
0.51126
0.069122
-0.39089
-0.69566
-0.73257
-0.48996
-0.059208
0.40108
0.7246
0.79798
0.60036
0.20849
-0.23347
-0.56717
-0.6766
-0.52797
-0.17941
0.24171
0.5848
0.72884
0.6237
0.3061
-0.11424
-0.49315
-0.70168
-0.67007
-0.4114
-0.017036
0.37455
0.62512
0.64442
0.42198
0.031939
-0.3914
-0.69946
-0.78134
-0.60374
-0.22449
0.22596
0.58951
0.73632
0.61216
0.2594
-0.1963
-0.59002
-0.7767
-0.6842
-0.34059
0.13478
0.57364
0.81962
0.78508
0.48321
0.023407
-0.42848
-0.71026
-0.72196
-0.46131
-0.023633
0.43351
0.7474
0.80809
0.59637
0.18867
-0.27188
-0.62693
-0.75824
-0.62733
-0.28634
0.14239
0.50998
0.69191
0.62907
0.34544
-0.062062
-0.45743
-0.71095
-0.74121
-0.5406
-0.17654
0.23117
0.54938
0.67452
0.56598
0.25949
-0.14392
-0.51009
-0.71513
-0.68647
-0.42792
-0.020199
0.40422
0.70434
0.77809
0.598
0.2224
-0.2226
-0.5849
-0.73847
-0.62739
-0.28649
0.16941
0.58436
0.81508
0.78082
0.49163
0.045041
-0.40778
-0.71444
-0.7737
-0.56962
-0.17585
0.27097
0.61872
0.75139
0.62713
0.29024
-0.14589
-0.53808
-0.76094
-0.74689
-0.50587
-0.11967
0.28632
0.58375
0.68137
0.55223
0.24044
-0.15384
-0.50584
-0.70451
-0.68625
-0.45434
-0.078218
0.32719
0.63632
0.75176
0.63533
0.32153
-0.091512
-0.47176
-0.69489
-0.68486
-0.44013
-0.036129
0.39766
0.71931
0.82135
0.66705
0.3038
-0.15175
-0.55195
-0.76715
-0.72881
-0.45202
-0.029994
0.39751
0.6907
0.75547
0.57306
0.20438
-0.23158
-0.59736
-0.78094
-0.72995
-0.46583
-0.074558
0.32185
0.60344
0.68802
0.55428
0.24625
-0.14125
-0.49118
-0.69847
-0.7003
-0.49413
-0.13863
0.26276
0.59158
0.74894
0.68558
0.41797
0.02529
-0.37297
-0.65276
-0.72402
-0.5601
-0.20794
0.22488
0.60311
0.80655
0.76883
0.49945
0.081291
-0.35556
-0.67546
-0.78051
-0.64126
-0.30513
0.11992
0.50048
0.7198
0.71328
0.48655
0.1113
-0.29853
-0.62217
-0.76753
-0.69675
-0.43488
-0.060565
0.31774
0.59271
0.68772
0.57738
0.29398
-0.081439
-0.44126
-0.68085
-0.72803
-0.56438
-0.23214
0.17608
0.54269
0.75919
0.759
0.53893
0.16218
-0.25923
-0.59776
-0.74948
-0.66664
-0.37315
0.042381
0.45394
0.73709
0.80726
0.645
0.30074
-0.12204
-0.49924
-0.72347
-0.73496
-0.53695
-0.19216
0.19745
0.52086
0.68881
0.65717
0.43714
0.090474
-0.28795
-0.59555
-0.74886
-0.70537
-0.475
-0.1184
0.26824
0.57826
0.72369
0.66063
0.40335
0.022502
-0.37344
-0.66871
-0.77432
-0.65536
-0.34265
0.075267
0.47798
0.74909
0.81102
0.64794
0.30971
-0.1039
-0.4736
-0.69567
-0.71126
-0.52135
-0.184
0.2042
0.53614
0.72334
0.7184
0.52546
0.19717
-0.18017
-0.509
-0.70492
-0.71758
-0.54333
-0.22684
0.14928
0.48471
0.68734
0.69835
0.50969
0.16855
-0.23371
-0.58573
-0.78748
-0.77944
-0.56083
-0.19097
0.22732
0.57738
0.76249
0.73363
0.50275
0.13801
-0.25702
-0.57347
-0.72725
-0.68084
-0.451
-0.10178
0.27438
0.58131
0.74309
0.72161
0.52448
0.20203
-0.16522
-0.48566
-0.67842
-0.69316
-0.52343
-0.20995
0.16781
0.51071
0.72545
0.75021
0.573
0.2369
-0.17015
-0.539
-0.76963
-0.79958
-0.62171
-0.286
0.1151
0.4731
0.69378
0.72231
0.55635
0.24432
-0.12968
-0.46916
-0.68991
-0.7398
-0.60958
-0.33303
0.022374
0.37171
0.63193
0.74066
0.6706
0.43677
0.094429
-0.2726
-0.57144
-0.72331
-0.68483
-0.46114
-0.10674
0.28741
0.61764
0.79573
0.77346
0.55612
0.20105
-0.19853
-0.53942
-0.73624
-0.74336
-0.56505
-0.2519
0.11434
0.44254
0.65451
0.70243
0.57803
0.31255
-0.031551
-0.37477
-0.63777
-0.75851
-0.70629
-0.4897
-0.15648
0.2158
0.53704
0.72648
0.73387
0.55406
0.23022
-0.15596
-0.5052
-0.72692
-0.76369
-0.60643
-0.29628
0.087311
0.4484
0.69967
0.78395
0.68658
0.43635
0.096051
-0.25395
-0.53444
-0.68426
-0.67219
-0.50244
-0.21322
0.13103
0.4525
0.67626
0.74698
0.64274
0.3823
0.023014
-0.35111
-0.64936
-0.79732
-0.75685
-0.5369
-0.19201
0.19182
0.51963
0.71221
0.72578
0.56174
0.26411
-0.093364
-0.42647
-0.6604
-0.74566
-0.66692
-0.44407
-0.12635
0.21832
0.5169
0.70542
0.74182
0.6154
0.35081
0.0047571
-0.34477
-0.6156
-0.7411
-0.68755
-0.46427
-0.12276
0.25535
0.57879
0.76995
0.78439
0.62127
0.32204
-0.041488
-0.38583
-0.63583
-0.74087
-0.68398
-0.48283
-0.18377
0.14883
0.44547
0.6444
0.70301
0.60626
0.37079
0.043408
-0.30681
-0.60219
-0.77378
-0.77833
-0.61031
-0.30515
0.068035
0.42292
0.67738
0.77394
0.69357
0.45919
0.12844
-0.22168
-0.51364
-0.68651
-0.70769
-0.57722
-0.32529
-0.00446
0.32096
0.58655
0.73898
0.74569
0.60174
0.33253
-0.0090972
-0.35203
-0.62132
-0.75527
-0.72094
-0.52361
-0.20696
0.15669
0.48381
0.70018
0.75855
0.64908
0.39979
0.067989
-0.27439
-0.55721
-0.72616
-0.75183
-0.63307
-0.39523
-0.084578
0.23971
0.51532
0.68732
0.71866
0.59872
0.34779
0.015388
-0.32848
-0.60808
-0.7595
-0.74653
-0.57018
-0.26896
0.090487
0.42969
0.67704
0.7837
0.73298
0.5414
0.25243
-0.074502
-0.37635
-0.59772
-0.69933
-0.66346
-0.49627
-0.2274
0.09382
0.40562
0.64452
0.75813
0.71751
0.52558
0.21876
-0.13969
-0.47359
-0.71158
-0.80395
-0.73388
-0.52028
-0.21169
0.1262
0.42575
0.63114
0.70782
0.64652
0.4624
0.19073
-0.11936
-0.41227
-0.63402
-0.74089
-0.70787
-0.5352
-0.25105
0.091696
0.42486
0.67931
0.80086
0.76342
0.57548
0.27811
-0.065199
-0.38366
-0.61507
-0.71821
-0.67933
-0.51188
-0.25121
0.053673
0.34885
0.58353
0.7168
0.72335
0.59799
0.35822
0.04365
-0.28901
-0.57569
-0.75796
-0.7965
-0.68118
-0.43459
-0.10756
0.23252
0.51718
0.692
0.72744
0.62287
0.40391
0.1148
-0.19143
-0.46227
-0.65323
-0.7331
-0.68748
-0.52102
-0.25805
0.059106
0.37532
0.63163
0.7768
0.77913
0.63499
0.37128
0.040399
-0.2913
-0.55848
-0.71117
-0.72454
-0.60212
-0.37233
-0.080431
0.22135
0.48289
0.66298
0.7337
0.68306
0.51655
0.25763
-0.053733
-0.36546
-0.62133
-0.77163
-0.78438
-0.65379
-0.4033
-0.081377
0.24891
0.52401
0.69364
0.73057
0.63421
0.42794
0.152
-0.14546
-0.41656
-0.6199
-0.72478
-0.71397
-0.58604
-0.3569
-0.059836
0.25749
0.53975
0.73412
0.80165
0.72692
0.52277
0.22829
-0.099794
-0.39974
-0.6181
-0.71998
-0.69385
-0.55085
-0.31971
-0.039899
0.24508
0.49297
0.66686
0.7388
0.69363
0.53274
0.27664
-0.035672
-0.35158
-0.61412
-0.77382
-0.79995
-0.68788
-0.46017
-0.16108
0.15384
0.42982
0.62323
0.70789
0.67671
0.53966
0.3199
0.049896
-0.23205
-0.48494
-0.66913
-0.75176
-0.71326
-0.55327
-0.29365
0.023314
0.34212
0.60533
0.76597
0.7975
0.69864
0.49187
0.21674
-0.079481
-0.35095
-0.55984
-0.67978
-0.6968
-0.60925
-0.4277
-0.1751
0.1138
0.39521
0.62203
0.75239
0.75897
0.63639
0.40391
0.1022
-0.21532
-0.49407
-0.68948
-0.77461
-0.74286
-0.60587
-0.38856
-0.12351
0.15354
0.40677
0.60249
0.71191
0.71508
0.60569
0.39512
0.11352
-0.19353
-0.47298
-0.67516
-0.76459
-0.72746
-0.5736
-0.33278
-0.046899
0.23924
0.4856
0.66164
0.74781
0.73526
0.62522
0.42919
0.16956
-0.12041
-0.39905
-0.62186
-0.74982
-0.75832
-0.64376
-0.42548
-0.14206
0.15727
0.42322
0.61601
0.71138
0.70197
0.59505
0.40846
0.16675
-0.10118
-0.36334
-0.58599
-0.7365
-0.78826
-0.72689
-0.5556
-0.29743
0.007412
0.30897
0.55792
0.71578
0.76213
0.69669
0.5366
0.31045
0.051654
-0.2067
-0.43458
-0.60586
-0.69897
-0.69848
-0.59837
-0.40573
-0.14314
0.15236
0.43455
0.65687
0.78232
0.79149
0.68609
0.4872
0.22902
-0.049258
-0.31075
-0.52547
-0.67178
-0.73576
-0.71038
-0.59591
-0.40162
-0.1479
0.13339
0.40177
0.61457
0.7357
0.74398
0.63836
0.43809
0.17772
-0.10106
-0.35821
-0.56182
-0.69099
-0.73542
-0.69322
-0.56904
-0.37374
-0.12549
0.14906
0.41545
0.6353
0.77312
0.80434
0.72187
0.5387
0.28526
0.0025045
-0.26717
-0.48806
-0.63607
-0.69965
-0.6776
-0.57601
-0.40596
-0.18337
0.070024
0.32579
0.55026
0.70901
0.77381
0.72987
0.58073
0.34864
0.070022
-0.21269
-0.45996
-0.64211
-0.74242
-0.75628
-0.68796
-0.54724
-0.34762
-0.10668
0.15255
0.40103
0.60588
0.73546
0.7665
0.69068
0.51807
0.27581
0.0022097
-0.26182
-0.48105
-0.63139
-0.70129
-0.68965
-0.60222
-0.44865
-0.2418
0.001113
0.25672
0.4954
0.68417
0.79266
0.80043
0.70291
0.51374
0.26204
-0.01423
-0.2768
-0.49433
-0.64637
-0.72333
-0.72375
-0.65096
-0.51128
-0.31466
-0.076835
0.17863
0.42084
0.61544
0.73147
0.74888
0.66404
0.49098
0.25782
-0.00023835
-0.24889
-0.46064
-0.61726
-0.70872
-0.73027
-0.68007
-0.55888
-0.3723
-0.13396
0.13242
0.39421
0.61484
0.76143
0.81248
0.76284
0.6242
0.42092
0.18319
-0.059857
-0.28453
-0.47351
-0.61403
-0.69533
-0.70756
-0.64342
-0.50207
-0.29327
-0.039393
0.22642
0.46621
0.64534
0.74014
0.74229
0.65857
0.50661
0.30873
0.086661
-0.14105
-0.35833
-0.54924
-0.69599
-0.77953
-0.78314
-0.69799
-0.52817
-0.29265
-0.02285
0.24385
0.47238
0.63713
0.72545
0.73691
0.6792
0.56325
0.39995
0.19986
-0.024469
-0.2555
-0.4695
-0.63866
-0.73655
-0.74513
-0.66041
-0.49446
-0.27259
-0.026953
0.21121
0.4175
0.57671
0.68135
0.72798
0.71391
0.63629
0.49438
0.29366
0.049508
-0.21209
-0.45787
-0.65414
-0.77463
-0.80644
-0.75189
-0.62577
-0.44943
-0.2445
-0.028819
0.18404
0.38237
0.55291
0.67918
0.74302
0.72931
0.63192
0.45819
0.22952
-0.022632
-0.264
-0.46534
-0.60789
-0.68463
-0.69756
-0.6528
-0.55634
-0.41256
-0.22618
-0.0061795
0.23071
0.4595
0.6504
0.77552
0.81618
0.76797
0.64136
0.45783
0.2431
0.020549
-0.19268
-0.38562
-0.55026
-0.67764
-0.7557
-0.77069
-0.71183
-0.57699
-0.37683
-0.13483
0.11712
0.34623
0.52644
0.64323
0.69403
0.68459
0.62353
0.51786
0.37183
0.18925
-0.022066
-0.24662
-0.46068
-0.63593
-0.74626
-0.77499
-0.71958
-0.59172
-0.41296
-0.20774
0.0029964
0.20507
0.39025
0.55235
0.68289
0.76909
0.79558
0.74961
0.62719
0.43734
0.20206
-0.048279
-0.28251
-0.47609
-0.61549
-0.69801
-0.72768
-0.70978
-0.64671
-0.53763
-0.38169
-0.18323
0.044055
0.27663
0.48504
0.6411
0.72539
0.73197
0.66838
0.55121
0.3993
0.22793
0.046378
-0.14032
-0.32674
-0.50251
-0.65052
-0.74948
-0.77994
-0.73123
-0.60626
-0.42171
-0.20345
0.020903
0.22912
0.40819
0.55364
0.66508
0.74081
0.77447
0.75569
0.67467
0.52844
0.32569
0.087523
-0.15674
-0.37697
-0.55004
-0.66456
-0.72092
-0.72686
-0.6912
-0.61881
-0.50942
-0.36067
-0.17377
0.041414
0.26472
0.46881
0.62616
0.71683
0.73385
0.68386
0.58281
0.44897
0.29651
0.13262
-0.040831
-0.22215
-0.40425
-0.57183
-0.70312
-0.77586
-0.77485
-0.69775
-0.55636
-0.37277
-0.17198
0.025521
0.20813
0.37259
0.5194
0.64669
0.74605
0.80275
0.80041
0.72816
0.58679
0.39087
0.16557
-0.060573
-0.26377
-0.43049
-0.55811
-0.65074
-0.71272
-0.74315
-0.73441
-0.67553
-0.55875
-0.38605
-0.17221
0.057334
0.27324
0.45067
0.5758
0.64748
0.67379
0.66517
0.62789
0.56091
0.45789
0.31301
0.12787
-0.084427
-0.30016
-0.49091
-0.63203
-0.70988
-0.72464
-0.68763
-0.61449
-0.51768
-0.4019
-0.26458
-0.10103
0.088592
0.29399
0.49431
0.66297
0.77586
0.81925
0.79373
0.71253
0.59498
0.45841
0.3122
0.1568
-0.012048
-0.19621
-0.38894
-0.57297
-0.72404
-0.81867
-0.84252
-0.79551
-0.69132
-0.55145
-0.3968
-0.24045
-0.085327
0.072729
0.23794
0.40751
0.56821
0.69853
0.77572
0.78449
0.72326
0.60501
0.45221
0.28833
0.12965
-0.01858
-0.16024
-0.30171
-0.44409
-0.57834
-0.68591
-0.74486
-0.73872
-0.66377
-0.53136
-0.36403
-0.18712
-0.019909
0.12974
0.26482
0.39318
0.5193
0.63802
0.73365
0.78497
0.77395
0.69405
0.55405
0.37551
0.18495
0.0043683
-0.15549
-0.29604
-0.4258
-0.55189
-0.67263
-0.77495
-0.83816
-0.84229
-0.77724
-0.64818
-0.4745
-0.2829
-0.097523
0.068036
0.21324
0.34664
0.47753
0.60745
0.72601
0.81311
0.84679
0.81293
0.71218
0.5607
0.38428
0.20849
0.049549
-0.089857
-0.21795
-0.34588
-0.47844
-0.60823
-0.71624
-0.77887
-0.77796
-0.70919
-0.58469
-0.42849
-0.26698
-0.11884
0.010849
0.1295
0.24974
0.37956
0.51488
0.63839
0.72536
0.75384
0.71431
0.61422
0.47508
0.32354
0.18058
0.054039
-0.062121
-0.18145
-0.31485
-0.46174
-0.60695
-0.72513
-0.7907
-0.78863
-0.7209
-0.60553
-0.46854
-0.33279
-0.20882
-0.092396
0.030547
0.17368
0.34012
0.51742
0.6802
0.79955
0.85465
0.84119
0.77247
0.67267
0.56553
0.46392
0.36522
0.25486
0.11615
-0.058477
-0.26033
-0.46519
-0.64172
-0.76363
-0.81992
-0.81822
-0.77973
-0.72815
-0.67802
-0.62809
-0.56306
-0.46264
-0.31379
-0.1198
0.098137
0.30797
0.47911
0.59428
0.65529
0.67984
0.69117
0.70535
0.72266
0.72719
0.69492
0.60644
0.45808
0.26591
0.060592
-0.12473
-0.26762
-0.3645
-0.42974
-0.48623
-0.55212
-0.63005
-0.70445
-0.74813
-0.73519
-0.65397
-0.51376
-0.34179
-0.17201
-0.030785
0.073567
0.15238
0.22867
0.32341
0.44293
0.57351
0.68609
0.74888
0.7419
0.6664
0.54458
0.40957
0.29054
0.19996
0.12927
0.055014
-0.047506
-0.18976
-0.3618
-0.53453
-0.67146
-0.74451
-0.74617
-0.6922
-0.61349
-0.5409
-0.49051
-0.45633
-0.41413
-0.33457
-0.1993
-0.012117
0.20036
0.39899
0.54868
0.63313
0.66089
0.65955
0.66094
0.6845
0.72691
0.76309
0.75831
0.68548
0.53944
0.34103
0.12892
-0.056981
-0.19284
-0.28031
-0.34373
-0.41618
-0.52135
-0.65987
-0.807
-0.92292
-0.9709
-0.93445
-0.82534
-0.67838
-0.53527
-0.42539
-0.35267
-0.29496
-0.21638
-0.086634
0.10197
0.3283
0.55012
0.72223
0.81645
0.83381
0.80292
0.76531
0.75454
0.77941
0.81929
0.83412
0.7843
0.651
0.44687
0.21195
-0.0037059
-0.16222
-0.25448
-0.30286
-0.34877
-0.43089
-0.56454
-0.73243
-0.89124
-0.99132
-1
-0.91731
-0.77634
-0.62791
-0.51677
-0.4606
-0.44226
-0.41895
-0.34422
-0.19213
0.028068
0.27412
0.48899
0.62663
0.67289
0.65137
0.61135
0.60321
0.65326
0.75017
0.84967
0.89562
0.84742
0.70054
0.49009
0.27551
0.11331
0.030999
0.014823
0.017257
-0.018926
-0.13158
-0.3191
-0.53925
-0.72779
-0.82824
-0.81848
-0.72145
-0.59434
-0.50129
-0.48254
-0.53482
-0.61275
-0.65078
-0.59543
-0.43238
-0.19514
0.049157
0.23044
0.30823
0.29052
0.22946
0.19585
0.24418
0.38515
0.57906
0.75351
0.83746
0.79532
0.64473
0.4491
0.28812
0.22006
0.25391
0.3449
0.41603
0.39555
0.25263
0.013949
-0.24714
-0.44415
-0.51797
-0.46496
-0.33891
-0.2255
-0.20105
-0.29519
-0.47548
-0.66175
-0.7638
-0.72475
-0.54927
-0.30282
-0.081795
0.03164
0.0086459
-0.1122
-0.24297
-0.28849
-0.19269
0.032985
0.31309
0.5425
0.63566
0.56746
0.3859
0.1901
0.083526
0.12432
0.29662
0.51683
0.67259
0.67626
0.50768
0.2255
-0.05889
-0.23308
-0.23678
-0.09094
0.11132
0.24847
0.22866
0.034643
-0.26608
-0.55145
-0.70163
-0.65586
-0.44228
-0.16597
0.039691
0.076055
-0.073335
-0.33355
-0.57246
-0.66285
0
0
0
0
0
0
0
0
0
0
0
0
0
0
0
0
0
0
0
0
0
0
0
0
0
0
0
0
0
0
0
0
0
0
0
0
0
0
0
0
0
0
0
0
0
0
0
0
0
0
0
0
0
0
0
0
0
0
0
0
0
0
0
0
0
0
0
0
0
0
0
0
0
0
0
0
0
0
0
0
0
0
0
0
0
0
0
0
0
0
0
0
0
0
0
0
0
0
0
0
0
0
0
0
0
0
0
0
0
0
0
0
0
0
0
0
0
0
0
0
0
0
0
0
0
0
0
0
0
0
0
0
0
0
0
0
0
0
0
0
0
0
0
0
0
0
0
0
0
0
0
0
0
0
0
0
0
0
0
0
0
0
0
0
0
0
0
0
0
0
0
0
0
0
0
0
0
0
0
0
0
0
0
0
0
0
0
0
0
0
0
0
0
0
0
0
0
0
0
0
0
0
0
0
0
0
0
0
0
0
0
0
0
0
0
0
0
0
0
0
0
0
0
0
0
0
0
0
0
0
0
0
0
0
0
0
0
0
0
0
0
0
0
0
0
0
0
0
0
0
0
0
0
0
0
0
0
0
0
0
0
0
0
0
0
0
0
0
0
0
-0.84119
-0.77247
-0.67267
-0.56553
-0.46392
-0.36522
-0.25486
-0.11615
0.058477
0.26033
0.46519
0.64172
0.76363
0.81992
0.81822
0.77973
0.72815
0.67802
0.62809
0.56306
0.46264
0.31379
0.1198
-0.098137
-0.30797
-0.47911
-0.59428
-0.65529
-0.67984
-0.69117
-0.70535
-0.72266
-0.72719
-0.69492
-0.60644
-0.45808
-0.26591
-0.060592
0.12473
0.26762
0.3645
0.42974
0.48623
0.55212
0.63005
0.70445
0.74813
0.73519
0.65397
0.51376
0.34179
0.17201
0.030785
-0.073567
-0.15238
-0.22867
-0.32341
-0.44293
-0.57351
-0.68609
-0.74888
-0.7419
-0.6664
-0.54458
-0.40957
-0.29054
-0.19996
-0.12927
-0.055014
0.047506
0.18976
0.3618
0.53453
0.67146
0.74451
0.74617
0.6922
0.61349
0.5409
0.49051
0.45633
0.41413
0.33457
0.1993
0.012117
-0.20036
-0.39899
-0.54868
-0.63313
-0.66089
-0.65955
-0.66094
-0.6845
-0.72691
-0.76309
-0.75831
-0.68548
-0.53944
-0.34103
-0.12892
0.056981
0.19284
0.28031
0.34373
0.41618
0.52135
0.65987
0.807
0.92292
0.9709
0.93445
0.82534
0.67838
0.53527
0.42539
0.35267
0.29496
0.21638
0.086634
-0.10197
-0.3283
-0.55012
-0.72223
-0.81645
-0.83381
-0.80292
-0.76531
-0.75454
-0.77941
-0.81929
-0.83412
-0.7843
-0.651
-0.44687
-0.21195
0.0037059
0.16222
0.25448
0.30286
0.34877
0.43089
0.56454
0.73243
0.89124
0.99132
1
0.91731
0.77634
0.62791
0.51677
0.4606
0.44226
0.41895
0.34422
0.19213
-0.028068
-0.27412
-0.48899
-0.62663
-0.67289
-0.65137
-0.61135
-0.60321
-0.65326
-0.75017
-0.84967
-0.89562
-0.84742
-0.70054
-0.49009
-0.27551
-0.11331
-0.030999
-0.014823
-0.017257
0.018926
0.13158
0.3191
0.53925
0.72779
0.82824
0.81848
0.72145
0.59434
0.50129
0.48254
0.53482
0.61275
0.65078
0.59543
0.43238
0.19514
-0.049157
-0.23044
-0.30823
-0.29052
-0.22946
-0.19585
-0.24418
-0.38515
-0.57906
-0.75351
-0.83746
-0.79532
-0.64473
-0.4491
-0.28812
-0.22006
-0.25391
-0.3449
-0.41603
-0.39555
-0.25263
-0.013949
0.24714
0.44415
0.51797
0.46496
0.33891
0.2255
0.20105
0.29519
0.47548
0.66175
0.7638
0.72475
0.54927
0.30282
0.081795
-0.03164
-0.0086459
0.1122
0.24297
0.28849
0.19269
-0.032985
-0.31309
-0.5425
-0.63566
-0.56746
-0.3859
-0.1901
-0.083526
-0.12432
-0.29662
-0.51683
-0.67259
-0.67626
-0.50768
-0.2255
0.05889
0.23308
0.23678
0.09094
-0.11132
-0.24847
-0.22866
-0.034643
0.26608
0.55145
0.70163
0.65586
0.44228
0.16597
-0.039691
-0.076055
0.073335
0.33355
0.57246
0.66285
0.54328
0.24894
-0.10291
-0.36662
-0.43635
-0.29648
-0.030202
0.21859
0.31288
0.18794
-0.11635
-0.4722
-0.72264
-0.75505
-0.55513
-0.21533
0.10699
0.26266
0.18119
-0.094794
-0.4279
-0.64949
-0.63893
-0.38164
0.021892
0.4011
0.59411
0.52366
0.23451
-0.12595
-0.37556
-0.38273
-0.12926
0.27908
0.66003
0.83903
0.73105
0.38188
-0.051242
-0.37145
-0.43359
-0.21275
0.18253
0.55921
0.72888
0.59614
0.20465
-0.28082
-0.64928
-0.74078
-0.52137
-0.10038
0.31875
0.53199
0.42967
0.048813
-0.44206
-0.81939
-0.9075
-0.66066
-0.18586
0.30475
0.59066
0.54472
0.19279
-0.29672
-0.68921
-0.79164
-0.54223
-0.040532
0.49657
0.83325
0.8228
0.47574
-0.043778
-0.49209
-0.65725
-0.45658
0.024326
0.56941
0.93
0.9383
0.58471
0.023387
-0.49692
-0.74556
-0.61503
-0.17049
0.37917
0.77572
0.8289
0.5033
-0.064742
-0.62805
-0.94003
-0.8661
-0.44473
0.1296
0.59399
0.73565
0.48791
-0.039496
-0.60974
-0.96528
-0.94361
-0.55023
0.043863
0.57882
0.82223
0.67278
0.20511
-0.36418
-0.77367
-0.83383
-0.51119
0.057293
0.62574
0.94876
0.89004
0.48181
-0.090542
-0.57146
-0.74843
-0.54517
-0.054067
0.50599
0.88679
0.9199
0.58954
0.037937
-0.49838
-0.7926
-0.72601
-0.338
0.19324
0.62991
0.77834
0.57205
0.098559
-0.44055
-0.81788
-0.87802
-0.60272
-0.11624
0.37019
0.64977
0.60782
0.26861
-0.21766
-0.64069
-0.81992
-0.67983
-0.27954
0.21457
0.60035
0.72473
0.54609
0.14911
-0.29299
-0.59183
-0.6218
-0.37043
0.058621
0.49015
0.75017
0.73659
0.45944
0.03481
-0.3638
-0.57637
-0.52063
-0.22409
0.18843
0.54604
0.70076
0.58669
0.2459
-0.18894
-0.54782
-0.69132
-0.56618
-0.22651
0.18773
0.50652
0.59769
0.42013
0.041039
-0.39012
-0.70077
-0.76436
-0.5518
-0.14455
0.29682
0.59625
0.63319
0.39224
-0.029024
-0.45787
-0.71555
-0.69001
-0.38283
0.08945
0.54093
0.7911
0.73868
0.40428
-0.076272
-0.50587
-0.70614
-0.59091
-0.20275
0.30282
0.71985
0.87586
0.70304
0.26703
-0.25881
-0.66355
-0.78477
-0.57531
-0.12297
0.38493
0.73788
0.78815
0.5111
0.015278
-0.50191
-0.83451
-0.85155
-0.54966
-0.053607
0.43498
0.71955
0.68762
0.35506
-0.14177
-0.60205
-0.84153
-0.76564
-0.40564
0.095809
0.54286
0.76454
0.68128
0.33412
-0.13391
-0.53574
-0.71384
-0.60045
-0.24162
0.22307
0.61614
0.79065
0.68521
0.34518
-0.096981
-0.47343
-0.64454
-0.55038
-0.23137
0.18866
0.54976
0.7155
0.62296
0.30502
-0.12255
-0.50421
-0.70178
-0.64504
-0.35735
0.052763
0.43128
0.63512
0.58506
0.29571
-0.12869
-0.53177
-0.76245
-0.73141
-0.44567
-0.0077092
0.42125
0.68089
0.67246
0.39732
-0.041625
-0.47728
-0.74087
-0.7265
-0.4327
0.035183
0.50372
0.79687
0.80341
0.52032
0.054981
-0.4151
-0.70989
-0.71585
-0.42969
0.040128
0.51478
0.81339
0.82205
0.5368
0.06455
-0.41828
-0.73307
-0.76628
-0.51126
-0.069122
0.39089
0.69566
0.73257
0.48996
0.059208
-0.40108
-0.7246
-0.79798
-0.60036
-0.20849
0.23347
0.56717
0.6766
0.52797
0.17941
-0.24171
-0.5848
-0.72884
-0.6237
-0.3061
0.11424
0.49315
0.70168
0.67007
0.4114
0.017036
-0.37455
-0.62512
-0.64442
-0.42198
-0.031939
0.3914
0.69946
0.78134
0.60374
0.22449
-0.22596
-0.58951
-0.73632
-0.61216
-0.2594
0.1963
0.59002
0.7767
0.6842
0.34059
-0.13478
-0.57364
-0.81962
-0.78508
-0.48321
-0.023407
0.42848
0.71026
0.72196
0.46131
0.023633
-0.43351
-0.7474
-0.80809
-0.59637
-0.18867
0.27188
0.62693
0.75824
0.62733
0.28634
-0.14239
-0.50998
-0.69191
-0.62907
-0.34544
0.062062
0.45743
0.71095
0.74121
0.5406
0.17654
-0.23117
-0.54938
-0.67452
-0.56598
-0.25949
0.14392
0.51009
0.71513
0.68647
0.42792
0.020199
-0.40422
-0.70434
-0.77809
-0.598
-0.2224
0.2226
0.5849
0.73847
0.62739
0.28649
-0.16941
-0.58436
-0.81508
-0.78082
-0.49163
-0.045041
0.40778
0.71444
0.7737
0.56962
0.17585
-0.27097
-0.61872
-0.75139
-0.62713
-0.29024
0.14589
0.53808
0.76094
0.74689
0.50587
0.11967
-0.28632
-0.58375
-0.68137
-0.55223
-0.24044
0.15384
0.50584
0.70451
0.68625
0.45434
0.078218
-0.32719
-0.63632
-0.75176
-0.63533
-0.32153
0.091512
0.47176
0.69489
0.68486
0.44013
0.036129
-0.39766
-0.71931
-0.82135
-0.66705
-0.3038
0.15175
0.55195
0.76715
0.72881
0.45202
0.029994
-0.39751
-0.6907
-0.75547
-0.57306
-0.20438
0.23158
0.59736
0.78094
0.72995
0.46583
0.074558
-0.32185
-0.60344
-0.68802
-0.55428
-0.24625
0.14125
0.49118
0.69847
0.7003
0.49413
0.13863
-0.26276
-0.59158
-0.74894
-0.68558
-0.41797
-0.02529
0.37297
0.65276
0.72402
0.5601
0.20794
-0.22488
-0.60311
-0.80655
-0.76883
-0.49945
-0.081291
0.35556
0.67546
0.78051
0.64126
0.30513
-0.11992
-0.50048
-0.7198
-0.71328
-0.48655
-0.1113
0.29853
0.62217
0.76753
0.69675
0.43488
0.060565
-0.31774
-0.59271
-0.68772
-0.57738
-0.29398
0.081439
0.44126
0.68085
0.72803
0.56438
0.23214
-0.17608
-0.54269
-0.75919
-0.759
-0.53893
-0.16218
0.25923
0.59776
0.74948
0.66664
0.37315
-0.042381
-0.45394
-0.73709
-0.80726
-0.645
-0.30074
0.12204
0.49924
0.72347
0.73496
0.53695
0.19216
-0.19745
-0.52086
-0.68881
-0.65717
-0.43714
-0.090474
0.28795
0.59555
0.74886
0.70537
0.475
0.1184
-0.26824
-0.57826
-0.72369
-0.66063
-0.40335
-0.022502
0.37344
0.66871
0.77432
0.65536
0.34265
-0.075267
-0.47798
-0.74909
-0.81102
-0.64794
-0.30971
0.1039
0.4736
0.69567
0.71126
0.52135
0.184
-0.2042
-0.53614
-0.72334
-0.7184
-0.52546
-0.19717
0.18017
0.509
0.70492
0.71758
0.54333
0.22684
-0.14928
-0.48471
-0.68734
-0.69835
-0.50969
-0.16855
0.23371
0.58573
0.78748
0.77944
0.56083
0.19097
-0.22732
-0.57738
-0.76249
-0.73363
-0.50275
-0.13801
0.25702
0.57347
0.72725
0.68084
0.451
0.10178
-0.27438
-0.58131
-0.74309
-0.72161
-0.52448
-0.20203
0.16522
0.48566
0.67842
0.69316
0.52343
0.20995
-0.16781
-0.51071
-0.72545
-0.75021
-0.573
-0.2369
0.17015
0.539
0.76963
0.79958
0.62171
0.286
-0.1151
-0.4731
-0.69378
-0.72231
-0.55635
-0.24432
0.12968
0.46916
0.68991
0.7398
0.60958
0.33303
-0.022374
-0.37171
-0.63193
-0.74066
-0.6706
-0.43677
-0.094429
0.2726
0.57144
0.72331
0.68483
0.46114
0.10674
-0.28741
-0.61764
-0.79573
-0.77346
-0.55612
-0.20105
0.19853
0.53942
0.73624
0.74336
0.56505
0.2519
-0.11434
-0.44254
-0.65451
-0.70243
-0.57803
-0.31255
0.031551
0.37477
0.63777
0.75851
0.70629
0.4897
0.15648
-0.2158
-0.53704
-0.72648
-0.73387
-0.55406
-0.23022
0.15596
0.5052
0.72692
0.76369
0.60643
0.29628
-0.087311
-0.4484
-0.69967
-0.78395
-0.68658
-0.43635
-0.096051
0.25395
0.53444
0.68426
0.67219
0.50244
0.21322
-0.13103
-0.4525
-0.67626
-0.74698
-0.64274
-0.3823
-0.023014
0.35111
0.64936
0.79732
0.75685
0.5369
0.19201
-0.19182
-0.51963
-0.71221
-0.72578
-0.56174
-0.26411
0.093364
0.42647
0.6604
0.74566
0.66692
0.44407
0.12635
-0.21832
-0.5169
-0.70542
-0.74182
-0.6154
-0.35081
-0.0047571
0.34477
0.6156
0.7411
0.68755
0.46427
0.12276
-0.25535
-0.57879
-0.76995
-0.78439
-0.62127
-0.32204
0.041488
0.38583
0.63583
0.74087
0.68398
0.48283
0.18377
-0.14883
-0.44547
-0.6444
-0.70301
-0.60626
-0.37079
-0.043408
0.30681
0.60219
0.77378
0.77833
0.61031
0.30515
-0.068035
-0.42292
-0.67738
-0.77394
-0.69357
-0.45919
-0.12844
0.22168
0.51364
0.68651
0.70769
0.57722
0.32529
0.00446
-0.32096
-0.58655
-0.73898
-0.74569
-0.60174
-0.33253
0.0090972
0.35203
0.62132
0.75527
0.72094
0.52361
0.20696
-0.15669
-0.48381
-0.70018
-0.75855
-0.64908
-0.39979
-0.067989
0.27439
0.55721
0.72616
0.75183
0.63307
0.39523
0.084578
-0.23971
-0.51532
-0.68732
-0.71866
-0.59872
-0.34779
-0.015388
0.32848
0.60808
0.7595
0.74653
0.57018
0.26896
-0.090487
-0.42969
-0.67704
-0.7837
-0.73298
-0.5414
-0.25243
0.074502
0.37635
0.59772
0.69933
0.66346
0.49627
0.2274
-0.09382
-0.40562
-0.64452
-0.75813
-0.71751
-0.52558
-0.21876
0.13969
0.47359
0.71158
0.80395
0.73388
0.52028
0.21169
-0.1262
-0.42575
-0.63114
-0.70782
-0.64652
-0.4624
-0.19073
0.11936
0.41227
0.63402
0.74089
0.70787
0.5352
0.25105
-0.091696
-0.42486
-0.67931
-0.80086
-0.76342
-0.57548
-0.27811
0.065199
0.38366
0.61507
0.71821
0.67933
0.51188
0.25121
-0.053673
-0.34885
-0.58353
-0.7168
-0.72335
-0.59799
-0.35822
-0.04365
0.28901
0.57569
0.75796
0.7965
0.68118
0.43459
0.10756
-0.23252
-0.51718
-0.692
-0.72744
-0.62287
-0.40391
-0.1148
0.19143
0.46227
0.65323
0.7331
0.68748
0.52102
0.25805
-0.059106
-0.37532
-0.63163
-0.7768
-0.77913
-0.63499
-0.37128
-0.040399
0.2913
0.55848
0.71117
0.72454
0.60212
0.37233
0.080431
-0.22135
-0.48289
-0.66298
-0.7337
-0.68306
-0.51655
-0.25763
0.053733
0.36546
0.62133
0.77163
0.78438
0.65379
0.4033
0.081377
-0.24891
-0.52401
-0.69364
-0.73057
-0.63421
-0.42794
-0.152
0.14546
0.41656
0.6199
0.72478
0.71397
0.58604
0.3569
0.059836
-0.25749
-0.53975
-0.73412
-0.80165
-0.72692
-0.52277
-0.22829
0.099794
0.39974
0.6181
0.71998
0.69385
0.55085
0.31971
0.039899
-0.24508
-0.49297
-0.66686
-0.7388
-0.69363
-0.53274
-0.27664
0.035672
0.35158
0.61412
0.77382
0.79995
0.68788
0.46017
0.16108
-0.15384
-0.42982
-0.62323
-0.70789
-0.67671
-0.53966
-0.3199
-0.049896
0.23205
0.48494
0.66913
0.75176
0.71326
0.55327
0.29365
-0.023314
-0.34212
-0.60533
-0.76597
-0.7975
-0.69864
-0.49187
-0.21674
0.079481
0.35095
0.55984
0.67978
0.6968
0.60925
0.4277
0.1751
-0.1138
-0.39521
-0.62203
-0.75239
-0.75897
-0.63639
-0.40391
-0.1022
0.21532
0.49407
0.68948
0.77461
0.74286
0.60587
0.38856
0.12351
-0.15354
-0.40677
-0.60249
-0.71191
-0.71508
-0.60569
-0.39512
-0.11352
0.19353
0.47298
0.67516
0.76459
0.72746
0.5736
0.33278
0.046899
-0.23924
-0.4856
-0.66164
-0.74781
-0.73526
-0.62522
-0.42919
-0.16956
0.12041
0.39905
0.62186
0.74982
0.75832
0.64376
0.42548
0.14206
-0.15727
-0.42322
-0.61601
-0.71138
-0.70197
-0.59505
-0.40846
-0.16675
0.10118
0.36334
0.58599
0.7365
0.78826
0.72689
0.5556
0.29743
-0.007412
-0.30897
-0.55792
-0.71578
-0.76213
-0.69669
-0.5366
-0.31045
-0.051654
0.2067
0.43458
0.60586
0.69897
0.69848
0.59837
0.40573
0.14314
-0.15236
-0.43455
-0.65687
-0.78232
-0.79149
-0.68609
-0.4872
-0.22902
0.049258
0.31075
0.52547
0.67178
0.73576
0.71038
0.59591
0.40162
0.1479
-0.13339
-0.40177
-0.61457
-0.7357
-0.74398
-0.63836
-0.43809
-0.17772
0.10106
0.35821
0.56182
0.69099
0.73542
0.69322
0.56904
0.37374
0.12549
-0.14906
-0.41545
-0.6353
-0.77312
-0.80434
-0.72187
-0.5387
-0.28526
-0.0025045
0.26717
0.48806
0.63607
0.69965
0.6776
0.57601
0.40596
0.18337
-0.070024
-0.32579
-0.55026
-0.70901
-0.77381
-0.72987
-0.58073
-0.34864
-0.070022
0.21269
0.45996
0.64211
0.74242
0.75628
0.68796
0.54724
0.34762
0.10668
-0.15255
-0.40103
-0.60588
-0.73546
-0.7665
-0.69068
-0.51807
-0.27581
-0.0022097
0.26182
0.48105
0.63139
0.70129
0.68965
0.60222
0.44865
0.2418
-0.001113
-0.25672
-0.4954
-0.68417
-0.79266
-0.80043
-0.70291
-0.51374
-0.26204
0.01423
0.2768
0.49433
0.64637
0.72333
0.72375
0.65096
0.51128
0.31466
0.076835
-0.17863
-0.42084
-0.61544
-0.73147
-0.74888
-0.66404
-0.49098
-0.25782
0.00023835
0.24889
0.46064
0.61726
0.70872
0.73027
0.68007
0.55888
0.3723
0.13396
-0.13242
-0.39421
-0.61484
-0.76143
-0.81248
-0.76284
-0.6242
-0.42092
-0.18319
0.059857
0.28453
0.47351
0.61403
0.69533
0.70756
0.64342
0.50207
0.29327
0.039393
-0.22642
-0.46621
-0.64534
-0.74014
-0.74229
-0.65857
-0.50661
-0.30873
-0.086661
0.14105
0.35833
0.54924
0.69599
0.77953
0.78314
0.69799
0.52817
0.29265
0.02285
-0.24385
-0.47238
-0.63713
-0.72545
-0.73691
-0.6792
-0.56325
-0.39995
-0.19986
0.024469
0.2555
0.4695
0.63866
0.73655
0.74513
0.66041
0.49446
0.27259
0.026953
-0.21121
-0.4175
-0.57671
-0.68135
-0.72798
-0.71391
-0.63629
-0.49438
-0.29366
-0.049508
0.21209
0.45787
0.65414
0.77463
0.80644
0.75189
0.62577
0.44943
0.2445
0.028819
-0.18404
-0.38237
-0.55291
-0.67918
-0.74302
-0.72931
-0.63192
-0.45819
-0.22952
0.022632
0.264
0.46534
0.60789
0.68463
0.69756
0.6528
0.55634
0.41256
0.22618
0.0061795
-0.23071
-0.4595
-0.6504
-0.77552
-0.81618
-0.76797
-0.64136
-0.45783
-0.2431
-0.020549
0.19268
0.38562
0.55026
0.67764
0.7557
0.77069
0.71183
0.57699
0.37683
0.13483
-0.11712
-0.34623
-0.52644
-0.64323
-0.69403
-0.68459
-0.62353
-0.51786
-0.37183
-0.18925
0.022066
0.24662
0.46068
0.63593
0.74626
0.77499
0.71958
0.59172
0.41296
0.20774
-0.0029964
-0.20507
-0.39025
-0.55235
-0.68289
-0.76909
-0.79558
-0.74961
-0.62719
-0.43734
-0.20206
0.048279
0.28251
0.47609
0.61549
0.69801
0.72768
0.70978
0.64671
0.53763
0.38169
0.18323
-0.044055
-0.27663
-0.48504
-0.6411
-0.72539
-0.73197
-0.66838
-0.55121
-0.3993
-0.22793
-0.046378
0.14032
0.32674
0.50251
0.65052
0.74948
0.77994
0.73123
0.60626
0.42171
0.20345
-0.020903
-0.22912
-0.40819
-0.55364
-0.66508
-0.74081
-0.77447
-0.75569
-0.67467
-0.52844
-0.32569
-0.087523
0.15674
0.37697
0.55004
0.66456
0.72092
0.72686
0.6912
0.61881
0.50942
0.36067
0.17377
-0.041414
-0.26472
-0.46881
-0.62616
-0.71683
-0.73385
-0.68386
-0.58281
-0.44897
-0.29651
-0.13262
0.040831
0.22215
0.40425
0.57183
0.70312
0.77586
0.77485
0.69775
0.55636
0.37277
0.17198
-0.025521
-0.20813
-0.37259
-0.5194
-0.64669
-0.74605
-0.80275
-0.80041
-0.72816
-0.58679
-0.39087
-0.16557
0.060573
0.26377
0.43049
0.55811
0.65074
0.71272
0.74315
0.73441
0.67553
0.55875
0.38605
0.17221
-0.057334
-0.27324
-0.45067
-0.5758
-0.64748
-0.67379
-0.66517
-0.62789
-0.56091
-0.45789
-0.31301
-0.12787
0.084427
0.30016
0.49091
0.63203
0.70988
0.72464
0.68763
0.61449
0.51768
0.4019
0.26458
0.10103
-0.088592
-0.29399
-0.49431
-0.66297
-0.77586
-0.81925
-0.79373
-0.71253
-0.59498
-0.45841
-0.3122
-0.1568
0.012048
0.19621
0.38894
0.57297
0.72404
0.81867
0.84252
0.79551
0.69132
0.55145
0.3968
0.24045
0.085327
-0.072729
-0.23794
-0.40751
-0.56821
-0.69853
-0.77572
-0.78449
-0.72326
-0.60501
-0.45221
-0.28833
-0.12965
0.01858
0.16024
0.30171
0.44409
0.57834
0.68591
0.74486
0.73872
0.66377
0.53136
0.36403
0.18712
0.019909
-0.12974
-0.26482
-0.39318
-0.5193
-0.63802
-0.73365
-0.78497
-0.77395
-0.69405
-0.55405
-0.37551
-0.18495
-0.0043683
0.15549
0.29604
0.4258
0.55189
0.67263
0.77495
0.83816
0.84229
0.77724
0.64818
0.4745
0.2829
0.097523
-0.068036
-0.21324
-0.34664
-0.47753
-0.60745
-0.72601
-0.81311
-0.84679
-0.81293
-0.71218
-0.5607
-0.38428
-0.20849
-0.049549
0.089857
0.21795
0.34588
0.47844
0.60823
0.71624
0.77887
0.77796
0.70919
0.58469
0.42849
0.26698
0.11884
-0.010849
-0.1295
-0.24974
-0.37956
-0.51488
-0.63839
-0.72536
-0.75384
-0.71431
-0.61422
-0.47508
-0.32354
-0.18058
-0.054039
0.062121
0.18145
0.31485
0.46174
0.60695
0.72513
0.7907
0.78863
0.7209
0.60553
0.46854
0.33279
0.20882
0.092396
-0.030547
-0.17368
-0.34012
-0.51742
-0.6802
-0.79955
-0.85465
-0.84119
-0.77247
-0.67267
-0.56553
-0.46392
-0.36522
-0.25486
-0.11615
0.058477
0.26033
0.46519
0.64172
0.76363
0.81992
0.81822
0.77973
0.72815
0.67802
0.62809
0.56306
0.46264
0.31379
0.1198
-0.098137
-0.30797
-0.47911
-0.59428
-0.65529
-0.67984
-0.69117
-0.70535
-0.72266
-0.72719
-0.69492
-0.60644
-0.45808
-0.26591
-0.060592
0.12473
0.26762
0.3645
0.42974
0.48623
0.55212
0.63005
0.70445
0.74813
0.73519
0.65397
0.51376
0.34179
0.17201
0.030785
-0.073567
-0.15238
-0.22867
-0.32341
-0.44293
-0.57351
-0.68609
-0.74888
-0.7419
-0.6664
-0.54458
-0.40957
-0.29054
-0.19996
-0.12927
-0.055014
0.047506
0.18976
0.3618
0.53453
0.67146
0.74451
0.74617
0.6922
0.61349
0.5409
0.49051
0.45633
0.41413
0.33457
0.1993
0.012117
-0.20036
-0.39899
-0.54868
-0.63313
-0.66089
-0.65955
-0.66094
-0.6845
-0.72691
-0.76309
-0.75831
-0.68548
-0.53944
-0.34103
-0.12892
0.056981
0.19284
0.28031
0.34373
0.41618
0.52135
0.65987
0.807
0.92292
0.9709
0.93445
0.82534
0.67838
0.53527
0.42539
0.35267
0.29496
0.21638
0.086634
-0.10197
-0.3283
-0.55012
-0.72223
-0.81645
-0.83381
-0.80292
-0.76531
-0.75454
-0.77941
-0.81929
-0.83412
-0.7843
-0.651
-0.44687
-0.21195
0.0037059
0.16222
0.25448
0.30286
0.34877
0.43089
0.56454
0.73243
0.89124
0.99132
1
0.91731
0.77634
0.62791
0.51677
0.4606
0.44226
0.41895
0.34422
0.19213
-0.028068
-0.27412
-0.48899
-0.62663
-0.67289
-0.65137
-0.61135
-0.60321
-0.65326
-0.75017
-0.84967
-0.89562
-0.84742
-0.70054
-0.49009
-0.27551
-0.11331
-0.030999
-0.014823
-0.017257
0.018926
0.13158
0.3191
0.53925
0.72779
0.82824
0.81848
0.72145
0.59434
0.50129
0.48254
0.53482
0.61275
0.65078
0.59543
0.43238
0.19514
-0.049157
-0.23044
-0.30823
-0.29052
-0.22946
-0.19585
-0.24418
-0.38515
-0.57906
-0.75351
-0.83746
-0.79532
-0.64473
-0.4491
-0.28812
-0.22006
-0.25391
-0.3449
-0.41603
-0.39555
-0.25263
-0.013949
0.24714
0.44415
0.51797
0.46496
0.33891
0.2255
0.20105
0.29519
0.47548
0.66175
0.7638
0.72475
0.54927
0.30282
0.081795
-0.03164
-0.0086459
0.1122
0.24297
0.28849
0.19269
-0.032985
-0.31309
-0.5425
-0.63566
-0.56746
-0.3859
-0.1901
-0.083526
-0.12432
-0.29662
-0.51683
-0.67259
-0.67626
-0.50768
-0.2255
0.05889
0.23308
0.23678
0.09094
-0.11132
-0.24847
-0.22866
-0.034643
0.26608
0.55145
0.70163
0.65586
0.44228
0.16597
-0.039691
-0.076055
0.073335
0.33355
0.57246
0.66285
0
0
0
0
0
0
0
0
0
0
0
0
0
0
0
0
0
0
0
0
0
0
0
0
0
0
0
0
0
0
0
0
0
0
0
0
0
0
0
0
0
0
0
0
0
0
0
0
0
0
0
0
0
0
0
0
0
0
0
0
0
0
0
0
0
0
0
0
0
0
0
0
0
0
0
0
0
0
0
0
0
0
0
0
0
0
0
0
0
0
0
0
0
0
0
0
0
0
0
0
0
0
0
0
0
0
0
0
0
0
0
0
0
0
0
0
0
0
0
0
0
0
0
0
0
0
0
0
0
0
0
0
0
0
0
0
0
0
0
0
0
0
0
0
0
0
0
0
0
0
0
0
0
0
0
0
0
0
0
0
0
0
0
0
0
0
0
0
0
0
0
0
0
0
0
0
0
0
0
0
0
0
0
0
0
0
0
0
0
0
0
0
0
0
0
0
0
0
0
0
0
0
0
0
0
0
0
0
0
0
0
0
0
0
0
0
0
0
0
0
0
0
0
0
0
0
0
0
0
0
0
0
0
0
0
0
0
0
0
0
0
0
0
0
0
0
0
0
0
0
0
0
0
0
0
0
0
0
0
0
0
0
0
0
0
0
0
0
0
0
0
0
0
0
0
0
0
0
0
0
0
0
0
0
0
0
0
0
0
0
0
0
0
0
0
0
0
0
0
0
0
0
0
0
0
0
0
0
0
0
0
0
0
0
0
0
0
0
0
0
0
0
0
0
0
0
0
0
0
0
0
0
0
0
0
0
0
0
0
0
0
0
0
0
0
0
0
0
0
0
0
0
0
0
0
0
0
0
0
0
0
0
0
0
0
0
0
0
0
0
0
0
0
0
0
0
0
0
0
0
0
0
0
0
0
0
0
0
0
0
0
0
0
0
0
0
0
0
0
0
0
0
0
0
0
0
0
0
0
0
0
0
0
0
0
0
0
0
0
0
0
0
0
0
0
0
0
0
0
0
0
0
0
0
0
0
0
0
0
0
0
0
0
0
0
0
0
0
0
0
0
0
0
0
0
0
0
0
0
0
0
0
0
0
0
0
0
0
0
0
0
0
0
0
0
0
0
0
0
0
0
0
0
0
0
0
0
0
0
0
0
0
0
0
0
0
0
0
0
0
0
0
0
0
0
0
0
0
0
0
0
0
0
0
0
0
0
0
0
0
0
0
0
0
0
0
0
0
0
0
0
0
0
0
0
0
0
0
0
0
0
0
0
0
0
0
0
0
0
0
0
0
0
0
0
0
0
0
0
0
0
0
0
0
0
0
0
0
0
0
0
0
0
0
0
0
0
0
0
0
0
0
0
0
0
0
0
0
0
0
0
0
0
0
0
0
0
0
0
0
0
0
0
0
0
0
0
0
0
0
0
0
0
0
0
0
0
0
0
0
0
0
0
0
0
0
0
0
0
0
0
0
0
0
0
0
0
0
0
0
0.57955
0.6512
0.64505
0.568
0.43286
0.25683
0.061567
-0.12649
-0.27764
-0.36365
-0.36516
-0.27943
-0.12521
0.0584
0.22019
0.31058
0.29686
0.17472
-0.028424
-0.26015
-0.45827
-0.56971
-0.56668
-0.4545
-0.26838
-0.060336
0.11903
0.23692
0.28718
0.28825
0.27161
0.26548
0.28068
0.30481
0.30722
0.25344
0.12316
-0.075776
-0.30354
-0.49762
-0.59271
-0.54444
-0.34818
-0.045252
0.28661
0.55639
0.68882
0.64936
0.45609
0.17376
-0.10807
-0.30574
-0.37
-0.30234
-0.15315
-0.0022051
0.071556
0.020253
-0.15375
-0.3967
-0.62104
-0.73563
-0.67821
-0.43842
-0.063586
0.35505
0.71079
0.91484
0.92349
0.74992
0.45741
0.13697
-0.1226
-0.26182
-0.26592
-0.16455
-0.016952
0.1109
0.16878
0.13657
0.02667
-0.12516
-0.2754
-0.38853
-0.44674
-0.45105
-0.41461
-0.35244
-0.27283
-0.17445
-0.050468
0.10264
0.27612
0.44477
0.5705
0.61354
0.54741
0.37199
0.11894
-0.15363
-0.37646
-0.48994
-0.46323
-0.30518
-0.062625
0.19354
0.39012
0.47405
0.42783
0.27302
0.060915
-0.14601
-0.29511
-0.35975
-0.34508
-0.28208
-0.21254
-0.17099
-0.17056
-0.19789
-0.21915
-0.19451
-0.095736
0.079818
0.30418
0.52489
0.68035
0.71945
0.61872
0.39128
0.084563
-0.23254
-0.48897
-0.63123
-0.63746
-0.52184
-0.32848
-0.11693
0.055752
0.15105
0.15864
0.097082
0.0061389
-0.066774
-0.081713
-0.018602
0.11642
0.29223
0.46103
0.57133
0.58216
0.47492
0.25957
-0.026274
-0.32553
-0.57508
-0.72133
-0.73376
-0.6131
-0.39149
-0.12447
0.12332
0.29511
0.35677
0.30541
0.16903
-0.0023749
-0.15195
-0.23247
-0.21947
-0.1169
0.045949
0.22496
0.37534
0.46456
0.47992
0.42876
0.33191
0.2136
0.092128
-0.025033
-0.13986
-0.25722
-0.37644
-0.48522
-0.55939
-0.56954
-0.49267
-0.32427
-0.085945
0.17565
0.39939
0.52723
0.52294
0.38561
0.15242
-0.11094
-0.32978
-0.44355
-0.42484
-0.28753
-0.081129
0.12694
0.27495
0.328
0.28918
0.19661
0.10751
0.07493
0.12589
0.24897
0.39634
0.49979
0.49543
0.34825
0.067641
-0.29186
-0.64544
-0.90361
-1
-0.9121
-0.66789
-0.3364
-0.0055335
0.24519
0.36798
0.35877
0.25454
0.11782
0.014164
-0.009423
0.06177
0.20804
0.38436
0.53647
0.61809
0.60353
0.49236
0.30608
0.07929
-0.15056
-0.3513
-0.5001
-0.58366
-0.59642
-0.53909
-0.41885
-0.25097
-0.060248
0.12007
0.25335
0.30833
0.26921
0.14334
-0.037139
-0.22158
-0.35412
-0.39033
-0.3116
-0.13219
0.10399
0.33642
0.50653
0.5756
0.53572
0.41003
0.24244
0.080674
-0.040721
-0.11101
-0.14361
-0.16629
-0.20536
-0.27073
-0.34828
-0.40321
-0.3938
-0.29043
-0.092185
0.16604
0.41999
0.59477
0.62999
0.50224
0.23638
-0.099261
-0.41295
-0.61867
-0.66415
-0.54801
-0.31962
-0.061453
0.14011
0.22528
0.18168
0.048104
-0.10041
-0.18094
-0.1343
0.051383
0.33374
0.62869
0.83806
0.88297
0.73121
0.40918
-0.0055345
-0.40851
-0.7011
-0.82034
-0.75632
-0.55182
-0.28507
-0.042508
0.10893
0.14068
0.067134
-0.064468
-0.19373
-0.26879
-0.26223
-0.17632
-0.037258
0.11801
0.25629
0.35812
0.41996
0.44888
0.45327
0.43476
0.38543
0.29207
0.14563
-0.048637
-0.26542
-0.46174
-0.58784
-0.6034
-0.4933
-0.27661
-0.0047676
0.25157
0.42315
0.46349
0.36377
0.15586
-0.097731
-0.32355
-0.46016
-0.4763
-0.37861
-0.20631
-0.015573
0.14078
0.23077
0.25187
0.22811
0.19725
0.19331
0.23121
0.29945
0.36359
0.3793
0.31017
0.14374
-0.10029
-0.37282
-0.60857
-0.74535
-0.74326
-0.59739
-0.34001
-0.031536
0.25662
0.46205
0.548
0.51179
0.38312
0.21297
0.057312
-0.039715
-0.057922
-0.0055035
0.085126
0.16839
0.20006
0.15101
0.016471
-0.18154
-0.39931
-0.58237
-0.67978
-0.65779
-0.50955
-0.2583
0.047148
0.3436
0.56877
0.67678
0.64993
0.50322
0.28039
0.042113
-0.15031
-0.2515
-0.24381
-0.14119
0.016157
0.1745
0.28277
0.30719
0.2398
0.098745
-0.079515
-0.2528
-0.38616
-0.46069
-0.47562
-0.44366
-0.38214
-0.30407
-0.21308
-0.10432
0.029058
0.187
0.3555
0.50536
0.59841
0.59972
0.49186
0.28528
0.020486
-0.24036
-0.43044
-0.49874
-0.42701
-0.23712
0.014559
0.25421
0.4138
0.45261
0.36957
0.20206
0.011423
-0.13959
-0.20947
-0.19248
-0.11967
-0.045937
-0.027782
-0.09984
-0.259
-0.4622
-0.63921
-0.71624
-0.64226
-0.40865
-0.055259
0.33975
0.68294
0.89396
0.92968
0.79625
0.54536
0.25621
0.0098259
-0.13583
-0.16172
-0.090125
0.026501
0.12533
0.15464
0.089759
-0.061167
-0.26234
-0.46348
-0.61576
-0.68502
-0.65858
-0.54471
-0.36663
-0.15439
0.0622
0.25742
0.4106
0.50556
0.53078
0.48141
0.36284
0.19385
0.0068699
-0.15661
-0.25551
-0.26111
-0.16767
0.0027706
0.20394
0.3773
0.46909
0.44709
0.31121
0.093947
-0.14966
-0.35953
-0.48924
-0.51954
-0.46189
-0.35101
-0.22959
-0.13126
-0.068512
-0.030309
0.009733
0.078068
0.18533
0.31678
0.43376
0.48651
0.43391
0.26279
-0.0012447
-0.29669
-0.54277
-0.66503
-0.6209
-0.41601
-0.10481
0.22557
0.48317
0.60124
0.56008
0.39265
0.17185
-0.016252
-0.10378
-0.065825
0.070448
0.23563
0.34368
0.32404
0.14905
-0.15346
-0.50698
-0.81029
-0.97049
-0.93373
-0.70296
-0.33712
0.068012
0.41021
0.61219
0.64342
0.52576
0.32194
0.11188
-0.034406
-0.07799
-0.019731
0.1052
0.24356
0.34418
0.37451
0.32809
0.22163
0.084289
-0.055414
-0.17931
-0.28237
-0.3682
-0.4404
-0.49461
-0.51569
-0.48207
-0.37599
-0.19514
0.039463
0.28392
0.48135
0.57869
0.54482
0.3832
0.13416
-0.13519
-0.35029
-0.45183
-0.41395
-0.25191
-0.016479
0.22293
0.40057
0.47451
0.43777
0.31714
0.16066
0.018728
-0.074114
-0.11005
-0.10795
-0.10282
-0.12909
-0.20434
-0.31969
-0.44067
-0.51846
-0.50746
-0.38306
-0.15309
0.1412
0.43536
0.65984
0.76028
0.71338
0.53357
0.26831
-0.015985
-0.25314
-0.3953
-0.42488
-0.35694
-0.23211
-0.10247
-0.015167
0.0016443
-0.053612
-0.15643
-0.26432
-0.32997
-0.31552
-0.20429
-0.0066229
0.24144
0.48644
0.67069
0.74689
0.69083
0.50841
0.2354
-0.070598
-0.34401
-0.52765
-0.58719
-0.51984
-0.35466
-0.1442
0.050261
0.17576
0.20204
0.1291
-0.014308
-0.18043
-0.31753
-0.38508
-0.36461
-0.26289
-0.10704
0.066202
0.22276
0.34072
0.41383
0.4483
0.45506
0.4412
0.40475
0.33535
0.22077
0.05664
-0.14514
-0.3536
-0.52387
-0.60965
-0.57909
-0.42836
-0.18731
0.085795
0.31971
0.45146
0.44627
0.30919
0.084045
-0.16036
-0.35255
-0.44153
-0.4127
-0.29111
-0.1306
0.0070543
0.075593
0.061725
-0.0099657
-0.0866
-0.10778
-0.030058
0.15386
0.40855
0.66468
0.84065
0.86978
0.72359
0.42313
0.034175
-0.35215
-0.64687
-0.78967
-0.76572
-0.60752
-0.38188
-0.16668
-0.025828
0.0096365
-0.051642
-0.16782
-0.28046
-0.33498
-0.29786
-0.16546
0.037366
0.26728
0.47641
0.6253
0.69104
0.66906
0.56964
0.41214
0.21961
0.015744
-0.17587
-0.33178
-0.42985
-0.45289
-0.39421
-0.26307
-0.086847
0.092131
0.22593
0.27426
0.21766
0.065703
-0.14325
-0.3518
-0.50009
-0.5441
-0.46928
-0.29487
-0.067152
0.15617
0.32471
0.41077
0.41573
0.36541
0.29664
0.24051
0.20915
0.19159
0.16033
0.086188
-0.044784
-0.21963
-0.39759
-0.52145
-0.53769
-0.41823
-0.17519
0.1376
0.43825
0.6417
0.68759
0.56118
0.29967
-0.019148
-0.30227
-0.47245
-0.49384
-0.38315
-0.20229
-0.034904
0.044986
0.00078369
-0.1523
-0.35173
-0.50964
-0.54454
-0.41166
-0.12108
0.26295
0.64128
0.9113
0.99967
0.88527
0.60492
0.2402
-0.10945
-0.35811
-0.45846
-0.41278
-0.26715
-0.092028
0.04316
0.092373
0.044957
-0.075648
-0.22451
-0.35332
-0.42674
-0.43145
-0.37549
-0.27975
-0.16638
-0.049547
0.067438
0.18806
0.31406
0.43722
0.53613
0.58036
0.54139
0.40593
0.18632
-0.077326
-0.3251
-0.49388
-0.53716
-0.4413
-0.23197
0.031894
0.27521
0.42956
0.45398
0.34686
0.14489
-0.090192
-0.29246
-0.41279
-0.43293
-0.36799
-0.25725
-0.14705
-0.072468
-0.044576
-0.047896
-0.04865
-0.010477
0.088511
0.24391
0.42305
0.57392
0.64201
0.58933
0.40889
0.12966
-0.1899
-0.4778
-0.66887
-0.72304
-0.63607
-0.43945
-0.19
0.047251
0.21776
0.29182
0.27094
0.18463
0.079372
0.0031782
-0.0093074
0.052831
0.17375
0.31564
0.42975
0.47045
0.40867
0.24093
-0.0081516
-0.2907
-0.54671
-0.71867
-0.76614
-0.6765
-0.46893
-0.19027
0.096281
0.32719
0.45478
0.45946
0.35424
0.18042
-0.0047573
-0.14455
-0.19873
-0.15427
-0.027603
0.14186
0.30478
0.41689
0.4513
0.40418
0.29254
0.14566
-0.0062326
-0.14158
-0.25185
-0.33948
-0.41087
-0.46808
-0.50331
-0.49921
-0.4356
-0.3001
-0.098332
0.14114
0.37031
0.53368
0.58531
0.50525
0.30911
0.0466
-0.21146
-0.39401
-0.45181
-0.37306
-0.18702
0.045979
0.25484
0.38159
0.40027
0.32428
0.19949
0.085576
0.032376
0.060031
0.15025
0.25226
0.30151
0.2446
0.061429
-0.22375
-0.5466
-0.8214
-0.96806
-0.93815
-0.73127
-0.39595
-0.014869
0.32051
0.53753
0.60296
0.53023
0.37155
0.19825
0.076497
0.046532
0.112
0.242
0.38398
0.4824
0.49634
0.41063
0.23776
0.01128
-0.22572
-0.43257
-0.57955
-0.6512
-0.64505
-0.568
-0.43286
-0.25683
-0.061567
0.12649
0.27764
0.36365
0.36516
0.27943
0.12521
-0.0584
-0.22019
-0.31058
-0.29686
-0.17472
0.028424
0.26015
0.45827
0.56971
0.56668
0.4545
0.26838
0.060336
-0.11903
-0.23692
-0.28718
-0.28825
-0.27161
-0.26548
-0.28068
-0.30481
-0.30722
-0.25344
-0.12316
0.075776
0.30354
0.49762
0.59271
0.54444
0.34818
0.045252
-0.28661
-0.55639
-0.68882
-0.64936
-0.45609
-0.17376
0.10807
0.30574
0.37
0.30234
0.15315
0.0022051
-0.071556
-0.020253
0.15375
0.3967
0.62104
0.73563
0.67821
0.43842
0.063586
-0.35505
-0.71079
-0.91484
-0.92349
-0.74992
-0.45741
-0.13697
0.1226
0.26182
0.26592
0.16455
0.016952
-0.1109
-0.16878
-0.13657
-0.02667
0.12516
0.2754
0.38853
0.44674
0.45105
0.41461
0.35244
0.27283
0.17445
0.050468
-0.10264
-0.27612
-0.44477
-0.5705
-0.61354
-0.54741
-0.37199
-0.11894
0.15363
0.37646
0.48994
0.46323
0.30518
0.062625
-0.19354
-0.39012
-0.47405
-0.42783
-0.27302
-0.060915
0.14601
0.29511
0.35975
0.34508
0.28208
0.21254
0.17099
0.17056
0.19789
0.21915
0.19451
0.095736
-0.079818
-0.30418
-0.52489
-0.68035
-0.71945
-0.61872
-0.39128
-0.084563
0.23254
0.48897
0.63123
0.63746
0.52184
0.32848
0.11693
-0.055752
-0.15105
-0.15864
-0.097082
-0.0061389
0.066774
0.081713
0.018602
-0.11642
-0.29223
-0.46103
-0.57133
-0.58216
-0.47492
-0.25957
0.026274
0.32553
0.57508
0.72133
0.73376
0.6131
0.39149
0.12447
-0.12332
-0.29511
-0.35677
-0.30541
-0.16903
0.0023749
0.15195
0.23247
0.21947
0.1169
-0.045949
-0.22496
-0.37534
-0.46456
-0.47992
-0.42876
-0.33191
-0.2136
-0.092128
0.025033
0.13986
0.25722
0.37644
0.48522
0.55939
0.56954
0.49267
0.32427
0.085945
-0.17565
-0.39939
-0.52723
-0.52294
-0.38561
-0.15242
0.11094
0.32978
0.44355
0.42484
0.28753
0.081129
-0.12694
-0.27495
-0.328
-0.28918
-0.19661
-0.10751
-0.07493
-0.12589
-0.24897
-0.39634
-0.49979
-0.49543
-0.34825
-0.067641
0.29186
0.64544
0.90361
1
0.9121
0.66789
0.3364
0.0055335
-0.24519
-0.36798
-0.35877
-0.25454
-0.11782
-0.014164
0.009423
-0.06177
-0.20804
-0.38436
-0.53647
-0.61809
-0.60353
-0.49236
-0.30608
-0.07929
0.15056
0.3513
0.5001
0.58366
0.59642
0.53909
0.41885
0.25097
0.060248
-0.12007
-0.25335
-0.30833
-0.26921
-0.14334
0.037139
0.22158
0.35412
0.39033
0.3116
0.13219
-0.10399
-0.33642
-0.50653
-0.5756
-0.53572
-0.41003
-0.24244
-0.080674
0.040721
0.11101
0.14361
0.16629
0.20536
0.27073
0.34828
0.40321
0.3938
0.29043
0.092185
-0.16604
-0.41999
-0.59477
-0.62999
-0.50224
-0.23638
0.099261
0.41295
0.61867
0.66415
0.54801
0.31962
0.061453
-0.14011
-0.22528
-0.18168
-0.048104
0.10041
0.18094
0.1343
-0.051383
-0.33374
-0.62869
-0.83806
-0.88297
-0.73121
-0.40918
0.0055345
0.40851
0.7011
0.82034
0.75632
0.55182
0.28507
0.042508
-0.10893
-0.14068
-0.067134
0.064468
0.19373
0.26879
0.26223
0.17632
0.037258
-0.11801
-0.25629
-0.35812
-0.41996
-0.44888
-0.45327
-0.43476
-0.38543
-0.29207
-0.14563
0.048637
0.26542
0.46174
0.58784
0.6034
0.4933
0.27661
0.0047676
-0.25157
-0.42315
-0.46349
-0.36377
-0.15586
0.097731
0.32355
0.46016
0.4763
0.37861
0.20631
0.015573
-0.14078
-0.23077
-0.25187
-0.22811
-0.19725
-0.19331
-0.23121
-0.29945
-0.36359
-0.3793
-0.31017
-0.14374
0.10029
0.37282
0.60857
0.74535
0.74326
0.59739
0.34001
0.031536
-0.25662
-0.46205
-0.548
-0.51179
-0.38312
-0.21297
-0.057312
0.039715
0.057922
0.0055035
-0.085126
-0.16839
-0.20006
-0.15101
-0.016471
0.18154
0.39931
0.58237
0.67978
0.65779
0.50955
0.2583
-0.047148
-0.3436
-0.56877
-0.67678
-0.64993
-0.50322
-0.28039
-0.042113
0.15031
0.2515
0.24381
0.14119
-0.016157
-0.1745
-0.28277
-0.30719
-0.2398
-0.098745
0.079515
0.2528
0.38616
0.46069
0.47562
0.44366
0.38214
0.30407
0.21308
0.10432
-0.029058
-0.187
-0.3555
-0.50536
-0.59841
-0.59972
-0.49186
-0.28528
-0.020486
0.24036
0.43044
0.49874
0.42701
0.23712
-0.014559
-0.25421
-0.4138
-0.45261
-0.36957
-0.20206
-0.011423
0.13959
0.20947
0.19248
0.11967
0.045937
0.027782
0.09984
0.259
0.4622
0.63921
0.71624
0.64226
0.40865
0.055259
-0.33975
-0.68294
-0.89396
-0.92968
-0.79625
-0.54536
-0.25621
-0.0098259
0.13583
0.16172
0.090125
-0.026501
-0.12533
-0.15464
-0.089759
0.061167
0.26234
0.46348
0.61576
0.68502
0.65858
0.54471
0.36663
0.15439
-0.0622
-0.25742
-0.4106
-0.50556
-0.53078
-0.48141
-0.36284
-0.19385
-0.0068699
0.15661
0.25551
0.26111
0.16767
-0.0027706
-0.20394
-0.3773
-0.46909
-0.44709
-0.31121
-0.093947
0.14966
0.35953
0.48924
0.51954
0.46189
0.35101
0.22959
0.13126
0.068512
0.030309
-0.009733
-0.078068
-0.18533
-0.31678
-0.43376
-0.48651
-0.43391
-0.26279
0.0012447
0.29669
0.54277
0.66503
0.6209
0.41601
0.10481
-0.22557
-0.48317
-0.60124
-0.56008
-0.39265
-0.17185
0.016252
0.10378
0.065825
-0.070448
-0.23563
-0.34368
-0.32404
-0.14905
0.15346
0.50698
0.81029
0.97049
0.93373
0.70296
0.33712
-0.068012
-0.41021
-0.61219
-0.64342
-0.52576
-0.32194
-0.11188
0.034406
0.07799
0.019731
-0.1052
-0.24356
-0.34418
-0.37451
-0.32809
-0.22163
-0.084289
0.055414
0.17931
0.28237
0.3682
0.4404
0.49461
0.51569
0.48207
0.37599
0.19514
-0.039463
-0.28392
-0.48135
-0.57869
-0.54482
-0.3832
-0.13416
0.13519
0.35029
0.45183
0.41395
0.25191
0.016479
-0.22293
-0.40057
-0.47451
-0.43777
-0.31714
-0.16066
-0.018728
0.074114
0.11005
0.10795
0.10282
0.12909
0.20434
0.31969
0.44067
0.51846
0.50746
0.38306
0.15309
-0.1412
-0.43536
-0.65984
-0.76028
-0.71338
-0.53357
-0.26831
0.015985
0.25314
0.3953
0.42488
0.35694
0.23211
0.10247
0.015167
-0.0016443
0.053612
0.15643
0.26432
0.32997
0.31552
0.20429
0.0066229
-0.24144
-0.48644
-0.67069
-0.74689
-0.69083
-0.50841
-0.2354
0.070598
0.34401
0.52765
0.58719
0.51984
0.35466
0.1442
-0.050261
-0.17576
-0.20204
-0.1291
0.014308
0.18043
0.31753
0.38508
0.36461
0.26289
0.10704
-0.066202
-0.22276
-0.34072
-0.41383
-0.4483
-0.45506
-0.4412
-0.40475
-0.33535
-0.22077
-0.05664
0.14514
0.3536
0.52387
0.60965
0.57909
0.42836
0.18731
-0.085795
-0.31971
-0.45146
-0.44627
-0.30919
-0.084045
0.16036
0.35255
0.44153
0.4127
0.29111
0.1306
-0.0070543
-0.075593
-0.061725
0.0099657
0.0866
0.10778
0.030058
-0.15386
-0.40855
-0.66468
-0.84065
-0.86978
-0.72359
-0.42313
-0.034175
0.35215
0.64687
0.78967
0.76572
0.60752
0.38188
0.16668
0.025828
-0.0096365
0.051642
0.16782
0.28046
0.33498
0.29786
0.16546
-0.037366
-0.26728
-0.47641
-0.6253
-0.69104
-0.66906
-0.56964
-0.41214
-0.21961
-0.015744
0.17587
0.33178
0.42985
0.45289
0.39421
0.26307
0.086847
-0.092131
-0.22593
-0.27426
-0.21766
-0.065703
0.14325
0.3518
0.50009
0.5441
0.46928
0.29487
0.067152
-0.15617
-0.32471
-0.41077
-0.41573
-0.36541
-0.29664
-0.24051
-0.20915
-0.19159
-0.16033
-0.086188
0.044784
0.21963
0.39759
0.52145
0.53769
0.41823
0.17519
-0.1376
-0.43825
-0.6417
-0.68759
-0.56118
-0.29967
0.019148
0.30227
0.47245
0.49384
0.38315
0.20229
0.034904
-0.044986
-0.00078369
0.1523
0.35173
0.50964
0.54454
0.41166
0.12108
-0.26295
-0.64128
-0.9113
-0.99967
-0.88527
-0.60492
-0.2402
0.10945
0.35811
0.45846
0.41278
0.26715
0.092028
-0.04316
-0.092373
-0.044957
0.075648
0.22451
0.35332
0.42674
0.43145
0.37549
0.27975
0.16638
0.049547
-0.067438
-0.18806
-0.31406
-0.43722
-0.53613
-0.58036
-0.54139
-0.40593
-0.18632
0.077326
0.3251
0.49388
0.53716
0.4413
0.23197
-0.031894
-0.27521
-0.42956
-0.45398
-0.34686
-0.14489
0.090192
0.29246
0.41279
0.43293
0.36799
0.25725
0.14705
0.072468
0.044576
0.047896
0.04865
0.010477
-0.088511
-0.24391
-0.42305
-0.57392
-0.64201
-0.58933
-0.40889
-0.12966
0.1899
0.4778
0.66887
0.72304
0.63607
0.43945
0.19
-0.047251
-0.21776
-0.29182
-0.27094
-0.18463
-0.079372
-0.0031782
0.0093074
-0.052831
-0.17375
-0.31564
-0.42975
-0.47045
-0.40867
-0.24093
0.0081516
0.2907
0.54671
0.71867
0.76614
0.6765
0.46893
0.19027
-0.096281
-0.32719
-0.45478
-0.45946
-0.35424
-0.18042
0.0047573
0.14455
0.19873
0.15427
0.027603
-0.14186
-0.30478
-0.41689
-0.4513
-0.40418
-0.29254
-0.14566
0.0062326
0.14158
0.25185
0.33948
0.41087
0.46808
0.50331
0.49921
0.4356
0.3001
0.098332
-0.14114
-0.37031
-0.53368
-0.58531
-0.50525
-0.30911
-0.0466
0.21146
0.39401
0.45181
0.37306
0.18702
-0.045979
-0.25484
-0.38159
-0.40027
-0.32428
-0.19949
-0.085576
-0.032376
-0.060031
-0.15025
-0.25226
-0.30151
-0.2446
-0.061429
0.22375
0.5466
0.8214
0.96806
0.93815
0.73127
0.39595
0.014869
-0.32051
-0.53753
-0.60296
-0.53023
-0.37155
-0.19825
-0.076497
-0.046532
-0.112
-0.242
-0.38398
-0.4824
-0.49634
-0.41063
-0.23776
-0.01128
0.22572
0.43257
