-0.027949
0.14172
0.219
0.136
-0.11183
-0.46028
-0.79683
-1
-0.98303
-0.72607
-0.28512
0.2255
0.67067
0.93847
0.97509
0.7989
0.48958
0.15748
-0.094988
-0.20604
-0.17028
-0.03357
0.12923
0.24401
0.26303
0.1778
0.015986
-0.17421
-0.34438
-0.4623
-0.51831
-0.52082
-0.48467
-0.4194
-0.32351
-0.18773
-0.0056204
0.21424
0.44126
0.62598
0.71397
0.66585
0.47572
0.17987
-0.1492
-0.42269
-0.56327
-0.53103
-0.33784
-0.044811
0.25716
0.47681
0.55187
0.46786
0.26008
-0.0014858
-0.23821
-0.3901
-0.43422
-0.388
-0.29714
-0.21347
-0.17209
-0.17681
-0.19954
-0.19372
-0.11622
0.051139
0.28913
0.54303
0.73867
0.80723
0.70974
0.45271
0.088971
-0.29662
-0.61199
-0.78499
-0.78387
-0.62491
-0.36517
-0.0832
0.14559
0.27097
0.28078
0.2012
0.085154
-0.0068098
-0.027042
0.043696
0.19007
0.3668
0.51245
0.56813
0.49573
0.29065
-0.014747
-0.3578
-0.66096
-0.85185
-0.88278
-0.74418
-0.46826
-0.12125
0.21385
0.45945
0.56443
0.51768
0.3502
0.1249
-0.082879
-0.20812
-0.21514
-0.10689
0.078044
0.2794
0.43523
0.50086
0.46073
0.32964
0.14381
-0.053876
-0.22849
-0.36189
-0.45289
-0.50991
-0.54009
-0.54084
-0.49822
-0.39362
-0.21615
0.024986
0.29439
0.53499
0.68324
0.69054
0.54287
0.27084
-0.055229
-0.34467
-0.51472
-0.51774
-0.35768
-0.089208
0.20071
0.42255
0.51474
0.46376
0.30637
0.11325
-0.039813
-0.10216
-0.068178
0.020849
0.094021
0.080716
-0.058352
-0.31108
-0.6132
-0.86777
-0.97845
-0.8844
-0.58421
-0.1397
0.34203
0.74217
0.96771
0.97976
0.80331
0.51542
0.21692
-0.0020671
-0.090597
-0.050039
0.071524
0.20028
0.26459
0.21958
0.060441
-0.17894
-0.43983
-0.65864
-0.78563
-0.79639
-0.69373
-0.50175
-0.25596
0.0058264
0.24924
0.44531
0.5706
0.60823
0.55107
0.40664
0.20094
-0.022274
-0.20891
-0.30816
-0.28864
-0.15114
0.067514
0.30244
0.47924
0.53737
0.45043
0.23564
-0.051091
-0.33351
-0.54008
-0.62677
-0.5893
-0.4604
-0.29379
-0.14149
-0.033932
0.029155
0.073418
0.13284
0.22859
0.35345
0.46949
0.52097
0.45818
0.26249
-0.038138
-0.37103
-0.63909
-0.7533
-0.66555
-0.38922
0.0013008
0.39322
0.67267
0.76357
0.65359
0.3974
0.095569
-0.14325
-0.2429
-0.18784
-0.027949
0.14172
0.219
0.136
-0.11183
-0.46028
-0.79683
-1
-0.98303
-0.72607
-0.28512
0.2255
0.67067
0.93847
0.97509
0.7989
0.48958
0.15748
-0.094988
-0.20604
-0.17028
-0.03357
0.12923
0.24401
0.26303
0.1778
0.015986
-0.17421
-0.34438
-0.4623
-0.51831
-0.52082
-0.48467
-0.4194
-0.32351
-0.18773
-0.0056204
0.21424
0.44126
0.62598
0.71397
0.66585
0.47572
0.17987
-0.1492
-0.42269
-0.56327
-0.53103
-0.33784
-0.044811
0.25716
0.47681
0.55187
0.46786
0.26008
-0.0014858
-0.23821
-0.3901
-0.43422
-0.388
-0.29714
-0.21347
-0.17209
-0.17681
-0.19954
-0.19372
-0.11622
0.051139
0.28913
0.54303
0.73867
0.80723
0.70974
0.45271
0.088971
-0.29662
-0.61199
-0.78499
-0.78387
-0.62491
-0.36517
-0.0832
0.14559
0.27097
0.28078
0.2012
0.085154
-0.0068098
-0.027042
0.043696
0.19007
0.3668
0.51245
0.56813
0.49573
0.29065
-0.014747
-0.3578
-0.66096
-0.85185
-0.88278
-0.74418
-0.46826
-0.12125
0.21385
0.45945
0.56443
0.51768
0.3502
0.1249
-0.082879
-0.20812
-0.21514
-0.10689
0.078044
0.2794
0.43523
0.50086
0.46073
0.32964
0.14381
-0.053876
-0.22849
-0.36189
-0.45289
-0.50991
-0.54009
-0.54084
-0.49822
-0.39362
-0.21615
0.024986
0.29439
0.53499
0.68324
0.69054
0.54287
0.27084
-0.055229
-0.34467
-0.51472
-0.51774
-0.35768
-0.089208
0.20071
0.42255
0.51474
0.46376
0.30637
0.11325
-0.039813
-0.10216
-0.068178
0.020849
0.094021
0.080716
-0.058352
-0.31108
-0.6132
-0.86777
-0.97845
-0.8844
-0.58421
-0.1397
0.34203
0.74217
0.96771
0.97976
0.80331
0.51542
0.21692
-0.0020671
-0.090597
-0.050039
0.071524
0.20028
0.26459
0.21958
0.060441
-0.17894
-0.43983
-0.65864
-0.78563
-0.79639
-0.69373
-0.50175
-0.25596
0.0058264
0.24924
0.44531
0.5706
0.60823
0.55107
0.40664
0.20094
-0.022274
-0.20891
-0.30816
-0.28864
-0.15114
0.067514
0.30244
0.47924
0.53737
0.45043
0.23564
-0.051091
-0.33351
-0.54008
-0.62677
-0.5893
-0.4604
-0.29379
-0.14149
-0.033932
0.029155
0.073418
0.13284
0.22859
0.35345
0.46949
0.52097
0.45818
0.26249
-0.038138
-0.37103
-0.63909
-0.7533
-0.66555
-0.38922
0.0013008
0.39322
0.67267
0.76357
0.65359
0.3974
0.095569
-0.14325
-0.2429
-0.18784
-0.027949
0.14172
0.219
0.136
-0.11183
-0.46028
-0.79683
-1
-0.98303
-0.72607
-0.28512
0.2255
0.67067
0.93847
0.97509
0.7989
0.48958
0.15748
-0.094988
-0.20604
-0.17028
-0.03357
0.12923
0.24401
0.26303
0.1778
0.015986
-0.17421
-0.34438
-0.4623
-0.51831
-0.52082
-0.48467
-0.4194
-0.32351
-0.18773
-0.0056204
0.21424
0.44126
0.62598
0.71397
0.66585
0.47572
0.17987
-0.1492
-0.42269
-0.56327
-0.53103
-0.33784
-0.044811
0.25716
0.47681
0.55187
0.46786
0.26008
-0.0014858
-0.23821
-0.3901
-0.43422
-0.388
-0.29714
-0.21347
-0.17209
-0.17681
-0.19954
-0.19372
-0.11622
0.051139
0.28913
0.54303
0.73867
0.80723
0.70974
0.45271
0.088971
-0.29662
-0.61199
-0.78499
-0.78387
-0.62491
-0.36517
-0.0832
0.14559
0.27097
0.28078
0.2012
0.085154
-0.0068098
-0.027042
0.043696
0.19007
0.3668
0.51245
0.56813
0.49573
0.29065
-0.014747
-0.3578
-0.66096
-0.85185
-0.88278
-0.74418
-0.46826
-0.12125
0.21385
0.45945
0.56443
0.51768
0.3502
0.1249
-0.082879
-0.20812
-0.21514
-0.10689
0.078044
0.2794
0.43523
0.50086
0.46073
0.32964
0.14381
-0.053876
-0.22849
-0.36189
-0.45289
-0.50991
-0.54009
-0.54084
-0.49822
-0.39362
-0.21615
0.024986
0.29439
0.53499
0.68324
0.69054
0.54287
0.27084
-0.055229
-0.34467
-0.51472
-0.51774
-0.35768
-0.089208
0.20071
0.42255
0.51474
0.46376
0.30637
0.11325
-0.039813
-0.10216
-0.068178
0.020849
0.094021
0.080716
-0.058352
-0.31108
-0.6132
-0.86777
-0.97845
-0.8844
-0.58421
-0.1397
0.34203
0.74217
0.96771
0.97976
0.80331
0.51542
0.21692
-0.0020671
-0.090597
-0.050039
0.071524
0.20028
0.26459
0.21958
0.060441
-0.17894
-0.43983
-0.65864
-0.78563
-0.79639
-0.69373
-0.50175
-0.25596
0.0058264
0.24924
0.44531
0.5706
0.60823
0.55107
0.40664
0.20094
-0.022274
-0.20891
-0.30816
-0.28864
-0.15114
0.067514
0.30244
0.47924
0.53737
0.45043
0.23564
-0.051091
-0.33351
-0.54008
-0.62677
-0.5893
-0.4604
-0.29379
-0.14149
-0.033932
0.029155
0.073418
0.13284
0.22859
0.35345
0.46949
0.52097
0.45818
0.26249
-0.038138
-0.37103
-0.63909
-0.7533
-0.66555
-0.38922
0.0013008
0.39322
0.67267
0.76357
0.65359
0.3974
0.095569
-0.14325
-0.2429
-0.18784
-0.027949
0.14172
0.219
0.136
-0.11183
-0.46028
-0.79683
-1
-0.98303
-0.72607
-0.28512
0.2255
0.67067
0.93847
0.97509
0.7989
0.48958
0.15748
-0.094988
-0.20604
-0.17028
-0.03357
0.12923
0.24401
0.26303
0.1778
0.015986
-0.17421
-0.34438
-0.4623
-0.51831
-0.52082
-0.48467
-0.4194
-0.32351
-0.18773
-0.0056204
0.21424
0.44126
0.62598
0.71397
0.66585
0.47572
0.17987
-0.1492
-0.42269
-0.56327
-0.53103
-0.33784
-0.044811
0.25716
0.47681
0.55187
0.46786
0.26008
-0.0014858
-0.23821
-0.3901
-0.43422
-0.388
-0.29714
-0.21347
-0.17209
-0.17681
-0.19954
-0.19372
-0.11622
0.051139
0.28913
0.54303
0.73867
0.80723
0.70974
0.45271
0.088971
-0.29662
-0.61199
-0.78499
-0.78387
-0.62491
-0.36517
-0.0832
0.14559
0.27097
0.28078
0.2012
0.085154
-0.0068098
-0.027042
0.043696
0.19007
0.3668
0.51245
0.56813
0.49573
0.29065
-0.014747
-0.3578
-0.66096
-0.85185
-0.88278
-0.74418
-0.46826
-0.12125
0.21385
0.45945
0.56443
0.51768
0.3502
0.1249
-0.082879
-0.20812
-0.21514
-0.10689
0.078044
0.2794
0.43523
0.50086
0.46073
0.32964
0.14381
-0.053876
-0.22849
-0.36189
-0.45289
-0.50991
-0.54009
-0.54084
-0.49822
-0.39362
-0.21615
0.024986
0.29439
0.53499
0.68324
0.69054
0.54287
0.27084
-0.055229
-0.34467
-0.51472
-0.51774
-0.35768
-0.089208
0.20071
0.42255
0.51474
0.46376
0.30637
0.11325
-0.039813
-0.10216
-0.068178
0.020849
0.094021
0.080716
-0.058352
-0.31108
-0.6132
-0.86777
-0.97845
-0.8844
-0.58421
-0.1397
0.34203
0.74217
0.96771
0.97976
0.80331
0.51542
0.21692
-0.0020671
-0.090597
-0.050039
0.071524
0.20028
0.26459
0.21958
0.060441
-0.17894
-0.43983
-0.65864
-0.78563
-0.79639
-0.69373
-0.50175
-0.25596
0.0058264
0.24924
0.44531
0.5706
0.60823
0.55107
0.40664
0.20094
-0.022274
-0.20891
-0.30816
-0.28864
-0.15114
0.067514
0.30244
0.47924
0.53737
0.45043
0.23564
-0.051091
-0.33351
-0.54008
-0.62677
-0.5893
-0.4604
-0.29379
-0.14149
-0.033932
0.029155
0.073418
0.13284
0.22859
0.35345
0.46949
0.52097
0.45818
0.26249
-0.038138
-0.37103
-0.63909
-0.7533
-0.66555
-0.38922
0.0013008
0.39322
0.67267
0.76357
0.65359
0.3974
0.095569
-0.14325
-0.2429
-0.18784
-0.027949
0.14172
0.219
0.136
-0.11183
-0.46028
-0.79683
-1
-0.98303
-0.72607
-0.28512
0.2255
0.67067
0.93847
0.97509
0.7989
0.48958
0.15748
-0.094988
-0.20604
-0.17028
-0.03357
0.12923
0.24401
0.26303
0.1778
0.015986
-0.17421
-0.34438
-0.4623
-0.51831
-0.52082
-0.48467
-0.4194
-0.32351
-0.18773
-0.0056204
0.21424
0.44126
0.62598
0.71397
0.66585
0.47572
0.17987
-0.1492
-0.42269
-0.56327
-0.53103
-0.33784
-0.044811
0.25716
0.47681
0.55187
0.46786
0.26008
-0.0014858
-0.23821
-0.3901
-0.43422
-0.388
-0.29714
-0.21347
-0.17209
-0.17681
-0.19954
-0.19372
-0.11622
0.051139
0.28913
0.54303
0.73867
0.80723
0.70974
0.45271
0.088971
-0.29662
-0.61199
-0.78499
-0.78387
-0.62491
-0.36517
-0.0832
0.14559
0.27097
0.28078
0.2012
0.085154
-0.0068098
-0.027042
0.043696
0.19007
0.3668
0.51245
0.56813
0.49573
0.29065
-0.014747
-0.3578
-0.66096
-0.85185
-0.88278
-0.74418
-0.46826
-0.12125
0.21385
0.45945
0.56443
0.51768
0.3502
0.1249
-0.082879
-0.20812
-0.21514
-0.10689
0.078044
0.2794
0.43523
0.50086
0.46073
0.32964
0.14381
-0.053876
-0.22849
-0.36189
-0.45289
-0.50991
-0.54009
-0.54084
-0.49822
-0.39362
-0.21615
0.024986
0.29439
0.53499
0.68324
0.69054
0.54287
0.27084
-0.055229
-0.34467
-0.51472
-0.51774
-0.35768
-0.089208
0.20071
0.42255
0.51474
0.46376
0.30637
0.11325
-0.039813
-0.10216
-0.068178
0.020849
0.094021
0.080716
-0.058352
-0.31108
-0.6132
-0.86777
-0.97845
-0.8844
-0.58421
-0.1397
0.34203
0.74217
0.96771
0.97976
0.80331
0.51542
0.21692
-0.0020671
-0.090597
-0.050039
0.071524
0.20028
0.26459
0.21958
0.060441
-0.17894
-0.43983
-0.65864
-0.78563
-0.79639
-0.69373
-0.50175
-0.25596
0.0058264
0.24924
0.44531
0.5706
0.60823
0.55107
0.40664
0.20094
-0.022274
-0.20891
-0.30816
-0.28864
-0.15114
0.067514
0.30244
0.47924
0.53737
0.45043
0.23564
-0.051091
-0.33351
-0.54008
-0.62677
-0.5893
-0.4604
-0.29379
-0.14149
-0.033932
0.029155
0.073418
0.13284
0.22859
0.35345
0.46949
0.52097
0.45818
0.26249
-0.038138
-0.37103
-0.63909
-0.7533
-0.66555
-0.38922
0.0013008
0.39322
0.67267
0.76357
0.65359
0.3974
0.095569
-0.14325
-0.2429
-0.18784
-0.027949
0.14172
0.219
0.136
-0.11183
-0.46028
-0.79683
-1
-0.98303
-0.72607
-0.28512
0.2255
0.67067
0.93847
0.97509
0.7989
0.48958
0.15748
-0.094988
-0.20604
-0.17028
-0.03357
0.12923
0.24401
0.26303
0.1778
0.015986
-0.17421
-0.34438
-0.4623
-0.51831
-0.52082
-0.48467
-0.4194
-0.32351
-0.18773
-0.0056204
0.21424
0.44126
0.62598
0.71397
0.66585
0.47572
0.17987
-0.1492
-0.42269
-0.56327
-0.53103
-0.33784
-0.044811
0.25716
0.47681
0.55187
0.46786
0.26008
-0.0014858
-0.23821
-0.3901
-0.43422
-0.388
-0.29714
-0.21347
-0.17209
-0.17681
-0.19954
-0.19372
-0.11622
0.051139
0.28913
0.54303
0.73867
0.80723
0.70974
0.45271
0.088971
-0.29662
-0.61199
-0.78499
-0.78387
-0.62491
-0.36517
-0.0832
0.14559
0.27097
0.28078
0.2012
0.085154
-0.0068098
-0.027042
0.043696
0.19007
0.3668
0.51245
0.56813
0.49573
0.29065
-0.014747
-0.3578
-0.66096
-0.85185
-0.88278
-0.74418
-0.46826
-0.12125
0.21385
0.45945
0.56443
0.51768
0.3502
0.1249
-0.082879
-0.20812
-0.21514
-0.10689
0.078044
0.2794
0.43523
0.50086
0.46073
0.32964
0.14381
-0.053876
-0.22849
-0.36189
-0.45289
-0.50991
-0.54009
-0.54084
-0.49822
-0.39362
-0.21615
0.024986
0.29439
0.53499
0.68324
0.69054
0.54287
0.27084
-0.055229
-0.34467
-0.51472
-0.51774
-0.35768
-0.089208
0.20071
0.42255
0.51474
0.46376
0.30637
0.11325
-0.039813
-0.10216
-0.068178
0.020849
0.094021
0.080716
-0.058352
-0.31108
-0.6132
-0.86777
-0.97845
-0.8844
-0.58421
-0.1397
0.34203
0.74217
0.96771
0.97976
0.80331
0.51542
0.21692
-0.0020671
-0.090597
-0.050039
0.071524
0.20028
0.26459
0.21958
0.060441
-0.17894
-0.43983
-0.65864
-0.78563
-0.79639
-0.69373
-0.50175
-0.25596
0.0058264
0.24924
0.44531
0.5706
0.60823
0.55107
0.40664
0.20094
-0.022274
-0.20891
-0.30816
-0.28864
-0.15114
0.067514
0.30244
0.47924
0.53737
0.45043
0.23564
-0.051091
-0.33351
-0.54008
-0.62677
-0.5893
-0.4604
-0.29379
-0.14149
-0.033932
0.029155
0.073418
0.13284
0.22859
0.35345
0.46949
0.52097
0.45818
0.26249
-0.038138
-0.37103
-0.63909
-0.7533
-0.66555
-0.38922
0.0013008
0.39322
0.67267
0.76357
0.65359
0.3974
0.095569
-0.14325
-0.2429
-0.18784
-0.027949
0.14172
0.219
0.136
-0.11183
-0.46028
-0.79683
-1
-0.98303
-0.72607
-0.28512
0.2255
0.67067
0.93847
0.97509
0.7989
0.48958
0.15748
-0.094988
-0.20604
-0.17028
-0.03357
0.12923
0.24401
0.26303
0.1778
0.015986
-0.17421
-0.34438
-0.4623
-0.51831
-0.52082
-0.48467
-0.4194
-0.32351
-0.18773
-0.0056204
0.21424
0.44126
0.62598
0.71397
0.66585
0.47572
0.17987
-0.1492
-0.42269
-0.56327
-0.53103
-0.33784
-0.044811
0.25716
0.47681
0.55187
0.46786
0.26008
-0.0014858
-0.23821
-0.3901
-0.43422
-0.388
-0.29714
-0.21347
-0.17209
-0.17681
-0.19954
-0.19372
-0.11622
0.051139
0.28913
0.54303
0.73867
0.80723
0.70974
0.45271
0.088971
-0.29662
-0.61199
-0.78499
-0.78387
-0.62491
-0.36517
-0.0832
0.14559
0.27097
0.28078
0.2012
0.085154
-0.0068098
-0.027042
0.043696
0.19007
0.3668
0.51245
0.56813
0.49573
0.29065
-0.014747
-0.3578
-0.66096
-0.85185
-0.88278
-0.74418
-0.46826
-0.12125
0.21385
0.45945
0.56443
0.51768
0.3502
0.1249
-0.082879
-0.20812
-0.21514
-0.10689
0.078044
0.2794
0.43523
0.50086
0.46073
0.32964
0.14381
-0.053876
-0.22849
-0.36189
-0.45289
-0.50991
-0.54009
-0.54084
-0.49822
-0.39362
-0.21615
0.024986
0.29439
0.53499
0.68324
0.69054
0.54287
0.27084
-0.055229
-0.34467
-0.51472
-0.51774
-0.35768
-0.089208
0.20071
0.42255
0.51474
0.46376
0.30637
0.11325
-0.039813
-0.10216
-0.068178
0.020849
0.094021
0.080716
-0.058352
-0.31108
-0.6132
-0.86777
-0.97845
-0.8844
-0.58421
-0.1397
0.34203
0.74217
0.96771
0.97976
0.80331
0.51542
0.21692
-0.0020671
-0.090597
-0.050039
0.071524
0.20028
0.26459
0.21958
0.060441
-0.17894
-0.43983
-0.65864
-0.78563
-0.79639
-0.69373
-0.50175
-0.25596
0.0058264
0.24924
0.44531
0.5706
0.60823
0.55107
0.40664
0.20094
-0.022274
-0.20891
-0.30816
-0.28864
-0.15114
0.067514
0.30244
0.47924
0.53737
0.45043
0.23564
-0.051091
-0.33351
-0.54008
-0.62677
-0.5893
-0.4604
-0.29379
-0.14149
-0.033932
0.029155
0.073418
0.13284
0.22859
0.35345
0.46949
0.52097
0.45818
0.26249
-0.038138
-0.37103
-0.63909
-0.7533
-0.66555
-0.38922
0.0013008
0.39322
0.67267
0.76357
0.65359
0.3974
0.095569
-0.14325
-0.2429
-0.18784
-0.027949
0.14172
0.219
0.136
-0.11183
-0.46028
-0.79683
-1
-0.98303
-0.72607
-0.28512
0.2255
0.67067
0.93847
0.97509
0.7989
0.48958
0.15748
-0.094988
-0.20604
-0.17028
-0.03357
0.12923
0.24401
0.26303
0.1778
0.015986
-0.17421
-0.34438
-0.4623
-0.51831
-0.52082
-0.48467
-0.4194
-0.32351
-0.18773
-0.0056204
0.21424
0.44126
0.62598
0.71397
0.66585
0.47572
0.17987
-0.1492
-0.42269
-0.56327
-0.53103
-0.33784
-0.044811
0.25716
0.47681
0.55187
0.46786
0.26008
-0.0014858
-0.23821
-0.3901
-0.43422
-0.388
-0.29714
-0.21347
-0.17209
-0.17681
-0.19954
-0.19372
-0.11622
0.051139
0.28913
0.54303
0.73867
0.80723
0.70974
0.45271
0.088971
-0.29662
-0.61199
-0.78499
-0.78387
-0.62491
-0.36517
-0.0832
0.14559
0.27097
0.28078
0.2012
0.085154
-0.0068098
-0.027042
0.043696
0.19007
0.3668
0.51245
0.56813
0.49573
0.29065
-0.014747
-0.3578
-0.66096
-0.85185
-0.88278
-0.74418
-0.46826
-0.12125
0.21385
0.45945
0.56443
0.51768
0.3502
0.1249
-0.082879
-0.20812
-0.21514
-0.10689
0.078044
0.2794
0.43523
0.50086
0.46073
0.32964
0.14381
-0.053876
-0.22849
-0.36189
-0.45289
-0.50991
-0.54009
-0.54084
-0.49822
-0.39362
-0.21615
0.024986
0.29439
0.53499
0.68324
0.69054
0.54287
0.27084
-0.055229
-0.34467
-0.51472
-0.51774
-0.35768
-0.089208
0.20071
0.42255
0.51474
0.46376
0.30637
0.11325
-0.039813
-0.10216
-0.068178
0.020849
0.094021
0.080716
-0.058352
-0.31108
-0.6132
-0.86777
-0.97845
-0.8844
-0.58421
-0.1397
0.34203
0.74217
0.96771
0.97976
0.80331
0.51542
0.21692
-0.0020671
-0.090597
-0.050039
0.071524
0.20028
0.26459
0.21958
0.060441
-0.17894
-0.43983
-0.65864
-0.78563
-0.79639
-0.69373
-0.50175
-0.25596
0.0058264
0.24924
0.44531
0.5706
0.60823
0.55107
0.40664
0.20094
-0.022274
-0.20891
-0.30816
-0.28864
-0.15114
0.067514
0.30244
0.47924
0.53737
0.45043
0.23564
-0.051091
-0.33351
-0.54008
-0.62677
-0.5893
-0.4604
-0.29379
-0.14149
-0.033932
0.029155
0.073418
0.13284
0.22859
0.35345
0.46949
0.52097
0.45818
0.26249
-0.038138
-0.37103
-0.63909
-0.7533
-0.66555
-0.38922
0.0013008
0.39322
0.67267
0.76357
0.65359
0.3974
0.095569
-0.14325
-0.2429
-0.18784
