0.49888
0.20812
-0.14823
-0.4975
-0.76253
-0.88545
-0.84628
-0.66978
-0.41747
-0.16788
0.0083857
0.06996
0.015522
-0.11888
-0.27409
-0.38785
-0.41353
-0.3317
-0.15198
0.093493
0.36112
0.60693
0.7943
0.89751
0.90232
0.80574
0.61669
0.35738
0.063641
-0.21812
-0.43889
-0.559
-0.56069
-0.45656
-0.28929
-0.12109
-0.014872
-0.012959
-0.12075
-0.30197
-0.48819
-0.60048
-0.57623
-0.39199
-0.074201
0.30637
0.65509
0.88204
0.92929
0.78789
0.49935
0.1415
-0.19578
-0.43695
-0.54073
-0.50805
-0.37663
-0.20541
-0.054605
0.032148
0.038551
-0.022639
-0.11619
-0.19631
-0.22029
-0.16042
-0.011832
0.20486
0.44682
0.65747
0.7792
0.76807
0.60715
0.31474
-0.055913
-0.42714
-0.71594
-0.8572
-0.82376
-0.63641
-0.35903
-0.079148
0.1207
0.19117
0.13367
1.4744e-14
-0.12691
-0.1652
-0.067575
0.15668
0.44045
0.6803
0.77374
0.65913
0.34288
-0.097131
-0.5344
-0.83579
-0.90765
-0.72905
-0.35964
0.081393
0.45762
0.66335
0.65944
0.48341
0.2306
0.013833
-0.082362
-0.034966
0.1099
0.2578
0.3069
0.19241
-0.083126
-0.4464
-0.77829
-0.958
-0.90927
-0.6306
-0.19795
0.26143
0.6139
0.76582
0.69419
0.45025
0.13592
-0.13703
-0.28846
-0.29605
-0.19674
-0.064387
0.02613
0.032735
-0.036122
-0.12689
-0.16673
-0.098342
0.090962
0.35866
0.61954
0.77672
0.75891
0.54907
0.19305
-0.21508
-0.56535
-0.76932
-0.78837
-0.64294
-0.39998
-0.14514
0.048934
0.14566
0.15078
0.10121
0.042743
0.0073766
0.000118
0.00062703
-0.021976
-0.088642
-0.19426
-0.30388
-0.36374
-0.32307
-0.15754
0.1157
0.43835
0.72741
0.90209
0.91102
0.7497
0.46172
0.12362
-0.18071
-0.38618
-0.4642
-0.42629
-0.31379
-0.17932
-0.067871
-0.0046523
0.0067089
-0.022868
-0.07885
-0.15176
-0.23932
-0.34147
-0.45187
-0.55106
-0.60648
-0.58094
-0.44714
-0.20239
0.12312
0.46948
0.76184
0.93261
0.94327
0.79786
0.54275
0.25252
0.0064837
-0.13575
-0.15161
-0.060071
0.08733
0.22512
0.29509
0.26294
0.12569
-0.091309
-0.34466
-0.58606
-0.77345
-0.87743
-0.88299
-0.7883
-0.6031
-0.34801
-0.054434
0.23681
0.48024
0.63451
0.67368
0.59717
0.43392
0.23743
0.07148
-0.0096801
0.019599
0.14535
0.31584
0.457
0.49692
0.39138
0.14143
-0.20359
-0.55913
-0.8308
-0.94345
-0.86443
-0.61333
-0.25531
0.11941
0.42265
0.59307
0.61103
0.49976
0.31374
0.11907
-0.027144
-0.092254
-0.074541
-1.7463e-14
0.088214
0.14386
0.13118
0.034798
-0.13578
-0.34747
-0.55047
-0.68923
-0.71596
-0.60392
-0.35733
-0.014589
0.35744
0.67818
0.87419
0.9006
0.75611
0.48574
0.16882
-0.10516
-0.2655
-0.28427
-0.18603
-0.038882
0.07112
0.073627
-0.056675
-0.28662
-0.53329
-0.69296
-0.68047
-0.46442
-0.084451
0.35721
0.72801
0.91029
0.84316
0.54521
0.10918
-0.32997
-0.64215
-0.74702
-0.63988
-0.38912
-0.10645
0.098311
0.1601
0.082569
-0.066255
-0.18454
-0.18117
-0.016217
0.27894
0.61029
0.85566
0.91157
0.73444
0.35976
-0.10831
-0.53297
-0.79295
-0.8242
-0.63987
-0.32143
0.014628
0.26093
0.35686
0.30563
0.16518
0.018176
-0.065741
-0.05949
0.012091
0.08632
0.093597
-0.0083126
-0.21141
-0.45593
-0.65117
-0.71043
-0.58612
-0.2908
0.10429
0.49279
0.76978
0.86716
0.77491
0.54051
0.24819
-0.013272
-0.181
-0.23552
-0.19968
-0.12135
-0.048663
-0.008918
-3.481e-05
0.0027434
0.028956
0.09286
0.18101
0.2537
0.26035
0.16235
-0.046304
-0.33006
-0.61905
-0.83067
-0.89758
-0.79146
-0.53366
-0.18849
0.158
0.42568
0.56438
0.56602
0.46145
0.30489
0.15285
0.046176
0.0012497
0.012127
0.060545
0.12781
0.20255
0.28112
0.36146
0.43478
0.48062
0.46933
0.37221
0.17572
-0.10666
-0.43103
-0.73114
-0.93654
-0.99484
-0.88999
-0.64957
-0.33771
-0.03579
0.1827
0.27437
0.23774
0.11103
-0.042589
-0.15656
-0.18163
-0.099052
0.077085
0.30754
0.54149
0.73061
0.83925
0.84879
0.757
0.57494
0.32382
0.033259
-0.26009
-0.51513
-0.69202
-0.7609
-0.71162
-0.56042
-0.34974
-0.13916
0.011202
0.060003
1.0694e-14
-0.13686
-0.28768
-0.37851
-0.34979
-0.17865
0.11008
0.44871
0.74618
0.91625
0.90481
0.70723
0.37006
-0.023377
-0.37821
-0.61577
-0.6947
-0.61952
-0.43465
-0.20726
-0.0052993
0.12219
0.1568
0.1121
0.025673
-0.054697
-0.086021
-0.042372
0.078188
0.25294
0.43966
0.58631
0.64344
0.57713
0.37972
0.07544
-0.28141
-0.61686
-0.85481
-0.93781
-0.84499
-0.60082
-0.27065
0.057369
0.29902
0.40123
0.35985
0.22105
0.064508
-0.026475
0.002332
0.15301
0.37146
0.56521
0.63768
0.52664
0.23233
-0.17638
-0.58143
-0.85466
-0.90297
-0.70278
-0.31056
0.15508
0.55395
0.77259
0.76269
0.55522
0.24516
-0.047024
-0.22227
-0.2399
-0.13051
0.020022
0.10882
0.061031
-0.13643
-0.42622
-0.70078
-0.84366
-0.77593
-0.48936
-0.053173
0.40849
0.76002
0.90209
0.80568
0.51975
0.1504
-0.17986
-0.3764
-0.40355
-0.2911
-0.11506
0.038068
0.10845
0.08608
0.01111
-0.048058
-0.028845
0.094042
0.29333
0.49677
0.61476
0.57676
0.3618
0.010484
-0.38649
-0.719
-0.8956
-0.87434
-0.67514
-0.36953
-0.052756
0.19026
0.31206
0.31305
0.23284
0.12782
0.045391
0.005931
-0.00046826
-0.00247
-0.027488
-0.083156
-0.14926
-0.18426
-0.14382
-0.0033762
0.22546
0.4924
0.72203
0.83876
0.79393
0.5844
0.25544
-0.11322
-0.43313
-0.63491
-0.68812
-0.60673
-0.43935
-0.24915
-0.091939
-0.00045867
0.020163
-0.013869
-0.077567
-0.14935
-0.21739
-0.27806
-0.32877
-0.36016
-0.35304
-0.28294
-0.13122
0.10201
0.38953
0.67831
0.90183
1
0.93978
0.72864
0.41517
0.075779
-0.20821
-0.37544
-0.40269
-0.31014
-0.1526
-1.055e-14
0.085452
0.067753
-0.05438
-0.25059
-0.47094
-0.66174
-0.77941
-0.79865
-0.71408
-0.53693
-0.29004
-0.003581
0.28761
0.54608
0.73506
0.82431
0.79811
0.66254
0.44872
0.20852
0.0024093
-0.11811
-0.12776
-0.038013
0.10395
0.22904
0.26905
0.18103
-0.035345
-0.33412
-0.63514
-0.84847
-0.90312
-0.77036
-0.4739
-0.083195
0.30734
0.60648
0.75216
0.72726
0.56083
0.31536
0.065469
-0.12485
-0.21919
-0.21557
-0.1424
-0.046192
0.024314
0.032856
-0.03456
-0.16644
-0.32912
-0.47517
-0.5551
-0.52986
-0.38205
-0.12305
0.20582
0.53993
0.80521
0.93688
0.89837
0.69427
0.37248
0.012951
-0.29472
-0.47862
-0.50767
-0.40215
-0.22665
-0.066851
0.0024827
-0.053247
-0.21317
-0.40644
-0.53773
-0.52417
-0.33021
0.013382
0.4146
0.74902
0.90282
0.81437
0.49888
0.046079
-0.40897
-0.73187
-0.83493
-0.70619
-0.41068
-0.063588
0.21444
0.34242
0.30753
0.16589
0.016019
-0.04453
0.038329
0.25059
0.51345
0.71353
0.74823
0.56829
0.20072
-0.25725
-0.67133
-0.91763
-0.9267
-0.70717
-0.3406
0.050022
0.34546
0.4716
0.42148
0.25055
0.048499
-0.099948
-0.14902
-0.10709
-0.027731
0.018584
-0.020437
-0.1523
-0.33298
-0.48307
-0.52022
-0.39457
-0.11253
0.26098
0.62319
0.86898
0.92772
0.78727
0.4964
0.14548
-0.16653
-0.36569
-0.4246
-0.36487
-0.24119
-0.11502
-0.029577
0.0038054
0.0033269
0.00086459
0.020972
0.064925
0.10744
0.10772
0.03004
-0.1355
-0.36167
-0.58813
-0.74005
-0.7547
-0.60564
-0.31475
0.052632
0.40805
0.66815
0.78044
0.73743
0.57484
0.35574
0.14736
-0.00013012
-0.065619
-0.056834
-3.2765e-15
0.074597
0.14434
0.19867
0.2355
0.25318
0.24343
0.19008
0.075294
-0.10911
-0.35073
-0.61207
-0.83617
-0.96202
-0.94468
-0.77279
-0.47629
-0.12036
0.21285
0.44904
0.54435
0.498
0.35069
0.16965
0.026033
-0.027487
0.028567
0.17751
0.37495
0.56446
0.69435
0.73018
0.66
0.4927
0.25216
-0.029418
-0.31655
-0.57349
-0.76646
-0.86702
-0.85745
-0.73716
-0.52737
-0.27075
-0.023716
0.15764
0.23462
0.19986
0.082435
-0.059135
-0.15495
-0.14758
-0.01352
0.22562
0.50693
0.74458
0.85708
0.79433
0.55515
0.18932
-0.21675
-0.56574
-0.7781
-0.81418
-0.68322
-0.43697
-0.15121
0.098225
0.25702
0.30511
0.25789
0.15691
0.054213
-0.0044046
0.0076063
0.091159
0.22241
0.35981
0.45502
0.46543
0.36562
0.15563
-0.1358
-0.45477
-0.73265
-0.90209
-0.9153
-0.7594
-0.46368
-0.094967
0.25917
0.51532
0.61989
0.56654
0.39866
0.19466
0.040047
-0.0041474
0.07479
0.23478
0.3934
0.45909
0.36804
0.11298
-0.2481
-0.6077
-0.84478
-0.86834
-0.65255
-0.24976
0.22438
0.62907
0.84639
0.82157
0.58054
0.21811
-0.13856
-0.37749
-0.44216
-0.34924
-0.17733
-0.031489
0.0021582
-0.10654
-0.31787
-0.53727
-0.65341
-0.58432
-0.31322
0.1004
0.53918
0.86909
0.98758
0.86057
0.534
0.11611
-0.2625
-0.49526
-0.53499
-0.40515
-0.18399
0.03084
0.16227
0.18228
0.11789
0.033524
-0.0020623
0.050479
0.18102
0.33218
0.42282
0.38319
0.18688
-0.13367
-0.49478
-0.78979
-0.92682
-0.86171
-0.61329
-0.25572
0.10872
0.38531
0.51754
0.50139
0.3793
0.2179
0.079514
-0.00035046
-0.021275
-0.0097782
-5.977e-15
-0.012882
-0.043714
-0.063769
-0.035213
0.067614
0.24047
0.4436
0.61171
0.67641
0.59236
0.35687
0.01463
-0.35457
-0.66098
-0.83346
-0.84119
-0.70093
-0.46793
-0.21494
-0.0077018
0.11397
0.1434
0.10172
0.023932
-0.056544
-0.1183
-0.15391
-0.16427
-0.14987
-0.10472
-0.016772
0.1246
0.31779
0.54051
0.74911
0.88793
0.90642
0.77807
0.51352
0.16208
-0.20023
-0.49267
-0.65434
-0.66279
-0.54016
-0.34465
-0.15072
-0.024917
-0.0058432
-0.094473
-0.25714
-0.43889
-0.58159
-0.64039
-0.59356
-0.44413
-0.21489
0.0599
0.34221
0.59551
0.78755
0.89218
0.89231
0.78414
0.58171
0.31876
0.04508
-0.18356
-0.32031
-0.34237
-0.26067
-0.11934
0.016433
0.08129
0.032686
-0.13215
-0.37192
-0.61217
-0.76841
-0.77406
-0.60365
-0.28327
0.11566
0.49726
0.76978
0.8724
0.7918
0.56332
0.2576
-0.042514
-0.2666
-0.37514
-0.36692
-0.27423
-0.14892
-0.04456
-0.00023822
-0.030499
-0.12302
-0.24366
-0.3466
-0.38682
-0.33217
-0.17265
0.074821
0.36754
0.64447
0.83947
0.89796
0.79301
0.53612
0.17819
-0.20119
-0.51448
-0.69161
-0.70184
-0.5643
-0.34237
-0.12244
0.01636
0.031117
-0.068191
-0.22136
-0.34017
-0.34295
-0.18876
0.10188
0.44895
0.738
0.86055
0.75494
0.43247
-0.022005
-0.47625
-0.79491
-0.88596
-0.73217
-0.39585
0.0051375
0.34103
0.5171
0.50608
0.35389
0.15691
0.020104
0.012702
0.13916
0.33698
0.50234
0.53335
0.37379
0.039667
-0.38219
-0.76351
-0.98077
-0.96062
-0.70703
-0.29988
0.13406
0.46668
0.61276
0.55659
0.35148
0.093672
-0.11785
-0.21943
-0.20357
-0.11519
-0.026223
-3.0965e-15
-0.060932
-0.18234
-0.29741
-0.32854
-0.2227
0.022134
0.35073
0.66749
0.87015
0.88721
0.70436
0.37006
-0.021869
-0.36525
-0.57748
-0.62478
-0.52798
-0.34828
-0.15982
-0.021126
0.043428
0.045624
0.019791
0.0010642
0.0059645
0.024188
0.025067
-0.024594
-0.1398
-0.30365
-0.46763
-0.56673
-0.54393
-0.37423
-0.078198
0.28077
0.61525
0.84171
0.90732
0.80596
0.57781
0.29358
0.029904
-0.15474
-0.235
-0.22034
-0.14464
-0.049473
0.031336
0.080044
0.094099
0.078493
0.036683
-0.034406
-0.14229
-0.29072
-0.46985
-0.65057
-0.78746
-0.83085
-0.74447
-0.52167
-0.19343
0.1763
0.50742
0.72752
0.79435
0.70903
0.51507
0.2837
0.090562
-0.0079339
0.0092449
0.12405
0.28824
0.4407
0.52667
0.51232
0.3911
0.18123
-0.082523
-0.3589
-0.60834
-0.79767
-0.90209
-0.90617
-0.80575
-0.61086
-0.34812
-0.059903
0.20182
0.38709
0.46223
0.42206
0.29467
0.13553
0.011322
-0.022044
0.060165
0.24028
0.46105
0.64259
0.70843
0.61193
0.3539
-0.014933
-0.40777
-0.72755
-0.89603
-0.87668
-0.684
-0.37697
-0.039354
0.246
0.42044
0.46335
0.39336
0.25772
0.11476
0.01522
-0.011846
0.034668
0.13008
0.23274
0.29645
0.28333
0.17419
-0.025122
-0.28304
-0.54732
-0.75574
-0.85073
-0.79509
-0.58467
-0.25367
0.13039
0.48237
0.72248
0.79993
0.70952
0.49447
0.23329
0.013871
-0.096996
-0.077686
0.039825
0.18142
0.25912
0.20639
0.0072492
-0.29244
-0.59721
-0.79446
-0.79611
-0.57387
-0.17455
0.29163
0.6865
0.89087
0.84593
0.57365
0.16829
-0.23795
-0.52259
-0.6157
-0.52215
-0.31473
-0.10157
0.019267
8.7134e-15
-0.1379
-0.31336
-0.42013
-0.37228
-0.14246
0.22259
0.61574
0.90763
0.99456
0.83781
0.47901
0.025909
-0.38599
-0.64116
-0.68296
-0.52933
-0.26049
0.015714
0.20617
0.26579
0.2092
0.097318
0.0057069
-0.011312
0.054489
0.16174
0.23845
0.21524
0.058582
-0.21003
-0.51741
-0.76353
-0.85833
-0.75594
-0.47292
-0.083505
0.30617
0.59463
0.71845
0.67018
0.49501
0.26903
0.068589
-0.056466
-0.095785
-0.073897
-0.031788
-0.0039802
-0.0016963
-0.0094248
0.0041493
0.066428
0.18194
0.32341
0.43764
0.46471
0.3628
0.1283
-0.19732
-0.53759
-0.80477
-0.92851
-0.87889
-0.6753
-0.37846
-0.069014
0.17897
0.31967
0.34532
0.28186
0.17406
0.067021
-0.008138
-0.039707
-0.031435
0.0069367
0.068764
0.15416
0.26641
0.40344
0.54934
0.67159
0.72713
0.67616
0.49888
0.20812
-0.14823
-0.4975
-0.76253
-0.88545
-0.84628
-0.66978
-0.41747
-0.16788
0.0083857
0.06996
0.015522
-0.11888
-0.27409
-0.38785
-0.41353
-0.3317
-0.15198
0.093493
0.36112
0.60693
0.7943
0.89751
0.90232
0.80574
0.61669
0.35738
0.063641
-0.21812
-0.43889
-0.559
-0.56069
-0.45656
-0.28929
-0.12109
-0.014872
-0.012959
-0.12075
-0.30197
-0.48819
-0.60048
-0.57623
-0.39199
-0.074201
0.30637
0.65509
0.88204
0.92929
0.78789
0.49935
0.1415
-0.19578
-0.43695
-0.54073
-0.50805
-0.37663
-0.20541
-0.054605
0.032148
0.038551
-0.022639
-0.11619
-0.19631
-0.22029
-0.16042
-0.011832
0.20486
0.44682
0.65747
0.7792
0.76807
0.60715
0.31474
-0.055913
-0.42714
-0.71594
-0.8572
-0.82376
-0.63641
-0.35903
-0.079148
0.1207
0.19117
0.13367
1.4744e-14
-0.12691
-0.1652
-0.067575
0.15668
0.44045
0.6803
0.77374
0.65913
0.34288
-0.097131
-0.5344
-0.83579
-0.90765
-0.72905
-0.35964
0.081393
0.45762
0.66335
0.65944
0.48341
0.2306
0.013833
-0.082362
-0.034966
0.1099
0.2578
0.3069
0.19241
-0.083126
-0.4464
-0.77829
-0.958
-0.90927
-0.6306
-0.19795
0.26143
0.6139
0.76582
0.69419
0.45025
0.13592
-0.13703
-0.28846
-0.29605
-0.19674
-0.064387
0.02613
0.032735
-0.036122
-0.12689
-0.16673
-0.098342
0.090962
0.35866
0.61954
0.77672
0.75891
0.54907
0.19305
-0.21508
-0.56535
-0.76932
-0.78837
-0.64294
-0.39998
-0.14514
0.048934
0.14566
0.15078
0.10121
0.042743
0.0073766
0.000118
0.00062703
-0.021976
-0.088642
-0.19426
-0.30388
-0.36374
-0.32307
-0.15754
0.1157
0.43835
0.72741
0.90209
0.91102
0.7497
0.46172
0.12362
-0.18071
-0.38618
-0.4642
-0.42629
-0.31379
-0.17932
-0.067871
-0.0046523
0.0067089
-0.022868
-0.07885
-0.15176
-0.23932
-0.34147
-0.45187
-0.55106
-0.60648
-0.58094
-0.44714
-0.20239
0.12312
0.46948
0.76184
0.93261
0.94327
0.79786
0.54275
0.25252
0.0064837
-0.13575
-0.15161
-0.060071
0.08733
0.22512
0.29509
0.26294
0.12569
-0.091309
-0.34466
-0.58606
-0.77345
-0.87743
-0.88299
-0.7883
-0.6031
-0.34801
-0.054434
0.23681
0.48024
0.63451
0.67368
0.59717
0.43392
0.23743
0.07148
-0.0096801
0.019599
0.14535
0.31584
0.457
0.49692
0.39138
0.14143
-0.20359
-0.55913
-0.8308
-0.94345
-0.86443
-0.61333
-0.25531
0.11941
0.42265
0.59307
0.61103
0.49976
0.31374
0.11907
-0.027144
-0.092254
-0.074541
-1.7463e-14
0.088214
0.14386
0.13118
0.034798
-0.13578
-0.34747
-0.55047
-0.68923
-0.71596
-0.60392
-0.35733
-0.014589
0.35744
0.67818
0.87419
0.9006
0.75611
0.48574
0.16882
-0.10516
-0.2655
-0.28427
-0.18603
-0.038882
0.07112
0.073627
-0.056675
-0.28662
-0.53329
-0.69296
-0.68047
-0.46442
-0.084451
0.35721
0.72801
0.91029
0.84316
0.54521
0.10918
-0.32997
-0.64215
-0.74702
-0.63988
-0.38912
-0.10645
0.098311
0.1601
0.082569
-0.066255
-0.18454
-0.18117
-0.016217
0.27894
0.61029
0.85566
0.91157
0.73444
0.35976
-0.10831
-0.53297
-0.79295
-0.8242
-0.63987
-0.32143
0.014628
0.26093
0.35686
0.30563
0.16518
0.018176
-0.065741
-0.05949
0.012091
0.08632
0.093597
-0.0083126
-0.21141
-0.45593
-0.65117
-0.71043
-0.58612
-0.2908
0.10429
0.49279
0.76978
0.86716
0.77491
0.54051
0.24819
-0.013272
-0.181
-0.23552
-0.19968
-0.12135
-0.048663
-0.008918
-3.481e-05
0.0027434
0.028956
0.09286
0.18101
0.2537
0.26035
0.16235
-0.046304
-0.33006
-0.61905
-0.83067
-0.89758
-0.79146
-0.53366
-0.18849
0.158
0.42568
0.56438
0.56602
0.46145
0.30489
0.15285
0.046176
0.0012497
0.012127
0.060545
0.12781
0.20255
0.28112
0.36146
0.43478
0.48062
0.46933
0.37221
0.17572
-0.10666
-0.43103
-0.73114
-0.93654
-0.99484
-0.88999
-0.64957
-0.33771
-0.03579
0.1827
0.27437
0.23774
0.11103
-0.042589
-0.15656
-0.18163
-0.099052
0.077085
0.30754
0.54149
0.73061
0.83925
0.84879
0.757
0.57494
0.32382
0.033259
-0.26009
-0.51513
-0.69202
-0.7609
-0.71162
-0.56042
-0.34974
-0.13916
0.011202
0.060003
1.0694e-14
-0.13686
-0.28768
-0.37851
-0.34979
-0.17865
0.11008
0.44871
0.74618
0.91625
0.90481
0.70723
0.37006
-0.023377
-0.37821
-0.61577
-0.6947
-0.61952
-0.43465
-0.20726
-0.0052993
0.12219
0.1568
0.1121
0.025673
-0.054697
-0.086021
-0.042372
0.078188
0.25294
0.43966
0.58631
0.64344
0.57713
0.37972
0.07544
-0.28141
-0.61686
-0.85481
-0.93781
-0.84499
-0.60082
-0.27065
0.057369
0.29902
0.40123
0.35985
0.22105
0.064508
-0.026475
0.002332
0.15301
0.37146
0.56521
0.63768
0.52664
0.23233
-0.17638
-0.58143
-0.85466
-0.90297
-0.70278
-0.31056
0.15508
0.55395
0.77259
0.76269
0.55522
0.24516
-0.047024
-0.22227
-0.2399
-0.13051
0.020022
0.10882
0.061031
-0.13643
-0.42622
-0.70078
-0.84366
-0.77593
-0.48936
-0.053173
0.40849
0.76002
0.90209
0.80568
0.51975
0.1504
-0.17986
-0.3764
-0.40355
-0.2911
-0.11506
0.038068
0.10845
0.08608
0.01111
-0.048058
-0.028845
0.094042
0.29333
0.49677
0.61476
0.57676
0.3618
0.010484
-0.38649
-0.719
-0.8956
-0.87434
-0.67514
-0.36953
-0.052756
0.19026
0.31206
0.31305
0.23284
0.12782
0.045391
0.005931
-0.00046826
-0.00247
-0.027488
-0.083156
-0.14926
-0.18426
-0.14382
-0.0033762
0.22546
0.4924
0.72203
0.83876
0.79393
0.5844
0.25544
-0.11322
-0.43313
-0.63491
-0.68812
-0.60673
-0.43935
-0.24915
-0.091939
-0.00045867
0.020163
-0.013869
-0.077567
-0.14935
-0.21739
-0.27806
-0.32877
-0.36016
-0.35304
-0.28294
-0.13122
0.10201
0.38953
0.67831
0.90183
1
0.93978
0.72864
0.41517
0.075779
-0.20821
-0.37544
-0.40269
-0.31014
-0.1526
-1.055e-14
0.085452
0.067753
-0.05438
-0.25059
-0.47094
-0.66174
-0.77941
-0.79865
-0.71408
-0.53693
-0.29004
-0.003581
0.28761
0.54608
0.73506
0.82431
0.79811
0.66254
0.44872
0.20852
0.0024093
-0.11811
-0.12776
-0.038013
0.10395
0.22904
0.26905
0.18103
-0.035345
-0.33412
-0.63514
-0.84847
-0.90312
-0.77036
-0.4739
-0.083195
0.30734
0.60648
0.75216
0.72726
0.56083
0.31536
0.065469
-0.12485
-0.21919
-0.21557
-0.1424
-0.046192
0.024314
0.032856
-0.03456
-0.16644
-0.32912
-0.47517
-0.5551
-0.52986
-0.38205
-0.12305
0.20582
0.53993
0.80521
0.93688
0.89837
0.69427
0.37248
0.012951
-0.29472
-0.47862
-0.50767
-0.40215
-0.22665
-0.066851
0.0024827
-0.053247
-0.21317
-0.40644
-0.53773
-0.52417
-0.33021
0.013382
0.4146
0.74902
0.90282
0.81437
0.49888
0.046079
-0.40897
-0.73187
-0.83493
-0.70619
-0.41068
-0.063588
0.21444
0.34242
0.30753
0.16589
0.016019
-0.04453
0.038329
0.25059
0.51345
0.71353
0.74823
0.56829
0.20072
-0.25725
-0.67133
-0.91763
-0.9267
-0.70717
-0.3406
0.050022
0.34546
0.4716
0.42148
0.25055
0.048499
-0.099948
-0.14902
-0.10709
-0.027731
0.018584
-0.020437
-0.1523
-0.33298
-0.48307
-0.52022
-0.39457
-0.11253
0.26098
0.62319
0.86898
0.92772
0.78727
0.4964
0.14548
-0.16653
-0.36569
-0.4246
-0.36487
-0.24119
-0.11502
-0.029577
0.0038054
0.0033269
0.00086459
0.020972
0.064925
0.10744
0.10772
0.03004
-0.1355
-0.36167
-0.58813
-0.74005
-0.7547
-0.60564
-0.31475
0.052632
0.40805
0.66815
0.78044
0.73743
0.57484
0.35574
0.14736
-0.00013012
-0.065619
-0.056834
-3.2765e-15
0.074597
0.14434
0.19867
0.2355
0.25318
0.24343
0.19008
0.075294
-0.10911
-0.35073
-0.61207
-0.83617
-0.96202
-0.94468
-0.77279
-0.47629
-0.12036
0.21285
0.44904
0.54435
0.498
0.35069
0.16965
0.026033
-0.027487
0.028567
0.17751
0.37495
0.56446
0.69435
0.73018
0.66
0.4927
0.25216
-0.029418
-0.31655
-0.57349
-0.76646
-0.86702
-0.85745
-0.73716
-0.52737
-0.27075
-0.023716
0.15764
0.23462
0.19986
0.082435
-0.059135
-0.15495
-0.14758
-0.01352
0.22562
0.50693
0.74458
0.85708
0.79433
0.55515
0.18932
-0.21675
-0.56574
-0.7781
-0.81418
-0.68322
-0.43697
-0.15121
0.098225
0.25702
0.30511
0.25789
0.15691
0.054213
-0.0044046
0.0076063
0.091159
0.22241
0.35981
0.45502
0.46543
0.36562
0.15563
-0.1358
-0.45477
-0.73265
-0.90209
-0.9153
-0.7594
-0.46368
-0.094967
0.25917
0.51532
0.61989
0.56654
0.39866
0.19466
0.040047
-0.0041474
0.07479
0.23478
0.3934
0.45909
0.36804
0.11298
-0.2481
-0.6077
-0.84478
-0.86834
-0.65255
-0.24976
0.22438
0.62907
0.84639
0.82157
0.58054
0.21811
-0.13856
-0.37749
-0.44216
-0.34924
-0.17733
-0.031489
0.0021582
-0.10654
-0.31787
-0.53727
-0.65341
-0.58432
-0.31322
0.1004
0.53918
0.86909
0.98758
0.86057
0.534
0.11611
-0.2625
-0.49526
-0.53499
-0.40515
-0.18399
0.03084
0.16227
0.18228
0.11789
0.033524
-0.0020623
0.050479
0.18102
0.33218
0.42282
0.38319
0.18688
-0.13367
-0.49478
-0.78979
-0.92682
-0.86171
-0.61329
-0.25572
0.10872
0.38531
0.51754
0.50139
0.3793
0.2179
0.079514
-0.00035046
-0.021275
-0.0097782
-5.977e-15
-0.012882
-0.043714
-0.063769
-0.035213
0.067614
0.24047
0.4436
0.61171
0.67641
0.59236
0.35687
0.01463
-0.35457
-0.66098
-0.83346
-0.84119
-0.70093
-0.46793
-0.21494
-0.0077018
0.11397
0.1434
0.10172
0.023932
-0.056544
-0.1183
-0.15391
-0.16427
-0.14987
-0.10472
-0.016772
0.1246
0.31779
0.54051
0.74911
0.88793
0.90642
0.77807
0.51352
0.16208
-0.20023
-0.49267
-0.65434
-0.66279
-0.54016
-0.34465
-0.15072
-0.024917
-0.0058432
-0.094473
-0.25714
-0.43889
-0.58159
-0.64039
-0.59356
-0.44413
-0.21489
0.0599
0.34221
0.59551
0.78755
0.89218
0.89231
0.78414
0.58171
0.31876
0.04508
-0.18356
-0.32031
-0.34237
-0.26067
-0.11934
0.016433
0.08129
0.032686
-0.13215
-0.37192
-0.61217
-0.76841
-0.77406
-0.60365
-0.28327
0.11566
0.49726
0.76978
0.8724
0.7918
0.56332
0.2576
-0.042514
-0.2666
-0.37514
-0.36692
-0.27423
-0.14892
-0.04456
-0.00023822
-0.030499
-0.12302
-0.24366
-0.3466
-0.38682
-0.33217
-0.17265
0.074821
0.36754
0.64447
0.83947
0.89796
0.79301
0.53612
0.17819
-0.20119
-0.51448
-0.69161
-0.70184
-0.5643
-0.34237
-0.12244
0.01636
0.031117
-0.068191
-0.22136
-0.34017
-0.34295
-0.18876
0.10188
0.44895
0.738
0.86055
0.75494
0.43247
-0.022005
-0.47625
-0.79491
-0.88596
-0.73217
-0.39585
0.0051375
0.34103
0.5171
0.50608
0.35389
0.15691
0.020104
0.012702
0.13916
0.33698
0.50234
0.53335
0.37379
0.039667
-0.38219
-0.76351
-0.98077
-0.96062
-0.70703
-0.29988
0.13406
0.46668
0.61276
0.55659
0.35148
0.093672
-0.11785
-0.21943
-0.20357
-0.11519
-0.026223
-3.0965e-15
-0.060932
-0.18234
-0.29741
-0.32854
-0.2227
0.022134
0.35073
0.66749
0.87015
0.88721
0.70436
0.37006
-0.021869
-0.36525
-0.57748
-0.62478
-0.52798
-0.34828
-0.15982
-0.021126
0.043428
0.045624
0.019791
0.0010642
0.0059645
0.024188
0.025067
-0.024594
-0.1398
-0.30365
-0.46763
-0.56673
-0.54393
-0.37423
-0.078198
0.28077
0.61525
0.84171
0.90732
0.80596
0.57781
0.29358
0.029904
-0.15474
-0.235
-0.22034
-0.14464
-0.049473
0.031336
0.080044
0.094099
0.078493
0.036683
-0.034406
-0.14229
-0.29072
-0.46985
-0.65057
-0.78746
-0.83085
-0.74447
-0.52167
-0.19343
0.1763
0.50742
0.72752
0.79435
0.70903
0.51507
0.2837
0.090562
-0.0079339
0.0092449
0.12405
0.28824
0.4407
0.52667
0.51232
0.3911
0.18123
-0.082523
-0.3589
-0.60834
-0.79767
-0.90209
-0.90617
-0.80575
-0.61086
-0.34812
-0.059903
0.20182
0.38709
0.46223
0.42206
0.29467
0.13553
0.011322
-0.022044
0.060165
0.24028
0.46105
0.64259
0.70843
0.61193
0.3539
-0.014933
-0.40777
-0.72755
-0.89603
-0.87668
-0.684
-0.37697
-0.039354
0.246
0.42044
0.46335
0.39336
0.25772
0.11476
0.01522
-0.011846
0.034668
0.13008
0.23274
0.29645
0.28333
0.17419
-0.025122
-0.28304
-0.54732
-0.75574
-0.85073
-0.79509
-0.58467
-0.25367
0.13039
0.48237
0.72248
0.79993
0.70952
0.49447
0.23329
0.013871
-0.096996
-0.077686
0.039825
0.18142
0.25912
0.20639
0.0072492
-0.29244
-0.59721
-0.79446
-0.79611
-0.57387
-0.17455
0.29163
0.6865
0.89087
0.84593
0.57365
0.16829
-0.23795
-0.52259
-0.6157
-0.52215
-0.31473
-0.10157
0.019267
8.7134e-15
-0.1379
-0.31336
-0.42013
-0.37228
-0.14246
0.22259
0.61574
0.90763
0.99456
0.83781
0.47901
0.025909
-0.38599
-0.64116
-0.68296
-0.52933
-0.26049
0.015714
0.20617
0.26579
0.2092
0.097318
0.0057069
-0.011312
0.054489
0.16174
0.23845
0.21524
0.058582
-0.21003
-0.51741
-0.76353
-0.85833
-0.75594
-0.47292
-0.083505
0.30617
0.59463
0.71845
0.67018
0.49501
0.26903
0.068589
-0.056466
-0.095785
-0.073897
-0.031788
-0.0039802
-0.0016963
-0.0094248
0.0041493
0.066428
0.18194
0.32341
0.43764
0.46471
0.3628
0.1283
-0.19732
-0.53759
-0.80477
-0.92851
-0.87889
-0.6753
-0.37846
-0.069014
0.17897
0.31967
0.34532
0.28186
0.17406
0.067021
-0.008138
-0.039707
-0.031435
0.0069367
0.068764
0.15416
0.26641
0.40344
0.54934
0.67159
0.72713
0.67616
