-0.12894
-0.20264
-0.18356
-0.077457
0.08074
0.24402
0.37185
0.44249
0.45506
0.42235
0.35924
0.2733
0.16249
0.020815
-0.15116
-0.33708
-0.50254
-0.60261
-0.59731
-0.46933
-0.2361
0.049705
0.31313
0.47984
0.50107
0.37137
0.13208
-0.14121
-0.36332
-0.46749
-0.4267
-0.26087
-0.027543
0.19995
0.35856
0.41595
0.37812
0.28214
0.17753
0.1044
0.077093
0.079904
0.076135
0.026605
-0.090199
-0.26473
-0.45547
-0.60138
-0.64331
-0.5464
-0.31525
0.0041506
0.33659
0.59999
0.73034
0.70084
0.52897
0.26963
-0.0030683
-0.21901
-0.33264
-0.33456
-0.25103
-0.13235
-0.034384
0.00042716
-0.043206
-0.14906
-0.27522
-0.36798
-0.37932
-0.28288
-0.083552
0.18191
0.45353
0.66384
0.75629
0.70143
0.50609
0.21292
-0.11011
-0.38762
-0.55714
-0.58623
-0.48112
-0.28419
-0.0608
0.12054
0.20868
0.18449
0.065244
-0.10264
-0.25966
-0.35269
-0.35116
-0.25468
-0.09025
0.099301
0.2707
0.3935
0.45648
0.46564
0.43565
0.3794
0.30097
0.19528
0.054833
-0.11998
-0.31231
-0.48716
-0.59896
-0.60666
-0.49103
-0.2669
0.0156
0.28296
0.46031
0.49625
0.38142
0.15338
-0.11477
-0.3386
-0.45089
-0.42422
-0.279
-0.074079
0.11674
0.23321
0.25121
0.19057
0.10511
0.05868
0.09667
0.22447
0.40167
0.55497
0.60529
0.49903
0.23155
-0.1465
-0.54287
-0.85287
-0.99378
-0.93203
-0.69359
-0.35403
-0.012228
0.24268
0.35928
0.33735
0.22294
0.087965
0.0025622
0.010467
0.11569
0.28421
0.45852
0.57873
0.60216
0.51486
0.33264
0.09278
-0.15883
-0.37989
-0.53956
-0.62081
-0.6188
-0.53828
-0.39201
-0.20097
0.0051389
0.18966
0.31473
0.35082
0.28731
0.13981
-0.050003
-0.22375
-0.32318
-0.30926
-0.17664
0.042391
0.28672
0.48568
0.58205
0.55071
0.40574
0.19366
-0.024607
-0.19596
-0.29258
-0.31817
-0.30079
-0.2759
-0.26735
-0.27502
-0.27467
-0.23065
-0.11601
0.069027
0.28896
0.48035
0.57303
0.5176
0.30834
-0.0085313
-0.3458
-0.60275
-0.69969
-0.60666
-0.35515
-0.027669
0.27139
0.4532
0.47612
0.35946
0.17405
0.013006
-0.045956
0.027699
0.20404
0.40318
0.52588
0.49263
0.2764
-0.083622
-0.49275
-0.83225
-1
-0.94549
-0.6866
-0.30235
0.095096
0.39859
0.54041
0.51096
0.35618
0.15607
-0.0064985
-0.074718
-0.034345
0.086906
0.23492
0.35215
0.39839
0.36182
0.25753
0.11601
-0.031721
-0.16546
-0.27894
-0.37442
-0.45292
-0.50594
-0.51403
-0.45387
-0.31118
-0.093507
0.16388
0.40321
0.5603
0.58631
0.46696
0.23147
-0.053576
-0.30395
-0.44484
-0.4356
-0.28319
-0.039298
0.21784
0.41023
0.48584
0.43394
0.28503
0.096083
-0.072634
-0.17987
-0.21644
-0.20436
-0.18318
-0.18967
-0.23931
-0.31757
-0.38437
-0.39027
-0.29795
-0.10041
0.17131
0.45458
0.67369
0.76419
0.69448
0.47702
0.16538
-0.16192
-0.42517
-0.56695
-0.5677
-0.4489
-0.26326
-0.07602
0.056421
0.10354
0.068385
-0.015964
-0.099276
-0.13204
-0.082523
0.0521
0.24374
0.44091
0.58345
0.62031
0.52514
0.30555
0.0029403
-0.31701
-0.58112
-0.72812
-0.72551
-0.57874
-0.33009
-0.046996
0.19698
0.34293
0.36312
0.26801
0.1016
-0.073293
-0.19524
-0.22314
-0.14797
0.0063601
0.19276
0.35747
0.45733
0.47167
0.40531
0.2823
0.1341
-0.01276
-0.14412
-0.2582
-0.35895
-0.44657
-0.5106
-0.52963
-0.479
-0.34343
-0.12952
0.12859
0.37395
0.54217
0.58265
0.47792
0.25335
-0.027516
-0.28164
-0.43319
-0.43894
-0.30289
-0.074553
0.169
0.35084
0.42135
0.37476
0.24863
0.10672
0.011799
-0.00072717
0.062027
0.15282
0.20357
0.15425
-0.019958
-0.29402
-0.59736
-0.8361
-0.92543
-0.82041
-0.53349
-0.13248
0.28081
0.60345
0.76412
0.74428
0.58073
0.34934
0.13669
0.010096
-0.0035093
0.077101
0.19836
0.29399
0.30944
0.22006
0.037252
-0.19797
-0.43023
-0.60744
-0.69445
-0.67923
-0.57104
-0.39371
-0.17766
0.046
0.2483
0.40322
0.48891
0.49078
0.40664
0.2516
0.059481
-0.12195
-0.24235
-0.26396
-0.17557
0.00057611
0.21261
0.39363
0.4828
0.44568
0.28634
0.046442
-0.20877
-0.41254
-0.5186
-0.51488
-0.42389
-0.29024
-0.16067
-0.065173
-0.0069581
0.034466
0.088896
0.17629
0.29185
0.40265
0.45852
0.41334
0.24817
-0.013888
-0.30863
-0.54881
-0.65372
-0.57933
-0.3373
0.0054768
0.34767
0.58778
0.65942
0.55435
0.32434
0.060786
-0.14038
-0.21519
-0.15561
-0.011599
0.12967
0.17952
0.084662
-0.14901
-0.45523
-0.72963
-0.86722
-0.80134
-0.52937
-0.11567
0.32924
0.68563
0.86409
0.83347
0.62781
0.33061
0.043375
-0.14965
-0.20772
-0.14227
-0.0064267
0.12894
0.20264
0.18356
0.077457
-0.08074
-0.24402
-0.37185
-0.44249
-0.45506
-0.42235
-0.35924
-0.2733
-0.16249
-0.020815
0.15116
0.33708
0.50254
0.60261
0.59731
0.46933
0.2361
-0.049705
-0.31313
-0.47984
-0.50107
-0.37137
-0.13208
0.14121
0.36332
0.46749
0.4267
0.26087
0.027543
-0.19995
-0.35856
-0.41595
-0.37812
-0.28214
-0.17753
-0.1044
-0.077093
-0.079904
-0.076135
-0.026605
0.090199
0.26473
0.45547
0.60138
0.64331
0.5464
0.31525
-0.0041506
-0.33659
-0.59999
-0.73034
-0.70084
-0.52897
-0.26963
0.0030683
0.21901
0.33264
0.33456
0.25103
0.13235
0.034384
-0.00042716
0.043206
0.14906
0.27522
0.36798
0.37932
0.28288
0.083552
-0.18191
-0.45353
-0.66384
-0.75629
-0.70143
-0.50609
-0.21292
0.11011
0.38762
0.55714
0.58623
0.48112
0.28419
0.0608
-0.12054
-0.20868
-0.18449
-0.065244
0.10264
0.25966
0.35269
0.35116
0.25468
0.09025
-0.099301
-0.2707
-0.3935
-0.45648
-0.46564
-0.43565
-0.3794
-0.30097
-0.19528
-0.054833
0.11998
0.31231
0.48716
0.59896
0.60666
0.49103
0.2669
-0.0156
-0.28296
-0.46031
-0.49625
-0.38142
-0.15338
0.11477
0.3386
0.45089
0.42422
0.279
0.074079
-0.11674
-0.23321
-0.25121
-0.19057
-0.10511
-0.05868
-0.09667
-0.22447
-0.40167
-0.55497
-0.60529
-0.49903
-0.23155
0.1465
0.54287
0.85287
0.99378
0.93203
0.69359
0.35403
0.012228
-0.24268
-0.35928
-0.33735
-0.22294
-0.087965
-0.0025622
-0.010467
-0.11569
-0.28421
-0.45852
-0.57873
-0.60216
-0.51486
-0.33264
-0.09278
0.15883
0.37989
0.53956
0.62081
0.6188
0.53828
0.39201
0.20097
-0.0051389
-0.18966
-0.31473
-0.35082
-0.28731
-0.13981
0.050003
0.22375
0.32318
0.30926
0.17664
-0.042391
-0.28672
-0.48568
-0.58205
-0.55071
-0.40574
-0.19366
0.024607
0.19596
0.29258
0.31817
0.30079
0.2759
0.26735
0.27502
0.27467
0.23065
0.11601
-0.069027
-0.28896
-0.48035
-0.57303
-0.5176
-0.30834
0.0085313
0.3458
0.60275
0.69969
0.60666
0.35515
0.027669
-0.27139
-0.4532
-0.47612
-0.35946
-0.17405
-0.013006
0.045956
-0.027699
-0.20404
-0.40318
-0.52588
-0.49263
-0.2764
0.083622
0.49275
0.83225
1
0.94549
0.6866
0.30235
-0.095096
-0.39859
-0.54041
-0.51096
-0.35618
-0.15607
0.0064985
0.074718
0.034345
-0.086906
-0.23492
-0.35215
-0.39839
-0.36182
-0.25753
-0.11601
0.031721
0.16546
0.27894
0.37442
0.45292
0.50594
0.51403
0.45387
0.31118
0.093507
-0.16388
-0.40321
-0.5603
-0.58631
-0.46696
-0.23147
0.053576
0.30395
0.44484
0.4356
0.28319
0.039298
-0.21784
-0.41023
-0.48584
-0.43394
-0.28503
-0.096083
0.072634
0.17987
0.21644
0.20436
0.18318
0.18967
0.23931
0.31757
0.38437
0.39027
0.29795
0.10041
-0.17131
-0.45458
-0.67369
-0.76419
-0.69448
-0.47702
-0.16538
0.16192
0.42517
0.56695
0.5677
0.4489
0.26326
0.07602
-0.056421
-0.10354
-0.068385
0.015964
0.099276
0.13204
0.082523
-0.0521
-0.24374
-0.44091
-0.58345
-0.62031
-0.52514
-0.30555
-0.0029403
0.31701
0.58112
0.72812
0.72551
0.57874
0.33009
0.046996
-0.19698
-0.34293
-0.36312
-0.26801
-0.1016
0.073293
0.19524
0.22314
0.14797
-0.0063601
-0.19276
-0.35747
-0.45733
-0.47167
-0.40531
-0.2823
-0.1341
0.01276
0.14412
0.2582
0.35895
0.44657
0.5106
0.52963
0.479
0.34343
0.12952
-0.12859
-0.37395
-0.54217
-0.58265
-0.47792
-0.25335
0.027516
0.28164
0.43319
0.43894
0.30289
0.074553
-0.169
-0.35084
-0.42135
-0.37476
-0.24863
-0.10672
-0.011799
0.00072717
-0.062027
-0.15282
-0.20357
-0.15425
0.019958
0.29402
0.59736
0.8361
0.92543
0.82041
0.53349
0.13248
-0.28081
-0.60345
-0.76412
-0.74428
-0.58073
-0.34934
-0.13669
-0.010096
0.0035093
-0.077101
-0.19836
-0.29399
-0.30944
-0.22006
-0.037252
0.19797
0.43023
0.60744
0.69445
0.67923
0.57104
0.39371
0.17766
-0.046
-0.2483
-0.40322
-0.48891
-0.49078
-0.40664
-0.2516
-0.059481
0.12195
0.24235
0.26396
0.17557
-0.00057611
-0.21261
-0.39363
-0.4828
-0.44568
-0.28634
-0.046442
0.20877
0.41254
0.5186
0.51488
0.42389
0.29024
0.16067
0.065173
0.0069581
-0.034466
-0.088896
-0.17629
-0.29185
-0.40265
-0.45852
-0.41334
-0.24817
0.013888
0.30863
0.54881
0.65372
0.57933
0.3373
-0.0054768
-0.34767
-0.58778
-0.65942
-0.55435
-0.32434
-0.060786
0.14038
0.21519
0.15561
0.011599
-0.12967
-0.17952
-0.084662
0.14901
0.45523
0.72963
0.86722
0.80134
0.52937
0.11567
-0.32924
-0.68563
-0.86409
-0.83347
-0.62781
-0.33061
-0.043375
0.14965
0.20772
0.14227
0.0064267
-0.12894
-0.20264
-0.18356
-0.077457
0.08074
0.24402
0.37185
0.44249
0.45506
0.42235
0.35924
0.2733
0.16249
0.020815
-0.15116
-0.33708
-0.50254
-0.60261
-0.59731
-0.46933
-0.2361
0.049705
0.31313
0.47984
0.50107
0.37137
0.13208
-0.14121
-0.36332
-0.46749
-0.4267
-0.26087
-0.027543
0.19995
0.35856
0.41595
0.37812
0.28214
0.17753
0.1044
0.077093
0.079904
0.076135
0.026605
-0.090199
-0.26473
-0.45547
-0.60138
-0.64331
-0.5464
-0.31525
0.0041506
0.33659
0.59999
0.73034
0.70084
0.52897
0.26963
-0.0030683
-0.21901
-0.33264
-0.33456
-0.25103
-0.13235
-0.034384
0.00042716
-0.043206
-0.14906
-0.27522
-0.36798
-0.37932
-0.28288
-0.083552
0.18191
0.45353
0.66384
0.75629
0.70143
0.50609
0.21292
-0.11011
-0.38762
-0.55714
-0.58623
-0.48112
-0.28419
-0.0608
0.12054
0.20868
0.18449
0.065244
-0.10264
-0.25966
-0.35269
-0.35116
-0.25468
-0.09025
0.099301
0.2707
0.3935
0.45648
0.46564
0.43565
0.3794
0.30097
0.19528
0.054833
-0.11998
-0.31231
-0.48716
-0.59896
-0.60666
-0.49103
-0.2669
0.0156
0.28296
0.46031
0.49625
0.38142
0.15338
-0.11477
-0.3386
-0.45089
-0.42422
-0.279
-0.074079
0.11674
0.23321
0.25121
0.19057
0.10511
0.05868
0.09667
0.22447
0.40167
0.55497
0.60529
0.49903
0.23155
-0.1465
-0.54287
-0.85287
-0.99378
-0.93203
-0.69359
-0.35403
-0.012228
0.24268
0.35928
0.33735
0.22294
0.087965
0.0025622
0.010467
0.11569
0.28421
0.45852
0.57873
0.60216
0.51486
0.33264
0.09278
-0.15883
-0.37989
-0.53956
-0.62081
-0.6188
-0.53828
-0.39201
-0.20097
0.0051389
0.18966
0.31473
0.35082
0.28731
0.13981
-0.050003
-0.22375
-0.32318
-0.30926
-0.17664
0.042391
0.28672
0.48568
0.58205
0.55071
0.40574
0.19366
-0.024607
-0.19596
-0.29258
-0.31817
-0.30079
-0.2759
-0.26735
-0.27502
-0.27467
-0.23065
-0.11601
0.069027
0.28896
0.48035
0.57303
0.5176
0.30834
-0.0085313
-0.3458
-0.60275
-0.69969
-0.60666
-0.35515
-0.027669
0.27139
0.4532
0.47612
0.35946
0.17405
0.013006
-0.045956
0.027699
0.20404
0.40318
0.52588
0.49263
0.2764
-0.083622
-0.49275
-0.83225
-1
-0.94549
-0.6866
-0.30235
0.095096
0.39859
0.54041
0.51096
0.35618
0.15607
-0.0064985
-0.074718
-0.034345
0.086906
0.23492
0.35215
0.39839
0.36182
0.25753
0.11601
-0.031721
-0.16546
-0.27894
-0.37442
-0.45292
-0.50594
-0.51403
-0.45387
-0.31118
-0.093507
0.16388
0.40321
0.5603
0.58631
0.46696
0.23147
-0.053576
-0.30395
-0.44484
-0.4356
-0.28319
-0.039298
0.21784
0.41023
0.48584
0.43394
0.28503
0.096083
-0.072634
-0.17987
-0.21644
-0.20436
-0.18318
-0.18967
-0.23931
-0.31757
-0.38437
-0.39027
-0.29795
-0.10041
0.17131
0.45458
0.67369
0.76419
0.69448
0.47702
0.16538
-0.16192
-0.42517
-0.56695
-0.5677
-0.4489
-0.26326
-0.07602
0.056421
0.10354
0.068385
-0.015964
-0.099276
-0.13204
-0.082523
0.0521
0.24374
0.44091
0.58345
0.62031
0.52514
0.30555
0.0029403
-0.31701
-0.58112
-0.72812
-0.72551
-0.57874
-0.33009
-0.046996
0.19698
0.34293
0.36312
0.26801
0.1016
-0.073293
-0.19524
-0.22314
-0.14797
0.0063601
0.19276
0.35747
0.45733
0.47167
0.40531
0.2823
0.1341
-0.01276
-0.14412
-0.2582
-0.35895
-0.44657
-0.5106
-0.52963
-0.479
-0.34343
-0.12952
0.12859
0.37395
0.54217
0.58265
0.47792
0.25335
-0.027516
-0.28164
-0.43319
-0.43894
-0.30289
-0.074553
0.169
0.35084
0.42135
0.37476
0.24863
0.10672
0.011799
-0.00072717
0.062027
0.15282
0.20357
0.15425
-0.019958
-0.29402
-0.59736
-0.8361
-0.92543
-0.82041
-0.53349
-0.13248
0.28081
0.60345
0.76412
0.74428
0.58073
0.34934
0.13669
0.010096
-0.0035093
0.077101
0.19836
0.29399
0.30944
0.22006
0.037252
-0.19797
-0.43023
-0.60744
-0.69445
-0.67923
-0.57104
-0.39371
-0.17766
0.046
0.2483
0.40322
0.48891
0.49078
0.40664
0.2516
0.059481
-0.12195
-0.24235
-0.26396
-0.17557
0.00057611
0.21261
0.39363
0.4828
0.44568
0.28634
0.046442
-0.20877
-0.41254
-0.5186
-0.51488
-0.42389
-0.29024
-0.16067
-0.065173
-0.0069581
0.034466
0.088896
0.17629
0.29185
0.40265
0.45852
0.41334
0.24817
-0.013888
-0.30863
-0.54881
-0.65372
-0.57933
-0.3373
0.0054768
0.34767
0.58778
0.65942
0.55435
0.32434
0.060786
-0.14038
-0.21519
-0.15561
-0.011599
0.12967
0.17952
0.084662
-0.14901
-0.45523
-0.72963
-0.86722
-0.80134
-0.52937
-0.11567
0.32924
0.68563
0.86409
0.83347
0.62781
0.33061
0.043375
-0.14965
-0.20772
-0.14227
-0.0064267
0.12894
0.20264
0.18356
0.077457
-0.08074
-0.24402
-0.37185
-0.44249
-0.45506
-0.42235
-0.35924
-0.2733
-0.16249
-0.020815
0.15116
0.33708
0.50254
0.60261
0.59731
0.46933
0.2361
-0.049705
-0.31313
-0.47984
-0.50107
-0.37137
-0.13208
0.14121
0.36332
0.46749
0.4267
0.26087
0.027543
-0.19995
-0.35856
-0.41595
-0.37812
-0.28214
-0.17753
-0.1044
-0.077093
-0.079904
-0.076135
-0.026605
0.090199
0.26473
0.45547
0.60138
0.64331
0.5464
0.31525
-0.0041506
-0.33659
-0.59999
-0.73034
-0.70084
-0.52897
-0.26963
0.0030683
0.21901
0.33264
0.33456
0.25103
0.13235
0.034384
-0.00042716
0.043206
0.14906
0.27522
0.36798
0.37932
0.28288
0.083552
-0.18191
-0.45353
-0.66384
-0.75629
-0.70143
-0.50609
-0.21292
0.11011
0.38762
0.55714
0.58623
0.48112
0.28419
0.0608
-0.12054
-0.20868
-0.18449
-0.065244
0.10264
0.25966
0.35269
0.35116
0.25468
0.09025
-0.099301
-0.2707
-0.3935
-0.45648
-0.46564
-0.43565
-0.3794
-0.30097
-0.19528
-0.054833
0.11998
0.31231
0.48716
0.59896
0.60666
0.49103
0.2669
-0.0156
-0.28296
-0.46031
-0.49625
-0.38142
-0.15338
0.11477
0.3386
0.45089
0.42422
0.279
0.074079
-0.11674
-0.23321
-0.25121
-0.19057
-0.10511
-0.05868
-0.09667
-0.22447
-0.40167
-0.55497
-0.60529
-0.49903
-0.23155
0.1465
0.54287
0.85287
0.99378
0.93203
0.69359
0.35403
0.012228
-0.24268
-0.35928
-0.33735
-0.22294
-0.087965
-0.0025622
-0.010467
-0.11569
-0.28421
-0.45852
-0.57873
-0.60216
-0.51486
-0.33264
-0.09278
0.15883
0.37989
0.53956
0.62081
0.6188
0.53828
0.39201
0.20097
-0.0051389
-0.18966
-0.31473
-0.35082
-0.28731
-0.13981
0.050003
0.22375
0.32318
0.30926
0.17664
-0.042391
-0.28672
-0.48568
-0.58205
-0.55071
-0.40574
-0.19366
0.024607
0.19596
0.29258
0.31817
0.30079
0.2759
0.26735
0.27502
0.27467
0.23065
0.11601
-0.069027
-0.28896
-0.48035
-0.57303
-0.5176
-0.30834
0.0085313
0.3458
0.60275
0.69969
0.60666
0.35515
0.027669
-0.27139
-0.4532
-0.47612
-0.35946
-0.17405
-0.013006
0.045956
-0.027699
-0.20404
-0.40318
-0.52588
-0.49263
-0.2764
0.083622
0.49275
0.83225
1
0.94549
0.6866
0.30235
-0.095096
-0.39859
-0.54041
-0.51096
-0.35618
-0.15607
0.0064985
0.074718
0.034345
-0.086906
-0.23492
-0.35215
-0.39839
-0.36182
-0.25753
-0.11601
0.031721
0.16546
0.27894
0.37442
0.45292
0.50594
0.51403
0.45387
0.31118
0.093507
-0.16388
-0.40321
-0.5603
-0.58631
-0.46696
-0.23147
0.053576
0.30395
0.44484
0.4356
0.28319
0.039298
-0.21784
-0.41023
-0.48584
-0.43394
-0.28503
-0.096083
0.072634
0.17987
0.21644
0.20436
0.18318
0.18967
0.23931
0.31757
0.38437
0.39027
0.29795
0.10041
-0.17131
-0.45458
-0.67369
-0.76419
-0.69448
-0.47702
-0.16538
0.16192
0.42517
0.56695
0.5677
0.4489
0.26326
0.07602
-0.056421
-0.10354
-0.068385
0.015964
0.099276
0.13204
0.082523
-0.0521
-0.24374
-0.44091
-0.58345
-0.62031
-0.52514
-0.30555
-0.0029403
0.31701
0.58112
0.72812
0.72551
0.57874
0.33009
0.046996
-0.19698
-0.34293
-0.36312
-0.26801
-0.1016
0.073293
0.19524
0.22314
0.14797
-0.0063601
-0.19276
-0.35747
-0.45733
-0.47167
-0.40531
-0.2823
-0.1341
0.01276
0.14412
0.2582
0.35895
0.44657
0.5106
0.52963
0.479
0.34343
0.12952
-0.12859
-0.37395
-0.54217
-0.58265
-0.47792
-0.25335
0.027516
0.28164
0.43319
0.43894
0.30289
0.074553
-0.169
-0.35084
-0.42135
-0.37476
-0.24863
-0.10672
-0.011799
0.00072717
-0.062027
-0.15282
-0.20357
-0.15425
0.019958
0.29402
0.59736
0.8361
0.92543
0.82041
0.53349
0.13248
-0.28081
-0.60345
-0.76412
-0.74428
-0.58073
-0.34934
-0.13669
-0.010096
0.0035093
-0.077101
-0.19836
-0.29399
-0.30944
-0.22006
-0.037252
0.19797
0.43023
0.60744
0.69445
0.67923
0.57104
0.39371
0.17766
-0.046
-0.2483
-0.40322
-0.48891
-0.49078
-0.40664
-0.2516
-0.059481
0.12195
0.24235
0.26396
0.17557
-0.00057611
-0.21261
-0.39363
-0.4828
-0.44568
-0.28634
-0.046442
0.20877
0.41254
0.5186
0.51488
0.42389
0.29024
0.16067
0.065173
0.0069581
-0.034466
-0.088896
-0.17629
-0.29185
-0.40265
-0.45852
-0.41334
-0.24817
0.013888
0.30863
0.54881
0.65372
0.57933
0.3373
-0.0054768
-0.34767
-0.58778
-0.65942
-0.55435
-0.32434
-0.060786
0.14038
0.21519
0.15561
0.011599
-0.12967
-0.17952
-0.084662
0.14901
0.45523
0.72963
0.86722
0.80134
0.52937
0.11567
-0.32924
-0.68563
-0.86409
-0.83347
-0.62781
-0.33061
-0.043375
0.14965
0.20772
0.14227
0.0064267
