0
0
0
0
0
0
0
0
0
0
0
0
0
0
0
0
0
0
0
0
0
0
0
0
0
0
0
0
0
0
0
0
0
0
0
0
0
0
0
0
0
0
0
0
0
0
0
0
0
0
0
0
0
0
0
0
0
0
0
0
0
0
0
0
0
0
0
0
0
0
0
0
0
0
0
0
0
0
0
0
0
0
0
0
0
0
0
0
0
0
0
0
0
0
0
0
0
0
0
0
0
0
0
0
0
0
0
0
0
0
0
0
0
0
0
0
0
0
0
0
0
0
0
0
0
0
0
0
0
0
0
0
0
0
0
0
0
0
0
0
0
0
0
0
0
0
0
0
0
0
0
0
0
0
0
0
0
0
0
0
0
0
0
0
0
0
0
0
0
0
0
0
0
0
0
0
0
0
0
0
0
0
0
0
0
0
0
0
0
0
0
0
0
0
0
0
0
0
0
0
0
0
0
0
0
0
0
0
0
0
0
0
0
0
0
0
0
0
0
0
0
0
0
0
0
0
0
0
0
0
0
0
0
0
0
0
0
0
0
0
0
0
0
0
0
0
0
0
0
0
0
0
0
0
0
0
0
0
0
0
0
0
0
0
0
0
0
0
0
0
-0.84119
-0.77247
-0.67267
-0.56553
-0.46392
-0.36522
-0.25486
-0.11615
0.058477
0.26033
0.46519
0.64172
0.76363
0.81992
0.81822
0.77973
0.72815
0.67802
0.62809
0.56306
0.46264
0.31379
0.1198
-0.098137
-0.30797
-0.47911
-0.59428
-0.65529
-0.67984
-0.69117
-0.70535
-0.72266
-0.72719
-0.69492
-0.60644
-0.45808
-0.26591
-0.060592
0.12473
0.26762
0.3645
0.42974
0.48623
0.55212
0.63005
0.70445
0.74813
0.73519
0.65397
0.51376
0.34179
0.17201
0.030785
-0.073567
-0.15238
-0.22867
-0.32341
-0.44293
-0.57351
-0.68609
-0.74888
-0.7419
-0.6664
-0.54458
-0.40957
-0.29054
-0.19996
-0.12927
-0.055014
0.047506
0.18976
0.3618
0.53453
0.67146
0.74451
0.74617
0.6922
0.61349
0.5409
0.49051
0.45633
0.41413
0.33457
0.1993
0.012117
-0.20036
-0.39899
-0.54868
-0.63313
-0.66089
-0.65955
-0.66094
-0.6845
-0.72691
-0.76309
-0.75831
-0.68548
-0.53944
-0.34103
-0.12892
0.056981
0.19284
0.28031
0.34373
0.41618
0.52135
0.65987
0.807
0.92292
0.9709
0.93445
0.82534
0.67838
0.53527
0.42539
0.35267
0.29496
0.21638
0.086634
-0.10197
-0.3283
-0.55012
-0.72223
-0.81645
-0.83381
-0.80292
-0.76531
-0.75454
-0.77941
-0.81929
-0.83412
-0.7843
-0.651
-0.44687
-0.21195
0.0037059
0.16222
0.25448
0.30286
0.34877
0.43089
0.56454
0.73243
0.89124
0.99132
1
0.91731
0.77634
0.62791
0.51677
0.4606
0.44226
0.41895
0.34422
0.19213
-0.028068
-0.27412
-0.48899
-0.62663
-0.67289
-0.65137
-0.61135
-0.60321
-0.65326
-0.75017
-0.84967
-0.89562
-0.84742
-0.70054
-0.49009
-0.27551
-0.11331
-0.030999
-0.014823
-0.017257
0.018926
0.13158
0.3191
0.53925
0.72779
0.82824
0.81848
0.72145
0.59434
0.50129
0.48254
0.53482
0.61275
0.65078
0.59543
0.43238
0.19514
-0.049157
-0.23044
-0.30823
-0.29052
-0.22946
-0.19585
-0.24418
-0.38515
-0.57906
-0.75351
-0.83746
-0.79532
-0.64473
-0.4491
-0.28812
-0.22006
-0.25391
-0.3449
-0.41603
-0.39555
-0.25263
-0.013949
0.24714
0.44415
0.51797
0.46496
0.33891
0.2255
0.20105
0.29519
0.47548
0.66175
0.7638
0.72475
0.54927
0.30282
0.081795
-0.03164
-0.0086459
0.1122
0.24297
0.28849
0.19269
-0.032985
-0.31309
-0.5425
-0.63566
-0.56746
-0.3859
-0.1901
-0.083526
-0.12432
-0.29662
-0.51683
-0.67259
-0.67626
-0.50768
-0.2255
0.05889
0.23308
0.23678
0.09094
-0.11132
-0.24847
-0.22866
-0.034643
0.26608
0.55145
0.70163
0.65586
0.44228
0.16597
-0.039691
-0.076055
0.073335
0.33355
0.57246
0.66285
0.54328
0.24894
-0.10291
-0.36662
-0.43635
-0.29648
-0.030202
0.21859
0.31288
0.18794
-0.11635
-0.4722
-0.72264
-0.75505
-0.55513
-0.21533
0.10699
0.26266
0.18119
-0.094794
-0.4279
-0.64949
-0.63893
-0.38164
0.021892
0.4011
0.59411
0.52366
0.23451
-0.12595
-0.37556
-0.38273
-0.12926
0.27908
0.66003
0.83903
0.73105
0.38188
-0.051242
-0.37145
-0.43359
-0.21275
0.18253
0.55921
0.72888
0.59614
0.20465
-0.28082
-0.64928
-0.74078
-0.52137
-0.10038
0.31875
0.53199
0.42967
0.048813
-0.44206
-0.81939
-0.9075
-0.66066
-0.18586
0.30475
0.59066
0.54472
0.19279
-0.29672
-0.68921
-0.79164
-0.54223
-0.040532
0.49657
0.83325
0.8228
0.47574
-0.043778
-0.49209
-0.65725
-0.45658
0.024326
0.56941
0.93
0.9383
0.58471
0.023387
-0.49692
-0.74556
-0.61503
-0.17049
0.37917
0.77572
0.8289
0.5033
-0.064742
-0.62805
-0.94003
-0.8661
-0.44473
0.1296
0.59399
0.73565
0.48791
-0.039496
-0.60974
-0.96528
-0.94361
-0.55023
0.043863
0.57882
0.82223
0.67278
0.20511
-0.36418
-0.77367
-0.83383
-0.51119
0.057293
0.62574
0.94876
0.89004
0.48181
-0.090542
-0.57146
-0.74843
-0.54517
-0.054067
0.50599
0.88679
0.9199
0.58954
0.037937
-0.49838
-0.7926
-0.72601
-0.338
0.19324
0.62991
0.77834
0.57205
0.098559
-0.44055
-0.81788
-0.87802
-0.60272
-0.11624
0.37019
0.64977
0.60782
0.26861
-0.21766
-0.64069
-0.81992
-0.67983
-0.27954
0.21457
0.60035
0.72473
0.54609
0.14911
-0.29299
-0.59183
-0.6218
-0.37043
0.058621
0.49015
0.75017
0.73659
0.45944
0.03481
-0.3638
-0.57637
-0.52063
-0.22409
0.18843
0.54604
0.70076
0.58669
0.2459
-0.18894
-0.54782
-0.69132
-0.56618
-0.22651
0.18773
0.50652
0.59769
0.42013
0.041039
-0.39012
-0.70077
-0.76436
-0.5518
-0.14455
0.29682
0.59625
0.63319
0.39224
-0.029024
-0.45787
-0.71555
-0.69001
-0.38283
0.08945
0.54093
0.7911
0.73868
0.40428
-0.076272
-0.50587
-0.70614
-0.59091
-0.20275
0.30282
0.71985
0.87586
0.70304
0.26703
-0.25881
-0.66355
-0.78477
-0.57531
-0.12297
0.38493
0.73788
0.78815
0.5111
0.015278
-0.50191
-0.83451
-0.85155
-0.54966
-0.053607
0.43498
0.71955
0.68762
0.35506
-0.14177
-0.60205
-0.84153
-0.76564
-0.40564
0.095809
0.54286
0.76454
0.68128
0.33412
-0.13391
-0.53574
-0.71384
-0.60045
-0.24162
0.22307
0.61614
0.79065
0.68521
0.34518
-0.096981
-0.47343
-0.64454
-0.55038
-0.23137
0.18866
0.54976
0.7155
0.62296
0.30502
-0.12255
-0.50421
-0.70178
-0.64504
-0.35735
0.052763
0.43128
0.63512
0.58506
0.29571
-0.12869
-0.53177
-0.76245
-0.73141
-0.44567
-0.0077092
0.42125
0.68089
0.67246
0.39732
-0.041625
-0.47728
-0.74087
-0.7265
-0.4327
0.035183
0.50372
0.79687
0.80341
0.52032
0.054981
-0.4151
-0.70989
-0.71585
-0.42969
0.040128
0.51478
0.81339
0.82205
0.5368
0.06455
-0.41828
-0.73307
-0.76628
-0.51126
-0.069122
0.39089
0.69566
0.73257
0.48996
0.059208
-0.40108
-0.7246
-0.79798
-0.60036
-0.20849
0.23347
0.56717
0.6766
0.52797
0.17941
-0.24171
-0.5848
-0.72884
-0.6237
-0.3061
0.11424
0.49315
0.70168
0.67007
0.4114
0.017036
-0.37455
-0.62512
-0.64442
-0.42198
-0.031939
0.3914
0.69946
0.78134
0.60374
0.22449
-0.22596
-0.58951
-0.73632
-0.61216
-0.2594
0.1963
0.59002
0.7767
0.6842
0.34059
-0.13478
-0.57364
-0.81962
-0.78508
-0.48321
-0.023407
0.42848
0.71026
0.72196
0.46131
0.023633
-0.43351
-0.7474
-0.80809
-0.59637
-0.18867
0.27188
0.62693
0.75824
0.62733
0.28634
-0.14239
-0.50998
-0.69191
-0.62907
-0.34544
0.062062
0.45743
0.71095
0.74121
0.5406
0.17654
-0.23117
-0.54938
-0.67452
-0.56598
-0.25949
0.14392
0.51009
0.71513
0.68647
0.42792
0.020199
-0.40422
-0.70434
-0.77809
-0.598
-0.2224
0.2226
0.5849
0.73847
0.62739
0.28649
-0.16941
-0.58436
-0.81508
-0.78082
-0.49163
-0.045041
0.40778
0.71444
0.7737
0.56962
0.17585
-0.27097
-0.61872
-0.75139
-0.62713
-0.29024
0.14589
0.53808
0.76094
0.74689
0.50587
0.11967
-0.28632
-0.58375
-0.68137
-0.55223
-0.24044
0.15384
0.50584
0.70451
0.68625
0.45434
0.078218
-0.32719
-0.63632
-0.75176
-0.63533
-0.32153
0.091512
0.47176
0.69489
0.68486
0.44013
0.036129
-0.39766
-0.71931
-0.82135
-0.66705
-0.3038
0.15175
0.55195
0.76715
0.72881
0.45202
0.029994
-0.39751
-0.6907
-0.75547
-0.57306
-0.20438
0.23158
0.59736
0.78094
0.72995
0.46583
0.074558
-0.32185
-0.60344
-0.68802
-0.55428
-0.24625
0.14125
0.49118
0.69847
0.7003
0.49413
0.13863
-0.26276
-0.59158
-0.74894
-0.68558
-0.41797
-0.02529
0.37297
0.65276
0.72402
0.5601
0.20794
-0.22488
-0.60311
-0.80655
-0.76883
-0.49945
-0.081291
0.35556
0.67546
0.78051
0.64126
0.30513
-0.11992
-0.50048
-0.7198
-0.71328
-0.48655
-0.1113
0.29853
0.62217
0.76753
0.69675
0.43488
0.060565
-0.31774
-0.59271
-0.68772
-0.57738
-0.29398
0.081439
0.44126
0.68085
0.72803
0.56438
0.23214
-0.17608
-0.54269
-0.75919
-0.759
-0.53893
-0.16218
0.25923
0.59776
0.74948
0.66664
0.37315
-0.042381
-0.45394
-0.73709
-0.80726
-0.645
-0.30074
0.12204
0.49924
0.72347
0.73496
0.53695
0.19216
-0.19745
-0.52086
-0.68881
-0.65717
-0.43714
-0.090474
0.28795
0.59555
0.74886
0.70537
0.475
0.1184
-0.26824
-0.57826
-0.72369
-0.66063
-0.40335
-0.022502
0.37344
0.66871
0.77432
0.65536
0.34265
-0.075267
-0.47798
-0.74909
-0.81102
-0.64794
-0.30971
0.1039
0.4736
0.69567
0.71126
0.52135
0.184
-0.2042
-0.53614
-0.72334
-0.7184
-0.52546
-0.19717
0.18017
0.509
0.70492
0.71758
0.54333
0.22684
-0.14928
-0.48471
-0.68734
-0.69835
-0.50969
-0.16855
0.23371
0.58573
0.78748
0.77944
0.56083
0.19097
-0.22732
-0.57738
-0.76249
-0.73363
-0.50275
-0.13801
0.25702
0.57347
0.72725
0.68084
0.451
0.10178
-0.27438
-0.58131
-0.74309
-0.72161
-0.52448
-0.20203
0.16522
0.48566
0.67842
0.69316
0.52343
0.20995
-0.16781
-0.51071
-0.72545
-0.75021
-0.573
-0.2369
0.17015
0.539
0.76963
0.79958
0.62171
0.286
-0.1151
-0.4731
-0.69378
-0.72231
-0.55635
-0.24432
0.12968
0.46916
0.68991
0.7398
0.60958
0.33303
-0.022374
-0.37171
-0.63193
-0.74066
-0.6706
-0.43677
-0.094429
0.2726
0.57144
0.72331
0.68483
0.46114
0.10674
-0.28741
-0.61764
-0.79573
-0.77346
-0.55612
-0.20105
0.19853
0.53942
0.73624
0.74336
0.56505
0.2519
-0.11434
-0.44254
-0.65451
-0.70243
-0.57803
-0.31255
0.031551
0.37477
0.63777
0.75851
0.70629
0.4897
0.15648
-0.2158
-0.53704
-0.72648
-0.73387
-0.55406
-0.23022
0.15596
0.5052
0.72692
0.76369
0.60643
0.29628
-0.087311
-0.4484
-0.69967
-0.78395
-0.68658
-0.43635
-0.096051
0.25395
0.53444
0.68426
0.67219
0.50244
0.21322
-0.13103
-0.4525
-0.67626
-0.74698
-0.64274
-0.3823
-0.023014
0.35111
0.64936
0.79732
0.75685
0.5369
0.19201
-0.19182
-0.51963
-0.71221
-0.72578
-0.56174
-0.26411
0.093364
0.42647
0.6604
0.74566
0.66692
0.44407
0.12635
-0.21832
-0.5169
-0.70542
-0.74182
-0.6154
-0.35081
-0.0047571
0.34477
0.6156
0.7411
0.68755
0.46427
0.12276
-0.25535
-0.57879
-0.76995
-0.78439
-0.62127
-0.32204
0.041488
0.38583
0.63583
0.74087
0.68398
0.48283
0.18377
-0.14883
-0.44547
-0.6444
-0.70301
-0.60626
-0.37079
-0.043408
0.30681
0.60219
0.77378
0.77833
0.61031
0.30515
-0.068035
-0.42292
-0.67738
-0.77394
-0.69357
-0.45919
-0.12844
0.22168
0.51364
0.68651
0.70769
0.57722
0.32529
0.00446
-0.32096
-0.58655
-0.73898
-0.74569
-0.60174
-0.33253
0.0090972
0.35203
0.62132
0.75527
0.72094
0.52361
0.20696
-0.15669
-0.48381
-0.70018
-0.75855
-0.64908
-0.39979
-0.067989
0.27439
0.55721
0.72616
0.75183
0.63307
0.39523
0.084578
-0.23971
-0.51532
-0.68732
-0.71866
-0.59872
-0.34779
-0.015388
0.32848
0.60808
0.7595
0.74653
0.57018
0.26896
-0.090487
-0.42969
-0.67704
-0.7837
-0.73298
-0.5414
-0.25243
0.074502
0.37635
0.59772
0.69933
0.66346
0.49627
0.2274
-0.09382
-0.40562
-0.64452
-0.75813
-0.71751
-0.52558
-0.21876
0.13969
0.47359
0.71158
0.80395
0.73388
0.52028
0.21169
-0.1262
-0.42575
-0.63114
-0.70782
-0.64652
-0.4624
-0.19073
0.11936
0.41227
0.63402
0.74089
0.70787
0.5352
0.25105
-0.091696
-0.42486
-0.67931
-0.80086
-0.76342
-0.57548
-0.27811
0.065199
0.38366
0.61507
0.71821
0.67933
0.51188
0.25121
-0.053673
-0.34885
-0.58353
-0.7168
-0.72335
-0.59799
-0.35822
-0.04365
0.28901
0.57569
0.75796
0.7965
0.68118
0.43459
0.10756
-0.23252
-0.51718
-0.692
-0.72744
-0.62287
-0.40391
-0.1148
0.19143
0.46227
0.65323
0.7331
0.68748
0.52102
0.25805
-0.059106
-0.37532
-0.63163
-0.7768
-0.77913
-0.63499
-0.37128
-0.040399
0.2913
0.55848
0.71117
0.72454
0.60212
0.37233
0.080431
-0.22135
-0.48289
-0.66298
-0.7337
-0.68306
-0.51655
-0.25763
0.053733
0.36546
0.62133
0.77163
0.78438
0.65379
0.4033
0.081377
-0.24891
-0.52401
-0.69364
-0.73057
-0.63421
-0.42794
-0.152
0.14546
0.41656
0.6199
0.72478
0.71397
0.58604
0.3569
0.059836
-0.25749
-0.53975
-0.73412
-0.80165
-0.72692
-0.52277
-0.22829
0.099794
0.39974
0.6181
0.71998
0.69385
0.55085
0.31971
0.039899
-0.24508
-0.49297
-0.66686
-0.7388
-0.69363
-0.53274
-0.27664
0.035672
0.35158
0.61412
0.77382
0.79995
0.68788
0.46017
0.16108
-0.15384
-0.42982
-0.62323
-0.70789
-0.67671
-0.53966
-0.3199
-0.049896
0.23205
0.48494
0.66913
0.75176
0.71326
0.55327
0.29365
-0.023314
-0.34212
-0.60533
-0.76597
-0.7975
-0.69864
-0.49187
-0.21674
0.079481
0.35095
0.55984
0.67978
0.6968
0.60925
0.4277
0.1751
-0.1138
-0.39521
-0.62203
-0.75239
-0.75897
-0.63639
-0.40391
-0.1022
0.21532
0.49407
0.68948
0.77461
0.74286
0.60587
0.38856
0.12351
-0.15354
-0.40677
-0.60249
-0.71191
-0.71508
-0.60569
-0.39512
-0.11352
0.19353
0.47298
0.67516
0.76459
0.72746
0.5736
0.33278
0.046899
-0.23924
-0.4856
-0.66164
-0.74781
-0.73526
-0.62522
-0.42919
-0.16956
0.12041
0.39905
0.62186
0.74982
0.75832
0.64376
0.42548
0.14206
-0.15727
-0.42322
-0.61601
-0.71138
-0.70197
-0.59505
-0.40846
-0.16675
0.10118
0.36334
0.58599
0.7365
0.78826
0.72689
0.5556
0.29743
-0.007412
-0.30897
-0.55792
-0.71578
-0.76213
-0.69669
-0.5366
-0.31045
-0.051654
0.2067
0.43458
0.60586
0.69897
0.69848
0.59837
0.40573
0.14314
-0.15236
-0.43455
-0.65687
-0.78232
-0.79149
-0.68609
-0.4872
-0.22902
0.049258
0.31075
0.52547
0.67178
0.73576
0.71038
0.59591
0.40162
0.1479
-0.13339
-0.40177
-0.61457
-0.7357
-0.74398
-0.63836
-0.43809
-0.17772
0.10106
0.35821
0.56182
0.69099
0.73542
0.69322
0.56904
0.37374
0.12549
-0.14906
-0.41545
-0.6353
-0.77312
-0.80434
-0.72187
-0.5387
-0.28526
-0.0025045
0.26717
0.48806
0.63607
0.69965
0.6776
0.57601
0.40596
0.18337
-0.070024
-0.32579
-0.55026
-0.70901
-0.77381
-0.72987
-0.58073
-0.34864
-0.070022
0.21269
0.45996
0.64211
0.74242
0.75628
0.68796
0.54724
0.34762
0.10668
-0.15255
-0.40103
-0.60588
-0.73546
-0.7665
-0.69068
-0.51807
-0.27581
-0.0022097
0.26182
0.48105
0.63139
0.70129
0.68965
0.60222
0.44865
0.2418
-0.001113
-0.25672
-0.4954
-0.68417
-0.79266
-0.80043
-0.70291
-0.51374
-0.26204
0.01423
0.2768
0.49433
0.64637
0.72333
0.72375
0.65096
0.51128
0.31466
0.076835
-0.17863
-0.42084
-0.61544
-0.73147
-0.74888
-0.66404
-0.49098
-0.25782
0.00023835
0.24889
0.46064
0.61726
0.70872
0.73027
0.68007
0.55888
0.3723
0.13396
-0.13242
-0.39421
-0.61484
-0.76143
-0.81248
-0.76284
-0.6242
-0.42092
-0.18319
0.059857
0.28453
0.47351
0.61403
0.69533
0.70756
0.64342
0.50207
0.29327
0.039393
-0.22642
-0.46621
-0.64534
-0.74014
-0.74229
-0.65857
-0.50661
-0.30873
-0.086661
0.14105
0.35833
0.54924
0.69599
0.77953
0.78314
0.69799
0.52817
0.29265
0.02285
-0.24385
-0.47238
-0.63713
-0.72545
-0.73691
-0.6792
-0.56325
-0.39995
-0.19986
0.024469
0.2555
0.4695
0.63866
0.73655
0.74513
0.66041
0.49446
0.27259
0.026953
-0.21121
-0.4175
-0.57671
-0.68135
-0.72798
-0.71391
-0.63629
-0.49438
-0.29366
-0.049508
0.21209
0.45787
0.65414
0.77463
0.80644
0.75189
0.62577
0.44943
0.2445
0.028819
-0.18404
-0.38237
-0.55291
-0.67918
-0.74302
-0.72931
-0.63192
-0.45819
-0.22952
0.022632
0.264
0.46534
0.60789
0.68463
0.69756
0.6528
0.55634
0.41256
0.22618
0.0061795
-0.23071
-0.4595
-0.6504
-0.77552
-0.81618
-0.76797
-0.64136
-0.45783
-0.2431
-0.020549
0.19268
0.38562
0.55026
0.67764
0.7557
0.77069
0.71183
0.57699
0.37683
0.13483
-0.11712
-0.34623
-0.52644
-0.64323
-0.69403
-0.68459
-0.62353
-0.51786
-0.37183
-0.18925
0.022066
0.24662
0.46068
0.63593
0.74626
0.77499
0.71958
0.59172
0.41296
0.20774
-0.0029964
-0.20507
-0.39025
-0.55235
-0.68289
-0.76909
-0.79558
-0.74961
-0.62719
-0.43734
-0.20206
0.048279
0.28251
0.47609
0.61549
0.69801
0.72768
0.70978
0.64671
0.53763
0.38169
0.18323
-0.044055
-0.27663
-0.48504
-0.6411
-0.72539
-0.73197
-0.66838
-0.55121
-0.3993
-0.22793
-0.046378
0.14032
0.32674
0.50251
0.65052
0.74948
0.77994
0.73123
0.60626
0.42171
0.20345
-0.020903
-0.22912
-0.40819
-0.55364
-0.66508
-0.74081
-0.77447
-0.75569
-0.67467
-0.52844
-0.32569
-0.087523
0.15674
0.37697
0.55004
0.66456
0.72092
0.72686
0.6912
0.61881
0.50942
0.36067
0.17377
-0.041414
-0.26472
-0.46881
-0.62616
-0.71683
-0.73385
-0.68386
-0.58281
-0.44897
-0.29651
-0.13262
0.040831
0.22215
0.40425
0.57183
0.70312
0.77586
0.77485
0.69775
0.55636
0.37277
0.17198
-0.025521
-0.20813
-0.37259
-0.5194
-0.64669
-0.74605
-0.80275
-0.80041
-0.72816
-0.58679
-0.39087
-0.16557
0.060573
0.26377
0.43049
0.55811
0.65074
0.71272
0.74315
0.73441
0.67553
0.55875
0.38605
0.17221
-0.057334
-0.27324
-0.45067
-0.5758
-0.64748
-0.67379
-0.66517
-0.62789
-0.56091
-0.45789
-0.31301
-0.12787
0.084427
0.30016
0.49091
0.63203
0.70988
0.72464
0.68763
0.61449
0.51768
0.4019
0.26458
0.10103
-0.088592
-0.29399
-0.49431
-0.66297
-0.77586
-0.81925
-0.79373
-0.71253
-0.59498
-0.45841
-0.3122
-0.1568
0.012048
0.19621
0.38894
0.57297
0.72404
0.81867
0.84252
0.79551
0.69132
0.55145
0.3968
0.24045
0.085327
-0.072729
-0.23794
-0.40751
-0.56821
-0.69853
-0.77572
-0.78449
-0.72326
-0.60501
-0.45221
-0.28833
-0.12965
0.01858
0.16024
0.30171
0.44409
0.57834
0.68591
0.74486
0.73872
0.66377
0.53136
0.36403
0.18712
0.019909
-0.12974
-0.26482
-0.39318
-0.5193
-0.63802
-0.73365
-0.78497
-0.77395
-0.69405
-0.55405
-0.37551
-0.18495
-0.0043683
0.15549
0.29604
0.4258
0.55189
0.67263
0.77495
0.83816
0.84229
0.77724
0.64818
0.4745
0.2829
0.097523
-0.068036
-0.21324
-0.34664
-0.47753
-0.60745
-0.72601
-0.81311
-0.84679
-0.81293
-0.71218
-0.5607
-0.38428
-0.20849
-0.049549
0.089857
0.21795
0.34588
0.47844
0.60823
0.71624
0.77887
0.77796
0.70919
0.58469
0.42849
0.26698
0.11884
-0.010849
-0.1295
-0.24974
-0.37956
-0.51488
-0.63839
-0.72536
-0.75384
-0.71431
-0.61422
-0.47508
-0.32354
-0.18058
-0.054039
0.062121
0.18145
0.31485
0.46174
0.60695
0.72513
0.7907
0.78863
0.7209
0.60553
0.46854
0.33279
0.20882
0.092396
-0.030547
-0.17368
-0.34012
-0.51742
-0.6802
-0.79955
-0.85465
-0.84119
-0.77247
-0.67267
-0.56553
-0.46392
-0.36522
-0.25486
-0.11615
0.058477
0.26033
0.46519
0.64172
0.76363
0.81992
0.81822
0.77973
0.72815
0.67802
0.62809
0.56306
0.46264
0.31379
0.1198
-0.098137
-0.30797
-0.47911
-0.59428
-0.65529
-0.67984
-0.69117
-0.70535
-0.72266
-0.72719
-0.69492
-0.60644
-0.45808
-0.26591
-0.060592
0.12473
0.26762
0.3645
0.42974
0.48623
0.55212
0.63005
0.70445
0.74813
0.73519
0.65397
0.51376
0.34179
0.17201
0.030785
-0.073567
-0.15238
-0.22867
-0.32341
-0.44293
-0.57351
-0.68609
-0.74888
-0.7419
-0.6664
-0.54458
-0.40957
-0.29054
-0.19996
-0.12927
-0.055014
0.047506
0.18976
0.3618
0.53453
0.67146
0.74451
0.74617
0.6922
0.61349
0.5409
0.49051
0.45633
0.41413
0.33457
0.1993
0.012117
-0.20036
-0.39899
-0.54868
-0.63313
-0.66089
-0.65955
-0.66094
-0.6845
-0.72691
-0.76309
-0.75831
-0.68548
-0.53944
-0.34103
-0.12892
0.056981
0.19284
0.28031
0.34373
0.41618
0.52135
0.65987
0.807
0.92292
0.9709
0.93445
0.82534
0.67838
0.53527
0.42539
0.35267
0.29496
0.21638
0.086634
-0.10197
-0.3283
-0.55012
-0.72223
-0.81645
-0.83381
-0.80292
-0.76531
-0.75454
-0.77941
-0.81929
-0.83412
-0.7843
-0.651
-0.44687
-0.21195
0.0037059
0.16222
0.25448
0.30286
0.34877
0.43089
0.56454
0.73243
0.89124
0.99132
1
0.91731
0.77634
0.62791
0.51677
0.4606
0.44226
0.41895
0.34422
0.19213
-0.028068
-0.27412
-0.48899
-0.62663
-0.67289
-0.65137
-0.61135
-0.60321
-0.65326
-0.75017
-0.84967
-0.89562
-0.84742
-0.70054
-0.49009
-0.27551
-0.11331
-0.030999
-0.014823
-0.017257
0.018926
0.13158
0.3191
0.53925
0.72779
0.82824
0.81848
0.72145
0.59434
0.50129
0.48254
0.53482
0.61275
0.65078
0.59543
0.43238
0.19514
-0.049157
-0.23044
-0.30823
-0.29052
-0.22946
-0.19585
-0.24418
-0.38515
-0.57906
-0.75351
-0.83746
-0.79532
-0.64473
-0.4491
-0.28812
-0.22006
-0.25391
-0.3449
-0.41603
-0.39555
-0.25263
-0.013949
0.24714
0.44415
0.51797
0.46496
0.33891
0.2255
0.20105
0.29519
0.47548
0.66175
0.7638
0.72475
0.54927
0.30282
0.081795
-0.03164
-0.0086459
0.1122
0.24297
0.28849
0.19269
-0.032985
-0.31309
-0.5425
-0.63566
-0.56746
-0.3859
-0.1901
-0.083526
-0.12432
-0.29662
-0.51683
-0.67259
-0.67626
-0.50768
-0.2255
0.05889
0.23308
0.23678
0.09094
-0.11132
-0.24847
-0.22866
-0.034643
0.26608
0.55145
0.70163
0.65586
0.44228
0.16597
-0.039691
-0.076055
0.073335
0.33355
0.57246
0.66285
0
0
0
0
0
0
0
0
0
0
0
0
0
0
0
0
0
0
0
0
0
0
0
0
0
0
0
0
0
0
0
0
0
0
0
0
0
0
0
0
0
0
0
0
0
0
0
0
0
0
0
0
0
0
0
0
0
0
0
0
0
0
0
0
0
0
0
0
0
0
0
0
0
0
0
0
0
0
0
0
0
0
0
0
0
0
0
0
0
0
0
0
0
0
0
0
0
0
0
0
0
0
0
0
0
0
0
0
0
0
0
0
0
0
0
0
0
0
0
0
0
0
0
0
0
0
0
0
0
0
0
0
0
0
0
0
0
0
0
0
0
0
0
0
0
0
0
0
0
0
0
0
0
0
0
0
0
0
0
0
0
0
0
0
0
0
0
0
0
0
0
0
0
0
0
0
0
0
0
0
0
0
0
0
0
0
0
0
0
0
0
0
0
0
0
0
0
0
0
0
0
0
0
0
0
0
0
0
0
0
0
0
0
0
0
0
0
0
0
0
0
0
0
0
0
0
0
0
0
0
0
0
0
0
0
0
0
0
0
0
0
0
0
0
0
0
0
0
0
0
0
0
0
0
0
0
0
0
0
0
0
0
0
0
0
0
0
0
0
0
-0.84119
-0.77247
-0.67267
-0.56553
-0.46392
-0.36522
-0.25486
-0.11615
0.058477
0.26033
0.46519
0.64172
0.76363
0.81992
0.81822
0.77973
0.72815
0.67802
0.62809
0.56306
0.46264
0.31379
0.1198
-0.098137
-0.30797
-0.47911
-0.59428
-0.65529
-0.67984
-0.69117
-0.70535
-0.72266
-0.72719
-0.69492
-0.60644
-0.45808
-0.26591
-0.060592
0.12473
0.26762
0.3645
0.42974
0.48623
0.55212
0.63005
0.70445
0.74813
0.73519
0.65397
0.51376
0.34179
0.17201
0.030785
-0.073567
-0.15238
-0.22867
-0.32341
-0.44293
-0.57351
-0.68609
-0.74888
-0.7419
-0.6664
-0.54458
-0.40957
-0.29054
-0.19996
-0.12927
-0.055014
0.047506
0.18976
0.3618
0.53453
0.67146
0.74451
0.74617
0.6922
0.61349
0.5409
0.49051
0.45633
0.41413
0.33457
0.1993
0.012117
-0.20036
-0.39899
-0.54868
-0.63313
-0.66089
-0.65955
-0.66094
-0.6845
-0.72691
-0.76309
-0.75831
-0.68548
-0.53944
-0.34103
-0.12892
0.056981
0.19284
0.28031
0.34373
0.41618
0.52135
0.65987
0.807
0.92292
0.9709
0.93445
0.82534
0.67838
0.53527
0.42539
0.35267
0.29496
0.21638
0.086634
-0.10197
-0.3283
-0.55012
-0.72223
-0.81645
-0.83381
-0.80292
-0.76531
-0.75454
-0.77941
-0.81929
-0.83412
-0.7843
-0.651
-0.44687
-0.21195
0.0037059
0.16222
0.25448
0.30286
0.34877
0.43089
0.56454
0.73243
0.89124
0.99132
1
0.91731
0.77634
0.62791
0.51677
0.4606
0.44226
0.41895
0.34422
0.19213
-0.028068
-0.27412
-0.48899
-0.62663
-0.67289
-0.65137
-0.61135
-0.60321
-0.65326
-0.75017
-0.84967
-0.89562
-0.84742
-0.70054
-0.49009
-0.27551
-0.11331
-0.030999
-0.014823
-0.017257
0.018926
0.13158
0.3191
0.53925
0.72779
0.82824
0.81848
0.72145
0.59434
0.50129
0.48254
0.53482
0.61275
0.65078
0.59543
0.43238
0.19514
-0.049157
-0.23044
-0.30823
-0.29052
-0.22946
-0.19585
-0.24418
-0.38515
-0.57906
-0.75351
-0.83746
-0.79532
-0.64473
-0.4491
-0.28812
-0.22006
-0.25391
-0.3449
-0.41603
-0.39555
-0.25263
-0.013949
0.24714
0.44415
0.51797
0.46496
0.33891
0.2255
0.20105
0.29519
0.47548
0.66175
0.7638
0.72475
0.54927
0.30282
0.081795
-0.03164
-0.0086459
0.1122
0.24297
0.28849
0.19269
-0.032985
-0.31309
-0.5425
-0.63566
-0.56746
-0.3859
-0.1901
-0.083526
-0.12432
-0.29662
-0.51683
-0.67259
-0.67626
-0.50768
-0.2255
0.05889
0.23308
0.23678
0.09094
-0.11132
-0.24847
-0.22866
-0.034643
0.26608
0.55145
0.70163
0.65586
0.44228
0.16597
-0.039691
-0.076055
0.073335
0.33355
0.57246
0.66285
0.54328
0.24894
-0.10291
-0.36662
-0.43635
-0.29648
-0.030202
0.21859
0.31288
0.18794
-0.11635
-0.4722
-0.72264
-0.75505
-0.55513
-0.21533
0.10699
0.26266
0.18119
-0.094794
-0.4279
-0.64949
-0.63893
-0.38164
0.021892
0.4011
0.59411
0.52366
0.23451
-0.12595
-0.37556
-0.38273
-0.12926
0.27908
0.66003
0.83903
0.73105
0.38188
-0.051242
-0.37145
-0.43359
-0.21275
0.18253
0.55921
0.72888
0.59614
0.20465
-0.28082
-0.64928
-0.74078
-0.52137
-0.10038
0.31875
0.53199
0.42967
0.048813
-0.44206
-0.81939
-0.9075
-0.66066
-0.18586
0.30475
0.59066
0.54472
0.19279
-0.29672
-0.68921
-0.79164
-0.54223
-0.040532
0.49657
0.83325
0.8228
0.47574
-0.043778
-0.49209
-0.65725
-0.45658
0.024326
0.56941
0.93
0.9383
0.58471
0.023387
-0.49692
-0.74556
-0.61503
-0.17049
0.37917
0.77572
0.8289
0.5033
-0.064742
-0.62805
-0.94003
-0.8661
-0.44473
0.1296
0.59399
0.73565
0.48791
-0.039496
-0.60974
-0.96528
-0.94361
-0.55023
0.043863
0.57882
0.82223
0.67278
0.20511
-0.36418
-0.77367
-0.83383
-0.51119
0.057293
0.62574
0.94876
0.89004
0.48181
-0.090542
-0.57146
-0.74843
-0.54517
-0.054067
0.50599
0.88679
0.9199
0.58954
0.037937
-0.49838
-0.7926
-0.72601
-0.338
0.19324
0.62991
0.77834
0.57205
0.098559
-0.44055
-0.81788
-0.87802
-0.60272
-0.11624
0.37019
0.64977
0.60782
0.26861
-0.21766
-0.64069
-0.81992
-0.67983
-0.27954
0.21457
0.60035
0.72473
0.54609
0.14911
-0.29299
-0.59183
-0.6218
-0.37043
0.058621
0.49015
0.75017
0.73659
0.45944
0.03481
-0.3638
-0.57637
-0.52063
-0.22409
0.18843
0.54604
0.70076
0.58669
0.2459
-0.18894
-0.54782
-0.69132
-0.56618
-0.22651
0.18773
0.50652
0.59769
0.42013
0.041039
-0.39012
-0.70077
-0.76436
-0.5518
-0.14455
0.29682
0.59625
0.63319
0.39224
-0.029024
-0.45787
-0.71555
-0.69001
-0.38283
0.08945
0.54093
0.7911
0.73868
0.40428
-0.076272
-0.50587
-0.70614
-0.59091
-0.20275
0.30282
0.71985
0.87586
0.70304
0.26703
-0.25881
-0.66355
-0.78477
-0.57531
-0.12297
0.38493
0.73788
0.78815
0.5111
0.015278
-0.50191
-0.83451
-0.85155
-0.54966
-0.053607
0.43498
0.71955
0.68762
0.35506
-0.14177
-0.60205
-0.84153
-0.76564
-0.40564
0.095809
0.54286
0.76454
0.68128
0.33412
-0.13391
-0.53574
-0.71384
-0.60045
-0.24162
0.22307
0.61614
0.79065
0.68521
0.34518
-0.096981
-0.47343
-0.64454
-0.55038
-0.23137
0.18866
0.54976
0.7155
0.62296
0.30502
-0.12255
-0.50421
-0.70178
-0.64504
-0.35735
0.052763
0.43128
0.63512
0.58506
0.29571
-0.12869
-0.53177
-0.76245
-0.73141
-0.44567
-0.0077092
0.42125
0.68089
0.67246
0.39732
-0.041625
-0.47728
-0.74087
-0.7265
-0.4327
0.035183
0.50372
0.79687
0.80341
0.52032
0.054981
-0.4151
-0.70989
-0.71585
-0.42969
0.040128
0.51478
0.81339
0.82205
0.5368
0.06455
-0.41828
-0.73307
-0.76628
-0.51126
-0.069122
0.39089
0.69566
0.73257
0.48996
0.059208
-0.40108
-0.7246
-0.79798
-0.60036
-0.20849
0.23347
0.56717
0.6766
0.52797
0.17941
-0.24171
-0.5848
-0.72884
-0.6237
-0.3061
0.11424
0.49315
0.70168
0.67007
0.4114
0.017036
-0.37455
-0.62512
-0.64442
-0.42198
-0.031939
0.3914
0.69946
0.78134
0.60374
0.22449
-0.22596
-0.58951
-0.73632
-0.61216
-0.2594
0.1963
0.59002
0.7767
0.6842
0.34059
-0.13478
-0.57364
-0.81962
-0.78508
-0.48321
-0.023407
0.42848
0.71026
0.72196
0.46131
0.023633
-0.43351
-0.7474
-0.80809
-0.59637
-0.18867
0.27188
0.62693
0.75824
0.62733
0.28634
-0.14239
-0.50998
-0.69191
-0.62907
-0.34544
0.062062
0.45743
0.71095
0.74121
0.5406
0.17654
-0.23117
-0.54938
-0.67452
-0.56598
-0.25949
0.14392
0.51009
0.71513
0.68647
0.42792
0.020199
-0.40422
-0.70434
-0.77809
-0.598
-0.2224
0.2226
0.5849
0.73847
0.62739
0.28649
-0.16941
-0.58436
-0.81508
-0.78082
-0.49163
-0.045041
0.40778
0.71444
0.7737
0.56962
0.17585
-0.27097
-0.61872
-0.75139
-0.62713
-0.29024
0.14589
0.53808
0.76094
0.74689
0.50587
0.11967
-0.28632
-0.58375
-0.68137
-0.55223
-0.24044
0.15384
0.50584
0.70451
0.68625
0.45434
0.078218
-0.32719
-0.63632
-0.75176
-0.63533
-0.32153
0.091512
0.47176
0.69489
0.68486
0.44013
0.036129
-0.39766
-0.71931
-0.82135
-0.66705
-0.3038
0.15175
0.55195
0.76715
0.72881
0.45202
0.029994
-0.39751
-0.6907
-0.75547
-0.57306
-0.20438
0.23158
0.59736
0.78094
0.72995
0.46583
0.074558
-0.32185
-0.60344
-0.68802
-0.55428
-0.24625
0.14125
0.49118
0.69847
0.7003
0.49413
0.13863
-0.26276
-0.59158
-0.74894
-0.68558
-0.41797
-0.02529
0.37297
0.65276
0.72402
0.5601
0.20794
-0.22488
-0.60311
-0.80655
-0.76883
-0.49945
-0.081291
0.35556
0.67546
0.78051
0.64126
0.30513
-0.11992
-0.50048
-0.7198
-0.71328
-0.48655
-0.1113
0.29853
0.62217
0.76753
0.69675
0.43488
0.060565
-0.31774
-0.59271
-0.68772
-0.57738
-0.29398
0.081439
0.44126
0.68085
0.72803
0.56438
0.23214
-0.17608
-0.54269
-0.75919
-0.759
-0.53893
-0.16218
0.25923
0.59776
0.74948
0.66664
0.37315
-0.042381
-0.45394
-0.73709
-0.80726
-0.645
-0.30074
0.12204
0.49924
0.72347
0.73496
0.53695
0.19216
-0.19745
-0.52086
-0.68881
-0.65717
-0.43714
-0.090474
0.28795
0.59555
0.74886
0.70537
0.475
0.1184
-0.26824
-0.57826
-0.72369
-0.66063
-0.40335
-0.022502
0.37344
0.66871
0.77432
0.65536
0.34265
-0.075267
-0.47798
-0.74909
-0.81102
-0.64794
-0.30971
0.1039
0.4736
0.69567
0.71126
0.52135
0.184
-0.2042
-0.53614
-0.72334
-0.7184
-0.52546
-0.19717
0.18017
0.509
0.70492
0.71758
0.54333
0.22684
-0.14928
-0.48471
-0.68734
-0.69835
-0.50969
-0.16855
0.23371
0.58573
0.78748
0.77944
0.56083
0.19097
-0.22732
-0.57738
-0.76249
-0.73363
-0.50275
-0.13801
0.25702
0.57347
0.72725
0.68084
0.451
0.10178
-0.27438
-0.58131
-0.74309
-0.72161
-0.52448
-0.20203
0.16522
0.48566
0.67842
0.69316
0.52343
0.20995
-0.16781
-0.51071
-0.72545
-0.75021
-0.573
-0.2369
0.17015
0.539
0.76963
0.79958
0.62171
0.286
-0.1151
-0.4731
-0.69378
-0.72231
-0.55635
-0.24432
0.12968
0.46916
0.68991
0.7398
0.60958
0.33303
-0.022374
-0.37171
-0.63193
-0.74066
-0.6706
-0.43677
-0.094429
0.2726
0.57144
0.72331
0.68483
0.46114
0.10674
-0.28741
-0.61764
-0.79573
-0.77346
-0.55612
-0.20105
0.19853
0.53942
0.73624
0.74336
0.56505
0.2519
-0.11434
-0.44254
-0.65451
-0.70243
-0.57803
-0.31255
0.031551
0.37477
0.63777
0.75851
0.70629
0.4897
0.15648
-0.2158
-0.53704
-0.72648
-0.73387
-0.55406
-0.23022
0.15596
0.5052
0.72692
0.76369
0.60643
0.29628
-0.087311
-0.4484
-0.69967
-0.78395
-0.68658
-0.43635
-0.096051
0.25395
0.53444
0.68426
0.67219
0.50244
0.21322
-0.13103
-0.4525
-0.67626
-0.74698
-0.64274
-0.3823
-0.023014
0.35111
0.64936
0.79732
0.75685
0.5369
0.19201
-0.19182
-0.51963
-0.71221
-0.72578
-0.56174
-0.26411
0.093364
0.42647
0.6604
0.74566
0.66692
0.44407
0.12635
-0.21832
-0.5169
-0.70542
-0.74182
-0.6154
-0.35081
-0.0047571
0.34477
0.6156
0.7411
0.68755
0.46427
0.12276
-0.25535
-0.57879
-0.76995
-0.78439
-0.62127
-0.32204
0.041488
0.38583
0.63583
0.74087
0.68398
0.48283
0.18377
-0.14883
-0.44547
-0.6444
-0.70301
-0.60626
-0.37079
-0.043408
0.30681
0.60219
0.77378
0.77833
0.61031
0.30515
-0.068035
-0.42292
-0.67738
-0.77394
-0.69357
-0.45919
-0.12844
0.22168
0.51364
0.68651
0.70769
0.57722
0.32529
0.00446
-0.32096
-0.58655
-0.73898
-0.74569
-0.60174
-0.33253
0.0090972
0.35203
0.62132
0.75527
0.72094
0.52361
0.20696
-0.15669
-0.48381
-0.70018
-0.75855
-0.64908
-0.39979
-0.067989
0.27439
0.55721
0.72616
0.75183
0.63307
0.39523
0.084578
-0.23971
-0.51532
-0.68732
-0.71866
-0.59872
-0.34779
-0.015388
0.32848
0.60808
0.7595
0.74653
0.57018
0.26896
-0.090487
-0.42969
-0.67704
-0.7837
-0.73298
-0.5414
-0.25243
0.074502
0.37635
0.59772
0.69933
0.66346
0.49627
0.2274
-0.09382
-0.40562
-0.64452
-0.75813
-0.71751
-0.52558
-0.21876
0.13969
0.47359
0.71158
0.80395
0.73388
0.52028
0.21169
-0.1262
-0.42575
-0.63114
-0.70782
-0.64652
-0.4624
-0.19073
0.11936
0.41227
0.63402
0.74089
0.70787
0.5352
0.25105
-0.091696
-0.42486
-0.67931
-0.80086
-0.76342
-0.57548
-0.27811
0.065199
0.38366
0.61507
0.71821
0.67933
0.51188
0.25121
-0.053673
-0.34885
-0.58353
-0.7168
-0.72335
-0.59799
-0.35822
-0.04365
0.28901
0.57569
0.75796
0.7965
0.68118
0.43459
0.10756
-0.23252
-0.51718
-0.692
-0.72744
-0.62287
-0.40391
-0.1148
0.19143
0.46227
0.65323
0.7331
0.68748
0.52102
0.25805
-0.059106
-0.37532
-0.63163
-0.7768
-0.77913
-0.63499
-0.37128
-0.040399
0.2913
0.55848
0.71117
0.72454
0.60212
0.37233
0.080431
-0.22135
-0.48289
-0.66298
-0.7337
-0.68306
-0.51655
-0.25763
0.053733
0.36546
0.62133
0.77163
0.78438
0.65379
0.4033
0.081377
-0.24891
-0.52401
-0.69364
-0.73057
-0.63421
-0.42794
-0.152
0.14546
0.41656
0.6199
0.72478
0.71397
0.58604
0.3569
0.059836
-0.25749
-0.53975
-0.73412
-0.80165
-0.72692
-0.52277
-0.22829
0.099794
0.39974
0.6181
0.71998
0.69385
0.55085
0.31971
0.039899
-0.24508
-0.49297
-0.66686
-0.7388
-0.69363
-0.53274
-0.27664
0.035672
0.35158
0.61412
0.77382
0.79995
0.68788
0.46017
0.16108
-0.15384
-0.42982
-0.62323
-0.70789
-0.67671
-0.53966
-0.3199
-0.049896
0.23205
0.48494
0.66913
0.75176
0.71326
0.55327
0.29365
-0.023314
-0.34212
-0.60533
-0.76597
-0.7975
-0.69864
-0.49187
-0.21674
0.079481
0.35095
0.55984
0.67978
0.6968
0.60925
0.4277
0.1751
-0.1138
-0.39521
-0.62203
-0.75239
-0.75897
-0.63639
-0.40391
-0.1022
0.21532
0.49407
0.68948
0.77461
0.74286
0.60587
0.38856
0.12351
-0.15354
-0.40677
-0.60249
-0.71191
-0.71508
-0.60569
-0.39512
-0.11352
0.19353
0.47298
0.67516
0.76459
0.72746
0.5736
0.33278
0.046899
-0.23924
-0.4856
-0.66164
-0.74781
-0.73526
-0.62522
-0.42919
-0.16956
0.12041
0.39905
0.62186
0.74982
0.75832
0.64376
0.42548
0.14206
-0.15727
-0.42322
-0.61601
-0.71138
-0.70197
-0.59505
-0.40846
-0.16675
0.10118
0.36334
0.58599
0.7365
0.78826
0.72689
0.5556
0.29743
-0.007412
-0.30897
-0.55792
-0.71578
-0.76213
-0.69669
-0.5366
-0.31045
-0.051654
0.2067
0.43458
0.60586
0.69897
0.69848
0.59837
0.40573
0.14314
-0.15236
-0.43455
-0.65687
-0.78232
-0.79149
-0.68609
-0.4872
-0.22902
0.049258
0.31075
0.52547
0.67178
0.73576
0.71038
0.59591
0.40162
0.1479
-0.13339
-0.40177
-0.61457
-0.7357
-0.74398
-0.63836
-0.43809
-0.17772
0.10106
0.35821
0.56182
0.69099
0.73542
0.69322
0.56904
0.37374
0.12549
-0.14906
-0.41545
-0.6353
-0.77312
-0.80434
-0.72187
-0.5387
-0.28526
-0.0025045
0.26717
0.48806
0.63607
0.69965
0.6776
0.57601
0.40596
0.18337
-0.070024
-0.32579
-0.55026
-0.70901
-0.77381
-0.72987
-0.58073
-0.34864
-0.070022
0.21269
0.45996
0.64211
0.74242
0.75628
0.68796
0.54724
0.34762
0.10668
-0.15255
-0.40103
-0.60588
-0.73546
-0.7665
-0.69068
-0.51807
-0.27581
-0.0022097
0.26182
0.48105
0.63139
0.70129
0.68965
0.60222
0.44865
0.2418
-0.001113
-0.25672
-0.4954
-0.68417
-0.79266
-0.80043
-0.70291
-0.51374
-0.26204
0.01423
0.2768
0.49433
0.64637
0.72333
0.72375
0.65096
0.51128
0.31466
0.076835
-0.17863
-0.42084
-0.61544
-0.73147
-0.74888
-0.66404
-0.49098
-0.25782
0.00023835
0.24889
0.46064
0.61726
0.70872
0.73027
0.68007
0.55888
0.3723
0.13396
-0.13242
-0.39421
-0.61484
-0.76143
-0.81248
-0.76284
-0.6242
-0.42092
-0.18319
0.059857
0.28453
0.47351
0.61403
0.69533
0.70756
0.64342
0.50207
0.29327
0.039393
-0.22642
-0.46621
-0.64534
-0.74014
-0.74229
-0.65857
-0.50661
-0.30873
-0.086661
0.14105
0.35833
0.54924
0.69599
0.77953
0.78314
0.69799
0.52817
0.29265
0.02285
-0.24385
-0.47238
-0.63713
-0.72545
-0.73691
-0.6792
-0.56325
-0.39995
-0.19986
0.024469
0.2555
0.4695
0.63866
0.73655
0.74513
0.66041
0.49446
0.27259
0.026953
-0.21121
-0.4175
-0.57671
-0.68135
-0.72798
-0.71391
-0.63629
-0.49438
-0.29366
-0.049508
0.21209
0.45787
0.65414
0.77463
0.80644
0.75189
0.62577
0.44943
0.2445
0.028819
-0.18404
-0.38237
-0.55291
-0.67918
-0.74302
-0.72931
-0.63192
-0.45819
-0.22952
0.022632
0.264
0.46534
0.60789
0.68463
0.69756
0.6528
0.55634
0.41256
0.22618
0.0061795
-0.23071
-0.4595
-0.6504
-0.77552
-0.81618
-0.76797
-0.64136
-0.45783
-0.2431
-0.020549
0.19268
0.38562
0.55026
0.67764
0.7557
0.77069
0.71183
0.57699
0.37683
0.13483
-0.11712
-0.34623
-0.52644
-0.64323
-0.69403
-0.68459
-0.62353
-0.51786
-0.37183
-0.18925
0.022066
0.24662
0.46068
0.63593
0.74626
0.77499
0.71958
0.59172
0.41296
0.20774
-0.0029964
-0.20507
-0.39025
-0.55235
-0.68289
-0.76909
-0.79558
-0.74961
-0.62719
-0.43734
-0.20206
0.048279
0.28251
0.47609
0.61549
0.69801
0.72768
0.70978
0.64671
0.53763
0.38169
0.18323
-0.044055
-0.27663
-0.48504
-0.6411
-0.72539
-0.73197
-0.66838
-0.55121
-0.3993
-0.22793
-0.046378
0.14032
0.32674
0.50251
0.65052
0.74948
0.77994
0.73123
0.60626
0.42171
0.20345
-0.020903
-0.22912
-0.40819
-0.55364
-0.66508
-0.74081
-0.77447
-0.75569
-0.67467
-0.52844
-0.32569
-0.087523
0.15674
0.37697
0.55004
0.66456
0.72092
0.72686
0.6912
0.61881
0.50942
0.36067
0.17377
-0.041414
-0.26472
-0.46881
-0.62616
-0.71683
-0.73385
-0.68386
-0.58281
-0.44897
-0.29651
-0.13262
0.040831
0.22215
0.40425
0.57183
0.70312
0.77586
0.77485
0.69775
0.55636
0.37277
0.17198
-0.025521
-0.20813
-0.37259
-0.5194
-0.64669
-0.74605
-0.80275
-0.80041
-0.72816
-0.58679
-0.39087
-0.16557
0.060573
0.26377
0.43049
0.55811
0.65074
0.71272
0.74315
0.73441
0.67553
0.55875
0.38605
0.17221
-0.057334
-0.27324
-0.45067
-0.5758
-0.64748
-0.67379
-0.66517
-0.62789
-0.56091
-0.45789
-0.31301
-0.12787
0.084427
0.30016
0.49091
0.63203
0.70988
0.72464
0.68763
0.61449
0.51768
0.4019
0.26458
0.10103
-0.088592
-0.29399
-0.49431
-0.66297
-0.77586
-0.81925
-0.79373
-0.71253
-0.59498
-0.45841
-0.3122
-0.1568
0.012048
0.19621
0.38894
0.57297
0.72404
0.81867
0.84252
0.79551
0.69132
0.55145
0.3968
0.24045
0.085327
-0.072729
-0.23794
-0.40751
-0.56821
-0.69853
-0.77572
-0.78449
-0.72326
-0.60501
-0.45221
-0.28833
-0.12965
0.01858
0.16024
0.30171
0.44409
0.57834
0.68591
0.74486
0.73872
0.66377
0.53136
0.36403
0.18712
0.019909
-0.12974
-0.26482
-0.39318
-0.5193
-0.63802
-0.73365
-0.78497
-0.77395
-0.69405
-0.55405
-0.37551
-0.18495
-0.0043683
0.15549
0.29604
0.4258
0.55189
0.67263
0.77495
0.83816
0.84229
0.77724
0.64818
0.4745
0.2829
0.097523
-0.068036
-0.21324
-0.34664
-0.47753
-0.60745
-0.72601
-0.81311
-0.84679
-0.81293
-0.71218
-0.5607
-0.38428
-0.20849
-0.049549
0.089857
0.21795
0.34588
0.47844
0.60823
0.71624
0.77887
0.77796
0.70919
0.58469
0.42849
0.26698
0.11884
-0.010849
-0.1295
-0.24974
-0.37956
-0.51488
-0.63839
-0.72536
-0.75384
-0.71431
-0.61422
-0.47508
-0.32354
-0.18058
-0.054039
0.062121
0.18145
0.31485
0.46174
0.60695
0.72513
0.7907
0.78863
0.7209
0.60553
0.46854
0.33279
0.20882
0.092396
-0.030547
-0.17368
-0.34012
-0.51742
-0.6802
-0.79955
-0.85465
-0.84119
-0.77247
-0.67267
-0.56553
-0.46392
-0.36522
-0.25486
-0.11615
0.058477
0.26033
0.46519
0.64172
0.76363
0.81992
0.81822
0.77973
0.72815
0.67802
0.62809
0.56306
0.46264
0.31379
0.1198
-0.098137
-0.30797
-0.47911
-0.59428
-0.65529
-0.67984
-0.69117
-0.70535
-0.72266
-0.72719
-0.69492
-0.60644
-0.45808
-0.26591
-0.060592
0.12473
0.26762
0.3645
0.42974
0.48623
0.55212
0.63005
0.70445
0.74813
0.73519
0.65397
0.51376
0.34179
0.17201
0.030785
-0.073567
-0.15238
-0.22867
-0.32341
-0.44293
-0.57351
-0.68609
-0.74888
-0.7419
-0.6664
-0.54458
-0.40957
-0.29054
-0.19996
-0.12927
-0.055014
0.047506
0.18976
0.3618
0.53453
0.67146
0.74451
0.74617
0.6922
0.61349
0.5409
0.49051
0.45633
0.41413
0.33457
0.1993
0.012117
-0.20036
-0.39899
-0.54868
-0.63313
-0.66089
-0.65955
-0.66094
-0.6845
-0.72691
-0.76309
-0.75831
-0.68548
-0.53944
-0.34103
-0.12892
0.056981
0.19284
0.28031
0.34373
0.41618
0.52135
0.65987
0.807
0.92292
0.9709
0.93445
0.82534
0.67838
0.53527
0.42539
0.35267
0.29496
0.21638
0.086634
-0.10197
-0.3283
-0.55012
-0.72223
-0.81645
-0.83381
-0.80292
-0.76531
-0.75454
-0.77941
-0.81929
-0.83412
-0.7843
-0.651
-0.44687
-0.21195
0.0037059
0.16222
0.25448
0.30286
0.34877
0.43089
0.56454
0.73243
0.89124
0.99132
1
0.91731
0.77634
0.62791
0.51677
0.4606
0.44226
0.41895
0.34422
0.19213
-0.028068
-0.27412
-0.48899
-0.62663
-0.67289
-0.65137
-0.61135
-0.60321
-0.65326
-0.75017
-0.84967
-0.89562
-0.84742
-0.70054
-0.49009
-0.27551
-0.11331
-0.030999
-0.014823
-0.017257
0.018926
0.13158
0.3191
0.53925
0.72779
0.82824
0.81848
0.72145
0.59434
0.50129
0.48254
0.53482
0.61275
0.65078
0.59543
0.43238
0.19514
-0.049157
-0.23044
-0.30823
-0.29052
-0.22946
-0.19585
-0.24418
-0.38515
-0.57906
-0.75351
-0.83746
-0.79532
-0.64473
-0.4491
-0.28812
-0.22006
-0.25391
-0.3449
-0.41603
-0.39555
-0.25263
-0.013949
0.24714
0.44415
0.51797
0.46496
0.33891
0.2255
0.20105
0.29519
0.47548
0.66175
0.7638
0.72475
0.54927
0.30282
0.081795
-0.03164
-0.0086459
0.1122
0.24297
0.28849
0.19269
-0.032985
-0.31309
-0.5425
-0.63566
-0.56746
-0.3859
-0.1901
-0.083526
-0.12432
-0.29662
-0.51683
-0.67259
-0.67626
-0.50768
-0.2255
0.05889
0.23308
0.23678
0.09094
-0.11132
-0.24847
-0.22866
-0.034643
0.26608
0.55145
0.70163
0.65586
0.44228
0.16597
-0.039691
-0.076055
0.073335
0.33355
0.57246
0.66285
0
0
0
0
0
0
0
0
0
0
0
0
0
0
0
0
0
0
0
0
0
0
0
0
0
0
0
0
0
0
0
0
0
0
0
0
0
0
0
0
0
0
0
0
0
0
0
0
0
0
0
0
0
0
0
0
0
0
0
0
0
0
0
0
0
0
0
0
0
0
0
0
0
0
0
0
0
0
0
0
0
0
0
0
0
0
0
0
0
0
0
0
0
0
0
0
0
0
0
0
0
0
0
0
0
0
0
0
0
0
0
0
0
0
0
0
0
0
0
0
0
0
0
0
0
0
0
0
0
0
0
0
0
0
0
0
0
0
0
0
0
0
0
0
0
0
0
0
0
0
0
0
0
0
0
0
0
0
0
0
0
0
0
0
0
0
0
0
0
0
0
0
0
0
0
0
0
0
0
0
0
0
0
0
0
0
0
0
0
0
0
0
0
0
0
0
0
0
0
0
0
0
0
0
0
0
0
0
0
0
0
0
0
0
0
0
0
0
0
0
0
0
0
0
0
0
0
0
0
0
0
0
0
0
0
0
0
0
0
0
0
0
0
0
0
0
0
0
0
0
0
0
0
0
0
0
0
0
0
0
0
0
0
0
0
0
0
0
0
0
0.84119
0.77247
0.67267
0.56553
0.46392
0.36522
0.25486
0.11615
-0.058477
-0.26033
-0.46519
-0.64172
-0.76363
-0.81992
-0.81822
-0.77973
-0.72815
-0.67802
-0.62809
-0.56306
-0.46264
-0.31379
-0.1198
0.098137
0.30797
0.47911
0.59428
0.65529
0.67984
0.69117
0.70535
0.72266
0.72719
0.69492
0.60644
0.45808
0.26591
0.060592
-0.12473
-0.26762
-0.3645
-0.42974
-0.48623
-0.55212
-0.63005
-0.70445
-0.74813
-0.73519
-0.65397
-0.51376
-0.34179
-0.17201
-0.030785
0.073567
0.15238
0.22867
0.32341
0.44293
0.57351
0.68609
0.74888
0.7419
0.6664
0.54458
0.40957
0.29054
0.19996
0.12927
0.055014
-0.047506
-0.18976
-0.3618
-0.53453
-0.67146
-0.74451
-0.74617
-0.6922
-0.61349
-0.5409
-0.49051
-0.45633
-0.41413
-0.33457
-0.1993
-0.012117
0.20036
0.39899
0.54868
0.63313
0.66089
0.65955
0.66094
0.6845
0.72691
0.76309
0.75831
0.68548
0.53944
0.34103
0.12892
-0.056981
-0.19284
-0.28031
-0.34373
-0.41618
-0.52135
-0.65987
-0.807
-0.92292
-0.9709
-0.93445
-0.82534
-0.67838
-0.53527
-0.42539
-0.35267
-0.29496
-0.21638
-0.086634
0.10197
0.3283
0.55012
0.72223
0.81645
0.83381
0.80292
0.76531
0.75454
0.77941
0.81929
0.83412
0.7843
0.651
0.44687
0.21195
-0.0037059
-0.16222
-0.25448
-0.30286
-0.34877
-0.43089
-0.56454
-0.73243
-0.89124
-0.99132
-1
-0.91731
-0.77634
-0.62791
-0.51677
-0.4606
-0.44226
-0.41895
-0.34422
-0.19213
0.028068
0.27412
0.48899
0.62663
0.67289
0.65137
0.61135
0.60321
0.65326
0.75017
0.84967
0.89562
0.84742
0.70054
0.49009
0.27551
0.11331
0.030999
0.014823
0.017257
-0.018926
-0.13158
-0.3191
-0.53925
-0.72779
-0.82824
-0.81848
-0.72145
-0.59434
-0.50129
-0.48254
-0.53482
-0.61275
-0.65078
-0.59543
-0.43238
-0.19514
0.049157
0.23044
0.30823
0.29052
0.22946
0.19585
0.24418
0.38515
0.57906
0.75351
0.83746
0.79532
0.64473
0.4491
0.28812
0.22006
0.25391
0.3449
0.41603
0.39555
0.25263
0.013949
-0.24714
-0.44415
-0.51797
-0.46496
-0.33891
-0.2255
-0.20105
-0.29519
-0.47548
-0.66175
-0.7638
-0.72475
-0.54927
-0.30282
-0.081795
0.03164
0.0086459
-0.1122
-0.24297
-0.28849
-0.19269
0.032985
0.31309
0.5425
0.63566
0.56746
0.3859
0.1901
0.083526
0.12432
0.29662
0.51683
0.67259
0.67626
0.50768
0.2255
-0.05889
-0.23308
-0.23678
-0.09094
0.11132
0.24847
0.22866
0.034643
-0.26608
-0.55145
-0.70163
-0.65586
-0.44228
-0.16597
0.039691
0.076055
-0.073335
-0.33355
-0.57246
-0.66285
-0.54328
-0.24894
0.10291
0.36662
0.43635
0.29648
0.030202
-0.21859
-0.31288
-0.18794
0.11635
0.4722
0.72264
0.75505
0.55513
0.21533
-0.10699
-0.26266
-0.18119
0.094794
0.4279
0.64949
0.63893
0.38164
-0.021892
-0.4011
-0.59411
-0.52366
-0.23451
0.12595
0.37556
0.38273
0.12926
-0.27908
-0.66003
-0.83903
-0.73105
-0.38188
0.051242
0.37145
0.43359
0.21275
-0.18253
-0.55921
-0.72888
-0.59614
-0.20465
0.28082
0.64928
0.74078
0.52137
0.10038
-0.31875
-0.53199
-0.42967
-0.048813
0.44206
0.81939
0.9075
0.66066
0.18586
-0.30475
-0.59066
-0.54472
-0.19279
0.29672
0.68921
0.79164
0.54223
0.040532
-0.49657
-0.83325
-0.8228
-0.47574
0.043778
0.49209
0.65725
0.45658
-0.024326
-0.56941
-0.93
-0.9383
-0.58471
-0.023387
0.49692
0.74556
0.61503
0.17049
-0.37917
-0.77572
-0.8289
-0.5033
0.064742
0.62805
0.94003
0.8661
0.44473
-0.1296
-0.59399
-0.73565
-0.48791
0.039496
0.60974
0.96528
0.94361
0.55023
-0.043863
-0.57882
-0.82223
-0.67278
-0.20511
0.36418
0.77367
0.83383
0.51119
-0.057293
-0.62574
-0.94876
-0.89004
-0.48181
0.090542
0.57146
0.74843
0.54517
0.054067
-0.50599
-0.88679
-0.9199
-0.58954
-0.037937
0.49838
0.7926
0.72601
0.338
-0.19324
-0.62991
-0.77834
-0.57205
-0.098559
0.44055
0.81788
0.87802
0.60272
0.11624
-0.37019
-0.64977
-0.60782
-0.26861
0.21766
0.64069
0.81992
0.67983
0.27954
-0.21457
-0.60035
-0.72473
-0.54609
-0.14911
0.29299
0.59183
0.6218
0.37043
-0.058621
-0.49015
-0.75017
-0.73659
-0.45944
-0.03481
0.3638
0.57637
0.52063
0.22409
-0.18843
-0.54604
-0.70076
-0.58669
-0.2459
0.18894
0.54782
0.69132
0.56618
0.22651
-0.18773
-0.50652
-0.59769
-0.42013
-0.041039
0.39012
0.70077
0.76436
0.5518
0.14455
-0.29682
-0.59625
-0.63319
-0.39224
0.029024
0.45787
0.71555
0.69001
0.38283
-0.08945
-0.54093
-0.7911
-0.73868
-0.40428
0.076272
0.50587
0.70614
0.59091
0.20275
-0.30282
-0.71985
-0.87586
-0.70304
-0.26703
0.25881
0.66355
0.78477
0.57531
0.12297
-0.38493
-0.73788
-0.78815
-0.5111
-0.015278
0.50191
0.83451
0.85155
0.54966
0.053607
-0.43498
-0.71955
-0.68762
-0.35506
0.14177
0.60205
0.84153
0.76564
0.40564
-0.095809
-0.54286
-0.76454
-0.68128
-0.33412
0.13391
0.53574
0.71384
0.60045
0.24162
-0.22307
-0.61614
-0.79065
-0.68521
-0.34518
0.096981
0.47343
0.64454
0.55038
0.23137
-0.18866
-0.54976
-0.7155
-0.62296
-0.30502
0.12255
0.50421
0.70178
0.64504
0.35735
-0.052763
-0.43128
-0.63512
-0.58506
-0.29571
0.12869
0.53177
0.76245
0.73141
0.44567
0.0077092
-0.42125
-0.68089
-0.67246
-0.39732
0.041625
0.47728
0.74087
0.7265
0.4327
-0.035183
-0.50372
-0.79687
-0.80341
-0.52032
-0.054981
0.4151
0.70989
0.71585
0.42969
-0.040128
-0.51478
-0.81339
-0.82205
-0.5368
-0.06455
0.41828
0.73307
0.76628
0.51126
0.069122
-0.39089
-0.69566
-0.73257
-0.48996
-0.059208
0.40108
0.7246
0.79798
0.60036
0.20849
-0.23347
-0.56717
-0.6766
-0.52797
-0.17941
0.24171
0.5848
0.72884
0.6237
0.3061
-0.11424
-0.49315
-0.70168
-0.67007
-0.4114
-0.017036
0.37455
0.62512
0.64442
0.42198
0.031939
-0.3914
-0.69946
-0.78134
-0.60374
-0.22449
0.22596
0.58951
0.73632
0.61216
0.2594
-0.1963
-0.59002
-0.7767
-0.6842
-0.34059
0.13478
0.57364
0.81962
0.78508
0.48321
0.023407
-0.42848
-0.71026
-0.72196
-0.46131
-0.023633
0.43351
0.7474
0.80809
0.59637
0.18867
-0.27188
-0.62693
-0.75824
-0.62733
-0.28634
0.14239
0.50998
0.69191
0.62907
0.34544
-0.062062
-0.45743
-0.71095
-0.74121
-0.5406
-0.17654
0.23117
0.54938
0.67452
0.56598
0.25949
-0.14392
-0.51009
-0.71513
-0.68647
-0.42792
-0.020199
0.40422
0.70434
0.77809
0.598
0.2224
-0.2226
-0.5849
-0.73847
-0.62739
-0.28649
0.16941
0.58436
0.81508
0.78082
0.49163
0.045041
-0.40778
-0.71444
-0.7737
-0.56962
-0.17585
0.27097
0.61872
0.75139
0.62713
0.29024
-0.14589
-0.53808
-0.76094
-0.74689
-0.50587
-0.11967
0.28632
0.58375
0.68137
0.55223
0.24044
-0.15384
-0.50584
-0.70451
-0.68625
-0.45434
-0.078218
0.32719
0.63632
0.75176
0.63533
0.32153
-0.091512
-0.47176
-0.69489
-0.68486
-0.44013
-0.036129
0.39766
0.71931
0.82135
0.66705
0.3038
-0.15175
-0.55195
-0.76715
-0.72881
-0.45202
-0.029994
0.39751
0.6907
0.75547
0.57306
0.20438
-0.23158
-0.59736
-0.78094
-0.72995
-0.46583
-0.074558
0.32185
0.60344
0.68802
0.55428
0.24625
-0.14125
-0.49118
-0.69847
-0.7003
-0.49413
-0.13863
0.26276
0.59158
0.74894
0.68558
0.41797
0.02529
-0.37297
-0.65276
-0.72402
-0.5601
-0.20794
0.22488
0.60311
0.80655
0.76883
0.49945
0.081291
-0.35556
-0.67546
-0.78051
-0.64126
-0.30513
0.11992
0.50048
0.7198
0.71328
0.48655
0.1113
-0.29853
-0.62217
-0.76753
-0.69675
-0.43488
-0.060565
0.31774
0.59271
0.68772
0.57738
0.29398
-0.081439
-0.44126
-0.68085
-0.72803
-0.56438
-0.23214
0.17608
0.54269
0.75919
0.759
0.53893
0.16218
-0.25923
-0.59776
-0.74948
-0.66664
-0.37315
0.042381
0.45394
0.73709
0.80726
0.645
0.30074
-0.12204
-0.49924
-0.72347
-0.73496
-0.53695
-0.19216
0.19745
0.52086
0.68881
0.65717
0.43714
0.090474
-0.28795
-0.59555
-0.74886
-0.70537
-0.475
-0.1184
0.26824
0.57826
0.72369
0.66063
0.40335
0.022502
-0.37344
-0.66871
-0.77432
-0.65536
-0.34265
0.075267
0.47798
0.74909
0.81102
0.64794
0.30971
-0.1039
-0.4736
-0.69567
-0.71126
-0.52135
-0.184
0.2042
0.53614
0.72334
0.7184
0.52546
0.19717
-0.18017
-0.509
-0.70492
-0.71758
-0.54333
-0.22684
0.14928
0.48471
0.68734
0.69835
0.50969
0.16855
-0.23371
-0.58573
-0.78748
-0.77944
-0.56083
-0.19097
0.22732
0.57738
0.76249
0.73363
0.50275
0.13801
-0.25702
-0.57347
-0.72725
-0.68084
-0.451
-0.10178
0.27438
0.58131
0.74309
0.72161
0.52448
0.20203
-0.16522
-0.48566
-0.67842
-0.69316
-0.52343
-0.20995
0.16781
0.51071
0.72545
0.75021
0.573
0.2369
-0.17015
-0.539
-0.76963
-0.79958
-0.62171
-0.286
0.1151
0.4731
0.69378
0.72231
0.55635
0.24432
-0.12968
-0.46916
-0.68991
-0.7398
-0.60958
-0.33303
0.022374
0.37171
0.63193
0.74066
0.6706
0.43677
0.094429
-0.2726
-0.57144
-0.72331
-0.68483
-0.46114
-0.10674
0.28741
0.61764
0.79573
0.77346
0.55612
0.20105
-0.19853
-0.53942
-0.73624
-0.74336
-0.56505
-0.2519
0.11434
0.44254
0.65451
0.70243
0.57803
0.31255
-0.031551
-0.37477
-0.63777
-0.75851
-0.70629
-0.4897
-0.15648
0.2158
0.53704
0.72648
0.73387
0.55406
0.23022
-0.15596
-0.5052
-0.72692
-0.76369
-0.60643
-0.29628
0.087311
0.4484
0.69967
0.78395
0.68658
0.43635
0.096051
-0.25395
-0.53444
-0.68426
-0.67219
-0.50244
-0.21322
0.13103
0.4525
0.67626
0.74698
0.64274
0.3823
0.023014
-0.35111
-0.64936
-0.79732
-0.75685
-0.5369
-0.19201
0.19182
0.51963
0.71221
0.72578
0.56174
0.26411
-0.093364
-0.42647
-0.6604
-0.74566
-0.66692
-0.44407
-0.12635
0.21832
0.5169
0.70542
0.74182
0.6154
0.35081
0.0047571
-0.34477
-0.6156
-0.7411
-0.68755
-0.46427
-0.12276
0.25535
0.57879
0.76995
0.78439
0.62127
0.32204
-0.041488
-0.38583
-0.63583
-0.74087
-0.68398
-0.48283
-0.18377
0.14883
0.44547
0.6444
0.70301
0.60626
0.37079
0.043408
-0.30681
-0.60219
-0.77378
-0.77833
-0.61031
-0.30515
0.068035
0.42292
0.67738
0.77394
0.69357
0.45919
0.12844
-0.22168
-0.51364
-0.68651
-0.70769
-0.57722
-0.32529
-0.00446
0.32096
0.58655
0.73898
0.74569
0.60174
0.33253
-0.0090972
-0.35203
-0.62132
-0.75527
-0.72094
-0.52361
-0.20696
0.15669
0.48381
0.70018
0.75855
0.64908
0.39979
0.067989
-0.27439
-0.55721
-0.72616
-0.75183
-0.63307
-0.39523
-0.084578
0.23971
0.51532
0.68732
0.71866
0.59872
0.34779
0.015388
-0.32848
-0.60808
-0.7595
-0.74653
-0.57018
-0.26896
0.090487
0.42969
0.67704
0.7837
0.73298
0.5414
0.25243
-0.074502
-0.37635
-0.59772
-0.69933
-0.66346
-0.49627
-0.2274
0.09382
0.40562
0.64452
0.75813
0.71751
0.52558
0.21876
-0.13969
-0.47359
-0.71158
-0.80395
-0.73388
-0.52028
-0.21169
0.1262
0.42575
0.63114
0.70782
0.64652
0.4624
0.19073
-0.11936
-0.41227
-0.63402
-0.74089
-0.70787
-0.5352
-0.25105
0.091696
0.42486
0.67931
0.80086
0.76342
0.57548
0.27811
-0.065199
-0.38366
-0.61507
-0.71821
-0.67933
-0.51188
-0.25121
0.053673
0.34885
0.58353
0.7168
0.72335
0.59799
0.35822
0.04365
-0.28901
-0.57569
-0.75796
-0.7965
-0.68118
-0.43459
-0.10756
0.23252
0.51718
0.692
0.72744
0.62287
0.40391
0.1148
-0.19143
-0.46227
-0.65323
-0.7331
-0.68748
-0.52102
-0.25805
0.059106
0.37532
0.63163
0.7768
0.77913
0.63499
0.37128
0.040399
-0.2913
-0.55848
-0.71117
-0.72454
-0.60212
-0.37233
-0.080431
0.22135
0.48289
0.66298
0.7337
0.68306
0.51655
0.25763
-0.053733
-0.36546
-0.62133
-0.77163
-0.78438
-0.65379
-0.4033
-0.081377
0.24891
0.52401
0.69364
0.73057
0.63421
0.42794
0.152
-0.14546
-0.41656
-0.6199
-0.72478
-0.71397
-0.58604
-0.3569
-0.059836
0.25749
0.53975
0.73412
0.80165
0.72692
0.52277
0.22829
-0.099794
-0.39974
-0.6181
-0.71998
-0.69385
-0.55085
-0.31971
-0.039899
0.24508
0.49297
0.66686
0.7388
0.69363
0.53274
0.27664
-0.035672
-0.35158
-0.61412
-0.77382
-0.79995
-0.68788
-0.46017
-0.16108
0.15384
0.42982
0.62323
0.70789
0.67671
0.53966
0.3199
0.049896
-0.23205
-0.48494
-0.66913
-0.75176
-0.71326
-0.55327
-0.29365
0.023314
0.34212
0.60533
0.76597
0.7975
0.69864
0.49187
0.21674
-0.079481
-0.35095
-0.55984
-0.67978
-0.6968
-0.60925
-0.4277
-0.1751
0.1138
0.39521
0.62203
0.75239
0.75897
0.63639
0.40391
0.1022
-0.21532
-0.49407
-0.68948
-0.77461
-0.74286
-0.60587
-0.38856
-0.12351
0.15354
0.40677
0.60249
0.71191
0.71508
0.60569
0.39512
0.11352
-0.19353
-0.47298
-0.67516
-0.76459
-0.72746
-0.5736
-0.33278
-0.046899
0.23924
0.4856
0.66164
0.74781
0.73526
0.62522
0.42919
0.16956
-0.12041
-0.39905
-0.62186
-0.74982
-0.75832
-0.64376
-0.42548
-0.14206
0.15727
0.42322
0.61601
0.71138
0.70197
0.59505
0.40846
0.16675
-0.10118
-0.36334
-0.58599
-0.7365
-0.78826
-0.72689
-0.5556
-0.29743
0.007412
0.30897
0.55792
0.71578
0.76213
0.69669
0.5366
0.31045
0.051654
-0.2067
-0.43458
-0.60586
-0.69897
-0.69848
-0.59837
-0.40573
-0.14314
0.15236
0.43455
0.65687
0.78232
0.79149
0.68609
0.4872
0.22902
-0.049258
-0.31075
-0.52547
-0.67178
-0.73576
-0.71038
-0.59591
-0.40162
-0.1479
0.13339
0.40177
0.61457
0.7357
0.74398
0.63836
0.43809
0.17772
-0.10106
-0.35821
-0.56182
-0.69099
-0.73542
-0.69322
-0.56904
-0.37374
-0.12549
0.14906
0.41545
0.6353
0.77312
0.80434
0.72187
0.5387
0.28526
0.0025045
-0.26717
-0.48806
-0.63607
-0.69965
-0.6776
-0.57601
-0.40596
-0.18337
0.070024
0.32579
0.55026
0.70901
0.77381
0.72987
0.58073
0.34864
0.070022
-0.21269
-0.45996
-0.64211
-0.74242
-0.75628
-0.68796
-0.54724
-0.34762
-0.10668
0.15255
0.40103
0.60588
0.73546
0.7665
0.69068
0.51807
0.27581
0.0022097
-0.26182
-0.48105
-0.63139
-0.70129
-0.68965
-0.60222
-0.44865
-0.2418
0.001113
0.25672
0.4954
0.68417
0.79266
0.80043
0.70291
0.51374
0.26204
-0.01423
-0.2768
-0.49433
-0.64637
-0.72333
-0.72375
-0.65096
-0.51128
-0.31466
-0.076835
0.17863
0.42084
0.61544
0.73147
0.74888
0.66404
0.49098
0.25782
-0.00023835
-0.24889
-0.46064
-0.61726
-0.70872
-0.73027
-0.68007
-0.55888
-0.3723
-0.13396
0.13242
0.39421
0.61484
0.76143
0.81248
0.76284
0.6242
0.42092
0.18319
-0.059857
-0.28453
-0.47351
-0.61403
-0.69533
-0.70756
-0.64342
-0.50207
-0.29327
-0.039393
0.22642
0.46621
0.64534
0.74014
0.74229
0.65857
0.50661
0.30873
0.086661
-0.14105
-0.35833
-0.54924
-0.69599
-0.77953
-0.78314
-0.69799
-0.52817
-0.29265
-0.02285
0.24385
0.47238
0.63713
0.72545
0.73691
0.6792
0.56325
0.39995
0.19986
-0.024469
-0.2555
-0.4695
-0.63866
-0.73655
-0.74513
-0.66041
-0.49446
-0.27259
-0.026953
0.21121
0.4175
0.57671
0.68135
0.72798
0.71391
0.63629
0.49438
0.29366
0.049508
-0.21209
-0.45787
-0.65414
-0.77463
-0.80644
-0.75189
-0.62577
-0.44943
-0.2445
-0.028819
0.18404
0.38237
0.55291
0.67918
0.74302
0.72931
0.63192
0.45819
0.22952
-0.022632
-0.264
-0.46534
-0.60789
-0.68463
-0.69756
-0.6528
-0.55634
-0.41256
-0.22618
-0.0061795
0.23071
0.4595
0.6504
0.77552
0.81618
0.76797
0.64136
0.45783
0.2431
0.020549
-0.19268
-0.38562
-0.55026
-0.67764
-0.7557
-0.77069
-0.71183
-0.57699
-0.37683
-0.13483
0.11712
0.34623
0.52644
0.64323
0.69403
0.68459
0.62353
0.51786
0.37183
0.18925
-0.022066
-0.24662
-0.46068
-0.63593
-0.74626
-0.77499
-0.71958
-0.59172
-0.41296
-0.20774
0.0029964
0.20507
0.39025
0.55235
0.68289
0.76909
0.79558
0.74961
0.62719
0.43734
0.20206
-0.048279
-0.28251
-0.47609
-0.61549
-0.69801
-0.72768
-0.70978
-0.64671
-0.53763
-0.38169
-0.18323
0.044055
0.27663
0.48504
0.6411
0.72539
0.73197
0.66838
0.55121
0.3993
0.22793
0.046378
-0.14032
-0.32674
-0.50251
-0.65052
-0.74948
-0.77994
-0.73123
-0.60626
-0.42171
-0.20345
0.020903
0.22912
0.40819
0.55364
0.66508
0.74081
0.77447
0.75569
0.67467
0.52844
0.32569
0.087523
-0.15674
-0.37697
-0.55004
-0.66456
-0.72092
-0.72686
-0.6912
-0.61881
-0.50942
-0.36067
-0.17377
0.041414
0.26472
0.46881
0.62616
0.71683
0.73385
0.68386
0.58281
0.44897
0.29651
0.13262
-0.040831
-0.22215
-0.40425
-0.57183
-0.70312
-0.77586
-0.77485
-0.69775
-0.55636
-0.37277
-0.17198
0.025521
0.20813
0.37259
0.5194
0.64669
0.74605
0.80275
0.80041
0.72816
0.58679
0.39087
0.16557
-0.060573
-0.26377
-0.43049
-0.55811
-0.65074
-0.71272
-0.74315
-0.73441
-0.67553
-0.55875
-0.38605
-0.17221
0.057334
0.27324
0.45067
0.5758
0.64748
0.67379
0.66517
0.62789
0.56091
0.45789
0.31301
0.12787
-0.084427
-0.30016
-0.49091
-0.63203
-0.70988
-0.72464
-0.68763
-0.61449
-0.51768
-0.4019
-0.26458
-0.10103
0.088592
0.29399
0.49431
0.66297
0.77586
0.81925
0.79373
0.71253
0.59498
0.45841
0.3122
0.1568
-0.012048
-0.19621
-0.38894
-0.57297
-0.72404
-0.81867
-0.84252
-0.79551
-0.69132
-0.55145
-0.3968
-0.24045
-0.085327
0.072729
0.23794
0.40751
0.56821
0.69853
0.77572
0.78449
0.72326
0.60501
0.45221
0.28833
0.12965
-0.01858
-0.16024
-0.30171
-0.44409
-0.57834
-0.68591
-0.74486
-0.73872
-0.66377
-0.53136
-0.36403
-0.18712
-0.019909
0.12974
0.26482
0.39318
0.5193
0.63802
0.73365
0.78497
0.77395
0.69405
0.55405
0.37551
0.18495
0.0043683
-0.15549
-0.29604
-0.4258
-0.55189
-0.67263
-0.77495
-0.83816
-0.84229
-0.77724
-0.64818
-0.4745
-0.2829
-0.097523
0.068036
0.21324
0.34664
0.47753
0.60745
0.72601
0.81311
0.84679
0.81293
0.71218
0.5607
0.38428
0.20849
0.049549
-0.089857
-0.21795
-0.34588
-0.47844
-0.60823
-0.71624
-0.77887
-0.77796
-0.70919
-0.58469
-0.42849
-0.26698
-0.11884
0.010849
0.1295
0.24974
0.37956
0.51488
0.63839
0.72536
0.75384
0.71431
0.61422
0.47508
0.32354
0.18058
0.054039
-0.062121
-0.18145
-0.31485
-0.46174
-0.60695
-0.72513
-0.7907
-0.78863
-0.7209
-0.60553
-0.46854
-0.33279
-0.20882
-0.092396
0.030547
0.17368
0.34012
0.51742
0.6802
0.79955
0.85465
0.84119
0.77247
0.67267
0.56553
0.46392
0.36522
0.25486
0.11615
-0.058477
-0.26033
-0.46519
-0.64172
-0.76363
-0.81992
-0.81822
-0.77973
-0.72815
-0.67802
-0.62809
-0.56306
-0.46264
-0.31379
-0.1198
0.098137
0.30797
0.47911
0.59428
0.65529
0.67984
0.69117
0.70535
0.72266
0.72719
0.69492
0.60644
0.45808
0.26591
0.060592
-0.12473
-0.26762
-0.3645
-0.42974
-0.48623
-0.55212
-0.63005
-0.70445
-0.74813
-0.73519
-0.65397
-0.51376
-0.34179
-0.17201
-0.030785
0.073567
0.15238
0.22867
0.32341
0.44293
0.57351
0.68609
0.74888
0.7419
0.6664
0.54458
0.40957
0.29054
0.19996
0.12927
0.055014
-0.047506
-0.18976
-0.3618
-0.53453
-0.67146
-0.74451
-0.74617
-0.6922
-0.61349
-0.5409
-0.49051
-0.45633
-0.41413
-0.33457
-0.1993
-0.012117
0.20036
0.39899
0.54868
0.63313
0.66089
0.65955
0.66094
0.6845
0.72691
0.76309
0.75831
0.68548
0.53944
0.34103
0.12892
-0.056981
-0.19284
-0.28031
-0.34373
-0.41618
-0.52135
-0.65987
-0.807
-0.92292
-0.9709
-0.93445
-0.82534
-0.67838
-0.53527
-0.42539
-0.35267
-0.29496
-0.21638
-0.086634
0.10197
0.3283
0.55012
0.72223
0.81645
0.83381
0.80292
0.76531
0.75454
0.77941
0.81929
0.83412
0.7843
0.651
0.44687
0.21195
-0.0037059
-0.16222
-0.25448
-0.30286
-0.34877
-0.43089
-0.56454
-0.73243
-0.89124
-0.99132
-1
-0.91731
-0.77634
-0.62791
-0.51677
-0.4606
-0.44226
-0.41895
-0.34422
-0.19213
0.028068
0.27412
0.48899
0.62663
0.67289
0.65137
0.61135
0.60321
0.65326
0.75017
0.84967
0.89562
0.84742
0.70054
0.49009
0.27551
0.11331
0.030999
0.014823
0.017257
-0.018926
-0.13158
-0.3191
-0.53925
-0.72779
-0.82824
-0.81848
-0.72145
-0.59434
-0.50129
-0.48254
-0.53482
-0.61275
-0.65078
-0.59543
-0.43238
-0.19514
0.049157
0.23044
0.30823
0.29052
0.22946
0.19585
0.24418
0.38515
0.57906
0.75351
0.83746
0.79532
0.64473
0.4491
0.28812
0.22006
0.25391
0.3449
0.41603
0.39555
0.25263
0.013949
-0.24714
-0.44415
-0.51797
-0.46496
-0.33891
-0.2255
-0.20105
-0.29519
-0.47548
-0.66175
-0.7638
-0.72475
-0.54927
-0.30282
-0.081795
0.03164
0.0086459
-0.1122
-0.24297
-0.28849
-0.19269
0.032985
0.31309
0.5425
0.63566
0.56746
0.3859
0.1901
0.083526
0.12432
0.29662
0.51683
0.67259
0.67626
0.50768
0.2255
-0.05889
-0.23308
-0.23678
-0.09094
0.11132
0.24847
0.22866
0.034643
-0.26608
-0.55145
-0.70163
-0.65586
-0.44228
-0.16597
0.039691
0.076055
-0.073335
-0.33355
-0.57246
-0.66285
0
0
0
0
0
0
0
0
0
0
0
0
0
0
0
0
0
0
0
0
0
0
0
0
0
0
0
0
0
0
0
0
0
0
0
0
0
0
0
0
0
0
0
0
0
0
0
0
0
0
0
0
0
0
0
0
0
0
0
0
0
0
0
0
0
0
0
0
0
0
0
0
0
0
0
0
0
0
0
0
0
0
0
0
0
0
0
0
0
0
0
0
0
0
0
0
0
0
0
0
0
0
0
0
0
0
0
0
0
0
0
0
0
0
0
0
0
0
0
0
0
0
0
0
0
0
0
0
0
0
0
0
0
0
0
0
0
0
0
0
0
0
0
0
0
0
0
0
0
0
0
0
0
0
0
0
0
0
0
0
0
0
0
0
0
0
0
0
0
0
0
0
0
0
0
0
0
0
0
0
0
0
0
0
0
0
0
0
0
0
0
0
0
0
0
0
0
0
0
0
0
0
0
0
0
0
0
0
0
0
0
0
0
0
0
0
0
0
0
0
0
0
0
0
0
0
0
0
0
0
0
0
0
0
0
0
0
0
0
0
0
0
0
0
0
0
0
0
0
0
0
0
0
0
0
0
0
0
0
0
0
0
0
0
0
0
0
0
0
0
-0.84119
-0.77247
-0.67267
-0.56553
-0.46392
-0.36522
-0.25486
-0.11615
0.058477
0.26033
0.46519
0.64172
0.76363
0.81992
0.81822
0.77973
0.72815
0.67802
0.62809
0.56306
0.46264
0.31379
0.1198
-0.098137
-0.30797
-0.47911
-0.59428
-0.65529
-0.67984
-0.69117
-0.70535
-0.72266
-0.72719
-0.69492
-0.60644
-0.45808
-0.26591
-0.060592
0.12473
0.26762
0.3645
0.42974
0.48623
0.55212
0.63005
0.70445
0.74813
0.73519
0.65397
0.51376
0.34179
0.17201
0.030785
-0.073567
-0.15238
-0.22867
-0.32341
-0.44293
-0.57351
-0.68609
-0.74888
-0.7419
-0.6664
-0.54458
-0.40957
-0.29054
-0.19996
-0.12927
-0.055014
0.047506
0.18976
0.3618
0.53453
0.67146
0.74451
0.74617
0.6922
0.61349
0.5409
0.49051
0.45633
0.41413
0.33457
0.1993
0.012117
-0.20036
-0.39899
-0.54868
-0.63313
-0.66089
-0.65955
-0.66094
-0.6845
-0.72691
-0.76309
-0.75831
-0.68548
-0.53944
-0.34103
-0.12892
0.056981
0.19284
0.28031
0.34373
0.41618
0.52135
0.65987
0.807
0.92292
0.9709
0.93445
0.82534
0.67838
0.53527
0.42539
0.35267
0.29496
0.21638
0.086634
-0.10197
-0.3283
-0.55012
-0.72223
-0.81645
-0.83381
-0.80292
-0.76531
-0.75454
-0.77941
-0.81929
-0.83412
-0.7843
-0.651
-0.44687
-0.21195
0.0037059
0.16222
0.25448
0.30286
0.34877
0.43089
0.56454
0.73243
0.89124
0.99132
1
0.91731
0.77634
0.62791
0.51677
0.4606
0.44226
0.41895
0.34422
0.19213
-0.028068
-0.27412
-0.48899
-0.62663
-0.67289
-0.65137
-0.61135
-0.60321
-0.65326
-0.75017
-0.84967
-0.89562
-0.84742
-0.70054
-0.49009
-0.27551
-0.11331
-0.030999
-0.014823
-0.017257
0.018926
0.13158
0.3191
0.53925
0.72779
0.82824
0.81848
0.72145
0.59434
0.50129
0.48254
0.53482
0.61275
0.65078
0.59543
0.43238
0.19514
-0.049157
-0.23044
-0.30823
-0.29052
-0.22946
-0.19585
-0.24418
-0.38515
-0.57906
-0.75351
-0.83746
-0.79532
-0.64473
-0.4491
-0.28812
-0.22006
-0.25391
-0.3449
-0.41603
-0.39555
-0.25263
-0.013949
0.24714
0.44415
0.51797
0.46496
0.33891
0.2255
0.20105
0.29519
0.47548
0.66175
0.7638
0.72475
0.54927
0.30282
0.081795
-0.03164
-0.0086459
0.1122
0.24297
0.28849
0.19269
-0.032985
-0.31309
-0.5425
-0.63566
-0.56746
-0.3859
-0.1901
-0.083526
-0.12432
-0.29662
-0.51683
-0.67259
-0.67626
-0.50768
-0.2255
0.05889
0.23308
0.23678
0.09094
-0.11132
-0.24847
-0.22866
-0.034643
0.26608
0.55145
0.70163
0.65586
0.44228
0.16597
-0.039691
-0.076055
0.073335
0.33355
0.57246
0.66285
0.54328
0.24894
-0.10291
-0.36662
-0.43635
-0.29648
-0.030202
0.21859
0.31288
0.18794
-0.11635
-0.4722
-0.72264
-0.75505
-0.55513
-0.21533
0.10699
0.26266
0.18119
-0.094794
-0.4279
-0.64949
-0.63893
-0.38164
0.021892
0.4011
0.59411
0.52366
0.23451
-0.12595
-0.37556
-0.38273
-0.12926
0.27908
0.66003
0.83903
0.73105
0.38188
-0.051242
-0.37145
-0.43359
-0.21275
0.18253
0.55921
0.72888
0.59614
0.20465
-0.28082
-0.64928
-0.74078
-0.52137
-0.10038
0.31875
0.53199
0.42967
0.048813
-0.44206
-0.81939
-0.9075
-0.66066
-0.18586
0.30475
0.59066
0.54472
0.19279
-0.29672
-0.68921
-0.79164
-0.54223
-0.040532
0.49657
0.83325
0.8228
0.47574
-0.043778
-0.49209
-0.65725
-0.45658
0.024326
0.56941
0.93
0.9383
0.58471
0.023387
-0.49692
-0.74556
-0.61503
-0.17049
0.37917
0.77572
0.8289
0.5033
-0.064742
-0.62805
-0.94003
-0.8661
-0.44473
0.1296
0.59399
0.73565
0.48791
-0.039496
-0.60974
-0.96528
-0.94361
-0.55023
0.043863
0.57882
0.82223
0.67278
0.20511
-0.36418
-0.77367
-0.83383
-0.51119
0.057293
0.62574
0.94876
0.89004
0.48181
-0.090542
-0.57146
-0.74843
-0.54517
-0.054067
0.50599
0.88679
0.9199
0.58954
0.037937
-0.49838
-0.7926
-0.72601
-0.338
0.19324
0.62991
0.77834
0.57205
0.098559
-0.44055
-0.81788
-0.87802
-0.60272
-0.11624
0.37019
0.64977
0.60782
0.26861
-0.21766
-0.64069
-0.81992
-0.67983
-0.27954
0.21457
0.60035
0.72473
0.54609
0.14911
-0.29299
-0.59183
-0.6218
-0.37043
0.058621
0.49015
0.75017
0.73659
0.45944
0.03481
-0.3638
-0.57637
-0.52063
-0.22409
0.18843
0.54604
0.70076
0.58669
0.2459
-0.18894
-0.54782
-0.69132
-0.56618
-0.22651
0.18773
0.50652
0.59769
0.42013
0.041039
-0.39012
-0.70077
-0.76436
-0.5518
-0.14455
0.29682
0.59625
0.63319
0.39224
-0.029024
-0.45787
-0.71555
-0.69001
-0.38283
0.08945
0.54093
0.7911
0.73868
0.40428
-0.076272
-0.50587
-0.70614
-0.59091
-0.20275
0.30282
0.71985
0.87586
0.70304
0.26703
-0.25881
-0.66355
-0.78477
-0.57531
-0.12297
0.38493
0.73788
0.78815
0.5111
0.015278
-0.50191
-0.83451
-0.85155
-0.54966
-0.053607
0.43498
0.71955
0.68762
0.35506
-0.14177
-0.60205
-0.84153
-0.76564
-0.40564
0.095809
0.54286
0.76454
0.68128
0.33412
-0.13391
-0.53574
-0.71384
-0.60045
-0.24162
0.22307
0.61614
0.79065
0.68521
0.34518
-0.096981
-0.47343
-0.64454
-0.55038
-0.23137
0.18866
0.54976
0.7155
0.62296
0.30502
-0.12255
-0.50421
-0.70178
-0.64504
-0.35735
0.052763
0.43128
0.63512
0.58506
0.29571
-0.12869
-0.53177
-0.76245
-0.73141
-0.44567
-0.0077092
0.42125
0.68089
0.67246
0.39732
-0.041625
-0.47728
-0.74087
-0.7265
-0.4327
0.035183
0.50372
0.79687
0.80341
0.52032
0.054981
-0.4151
-0.70989
-0.71585
-0.42969
0.040128
0.51478
0.81339
0.82205
0.5368
0.06455
-0.41828
-0.73307
-0.76628
-0.51126
-0.069122
0.39089
0.69566
0.73257
0.48996
0.059208
-0.40108
-0.7246
-0.79798
-0.60036
-0.20849
0.23347
0.56717
0.6766
0.52797
0.17941
-0.24171
-0.5848
-0.72884
-0.6237
-0.3061
0.11424
0.49315
0.70168
0.67007
0.4114
0.017036
-0.37455
-0.62512
-0.64442
-0.42198
-0.031939
0.3914
0.69946
0.78134
0.60374
0.22449
-0.22596
-0.58951
-0.73632
-0.61216
-0.2594
0.1963
0.59002
0.7767
0.6842
0.34059
-0.13478
-0.57364
-0.81962
-0.78508
-0.48321
-0.023407
0.42848
0.71026
0.72196
0.46131
0.023633
-0.43351
-0.7474
-0.80809
-0.59637
-0.18867
0.27188
0.62693
0.75824
0.62733
0.28634
-0.14239
-0.50998
-0.69191
-0.62907
-0.34544
0.062062
0.45743
0.71095
0.74121
0.5406
0.17654
-0.23117
-0.54938
-0.67452
-0.56598
-0.25949
0.14392
0.51009
0.71513
0.68647
0.42792
0.020199
-0.40422
-0.70434
-0.77809
-0.598
-0.2224
0.2226
0.5849
0.73847
0.62739
0.28649
-0.16941
-0.58436
-0.81508
-0.78082
-0.49163
-0.045041
0.40778
0.71444
0.7737
0.56962
0.17585
-0.27097
-0.61872
-0.75139
-0.62713
-0.29024
0.14589
0.53808
0.76094
0.74689
0.50587
0.11967
-0.28632
-0.58375
-0.68137
-0.55223
-0.24044
0.15384
0.50584
0.70451
0.68625
0.45434
0.078218
-0.32719
-0.63632
-0.75176
-0.63533
-0.32153
0.091512
0.47176
0.69489
0.68486
0.44013
0.036129
-0.39766
-0.71931
-0.82135
-0.66705
-0.3038
0.15175
0.55195
0.76715
0.72881
0.45202
0.029994
-0.39751
-0.6907
-0.75547
-0.57306
-0.20438
0.23158
0.59736
0.78094
0.72995
0.46583
0.074558
-0.32185
-0.60344
-0.68802
-0.55428
-0.24625
0.14125
0.49118
0.69847
0.7003
0.49413
0.13863
-0.26276
-0.59158
-0.74894
-0.68558
-0.41797
-0.02529
0.37297
0.65276
0.72402
0.5601
0.20794
-0.22488
-0.60311
-0.80655
-0.76883
-0.49945
-0.081291
0.35556
0.67546
0.78051
0.64126
0.30513
-0.11992
-0.50048
-0.7198
-0.71328
-0.48655
-0.1113
0.29853
0.62217
0.76753
0.69675
0.43488
0.060565
-0.31774
-0.59271
-0.68772
-0.57738
-0.29398
0.081439
0.44126
0.68085
0.72803
0.56438
0.23214
-0.17608
-0.54269
-0.75919
-0.759
-0.53893
-0.16218
0.25923
0.59776
0.74948
0.66664
0.37315
-0.042381
-0.45394
-0.73709
-0.80726
-0.645
-0.30074
0.12204
0.49924
0.72347
0.73496
0.53695
0.19216
-0.19745
-0.52086
-0.68881
-0.65717
-0.43714
-0.090474
0.28795
0.59555
0.74886
0.70537
0.475
0.1184
-0.26824
-0.57826
-0.72369
-0.66063
-0.40335
-0.022502
0.37344
0.66871
0.77432
0.65536
0.34265
-0.075267
-0.47798
-0.74909
-0.81102
-0.64794
-0.30971
0.1039
0.4736
0.69567
0.71126
0.52135
0.184
-0.2042
-0.53614
-0.72334
-0.7184
-0.52546
-0.19717
0.18017
0.509
0.70492
0.71758
0.54333
0.22684
-0.14928
-0.48471
-0.68734
-0.69835
-0.50969
-0.16855
0.23371
0.58573
0.78748
0.77944
0.56083
0.19097
-0.22732
-0.57738
-0.76249
-0.73363
-0.50275
-0.13801
0.25702
0.57347
0.72725
0.68084
0.451
0.10178
-0.27438
-0.58131
-0.74309
-0.72161
-0.52448
-0.20203
0.16522
0.48566
0.67842
0.69316
0.52343
0.20995
-0.16781
-0.51071
-0.72545
-0.75021
-0.573
-0.2369
0.17015
0.539
0.76963
0.79958
0.62171
0.286
-0.1151
-0.4731
-0.69378
-0.72231
-0.55635
-0.24432
0.12968
0.46916
0.68991
0.7398
0.60958
0.33303
-0.022374
-0.37171
-0.63193
-0.74066
-0.6706
-0.43677
-0.094429
0.2726
0.57144
0.72331
0.68483
0.46114
0.10674
-0.28741
-0.61764
-0.79573
-0.77346
-0.55612
-0.20105
0.19853
0.53942
0.73624
0.74336
0.56505
0.2519
-0.11434
-0.44254
-0.65451
-0.70243
-0.57803
-0.31255
0.031551
0.37477
0.63777
0.75851
0.70629
0.4897
0.15648
-0.2158
-0.53704
-0.72648
-0.73387
-0.55406
-0.23022
0.15596
0.5052
0.72692
0.76369
0.60643
0.29628
-0.087311
-0.4484
-0.69967
-0.78395
-0.68658
-0.43635
-0.096051
0.25395
0.53444
0.68426
0.67219
0.50244
0.21322
-0.13103
-0.4525
-0.67626
-0.74698
-0.64274
-0.3823
-0.023014
0.35111
0.64936
0.79732
0.75685
0.5369
0.19201
-0.19182
-0.51963
-0.71221
-0.72578
-0.56174
-0.26411
0.093364
0.42647
0.6604
0.74566
0.66692
0.44407
0.12635
-0.21832
-0.5169
-0.70542
-0.74182
-0.6154
-0.35081
-0.0047571
0.34477
0.6156
0.7411
0.68755
0.46427
0.12276
-0.25535
-0.57879
-0.76995
-0.78439
-0.62127
-0.32204
0.041488
0.38583
0.63583
0.74087
0.68398
0.48283
0.18377
-0.14883
-0.44547
-0.6444
-0.70301
-0.60626
-0.37079
-0.043408
0.30681
0.60219
0.77378
0.77833
0.61031
0.30515
-0.068035
-0.42292
-0.67738
-0.77394
-0.69357
-0.45919
-0.12844
0.22168
0.51364
0.68651
0.70769
0.57722
0.32529
0.00446
-0.32096
-0.58655
-0.73898
-0.74569
-0.60174
-0.33253
0.0090972
0.35203
0.62132
0.75527
0.72094
0.52361
0.20696
-0.15669
-0.48381
-0.70018
-0.75855
-0.64908
-0.39979
-0.067989
0.27439
0.55721
0.72616
0.75183
0.63307
0.39523
0.084578
-0.23971
-0.51532
-0.68732
-0.71866
-0.59872
-0.34779
-0.015388
0.32848
0.60808
0.7595
0.74653
0.57018
0.26896
-0.090487
-0.42969
-0.67704
-0.7837
-0.73298
-0.5414
-0.25243
0.074502
0.37635
0.59772
0.69933
0.66346
0.49627
0.2274
-0.09382
-0.40562
-0.64452
-0.75813
-0.71751
-0.52558
-0.21876
0.13969
0.47359
0.71158
0.80395
0.73388
0.52028
0.21169
-0.1262
-0.42575
-0.63114
-0.70782
-0.64652
-0.4624
-0.19073
0.11936
0.41227
0.63402
0.74089
0.70787
0.5352
0.25105
-0.091696
-0.42486
-0.67931
-0.80086
-0.76342
-0.57548
-0.27811
0.065199
0.38366
0.61507
0.71821
0.67933
0.51188
0.25121
-0.053673
-0.34885
-0.58353
-0.7168
-0.72335
-0.59799
-0.35822
-0.04365
0.28901
0.57569
0.75796
0.7965
0.68118
0.43459
0.10756
-0.23252
-0.51718
-0.692
-0.72744
-0.62287
-0.40391
-0.1148
0.19143
0.46227
0.65323
0.7331
0.68748
0.52102
0.25805
-0.059106
-0.37532
-0.63163
-0.7768
-0.77913
-0.63499
-0.37128
-0.040399
0.2913
0.55848
0.71117
0.72454
0.60212
0.37233
0.080431
-0.22135
-0.48289
-0.66298
-0.7337
-0.68306
-0.51655
-0.25763
0.053733
0.36546
0.62133
0.77163
0.78438
0.65379
0.4033
0.081377
-0.24891
-0.52401
-0.69364
-0.73057
-0.63421
-0.42794
-0.152
0.14546
0.41656
0.6199
0.72478
0.71397
0.58604
0.3569
0.059836
-0.25749
-0.53975
-0.73412
-0.80165
-0.72692
-0.52277
-0.22829
0.099794
0.39974
0.6181
0.71998
0.69385
0.55085
0.31971
0.039899
-0.24508
-0.49297
-0.66686
-0.7388
-0.69363
-0.53274
-0.27664
0.035672
0.35158
0.61412
0.77382
0.79995
0.68788
0.46017
0.16108
-0.15384
-0.42982
-0.62323
-0.70789
-0.67671
-0.53966
-0.3199
-0.049896
0.23205
0.48494
0.66913
0.75176
0.71326
0.55327
0.29365
-0.023314
-0.34212
-0.60533
-0.76597
-0.7975
-0.69864
-0.49187
-0.21674
0.079481
0.35095
0.55984
0.67978
0.6968
0.60925
0.4277
0.1751
-0.1138
-0.39521
-0.62203
-0.75239
-0.75897
-0.63639
-0.40391
-0.1022
0.21532
0.49407
0.68948
0.77461
0.74286
0.60587
0.38856
0.12351
-0.15354
-0.40677
-0.60249
-0.71191
-0.71508
-0.60569
-0.39512
-0.11352
0.19353
0.47298
0.67516
0.76459
0.72746
0.5736
0.33278
0.046899
-0.23924
-0.4856
-0.66164
-0.74781
-0.73526
-0.62522
-0.42919
-0.16956
0.12041
0.39905
0.62186
0.74982
0.75832
0.64376
0.42548
0.14206
-0.15727
-0.42322
-0.61601
-0.71138
-0.70197
-0.59505
-0.40846
-0.16675
0.10118
0.36334
0.58599
0.7365
0.78826
0.72689
0.5556
0.29743
-0.007412
-0.30897
-0.55792
-0.71578
-0.76213
-0.69669
-0.5366
-0.31045
-0.051654
0.2067
0.43458
0.60586
0.69897
0.69848
0.59837
0.40573
0.14314
-0.15236
-0.43455
-0.65687
-0.78232
-0.79149
-0.68609
-0.4872
-0.22902
0.049258
0.31075
0.52547
0.67178
0.73576
0.71038
0.59591
0.40162
0.1479
-0.13339
-0.40177
-0.61457
-0.7357
-0.74398
-0.63836
-0.43809
-0.17772
0.10106
0.35821
0.56182
0.69099
0.73542
0.69322
0.56904
0.37374
0.12549
-0.14906
-0.41545
-0.6353
-0.77312
-0.80434
-0.72187
-0.5387
-0.28526
-0.0025045
0.26717
0.48806
0.63607
0.69965
0.6776
0.57601
0.40596
0.18337
-0.070024
-0.32579
-0.55026
-0.70901
-0.77381
-0.72987
-0.58073
-0.34864
-0.070022
0.21269
0.45996
0.64211
0.74242
0.75628
0.68796
0.54724
0.34762
0.10668
-0.15255
-0.40103
-0.60588
-0.73546
-0.7665
-0.69068
-0.51807
-0.27581
-0.0022097
0.26182
0.48105
0.63139
0.70129
0.68965
0.60222
0.44865
0.2418
-0.001113
-0.25672
-0.4954
-0.68417
-0.79266
-0.80043
-0.70291
-0.51374
-0.26204
0.01423
0.2768
0.49433
0.64637
0.72333
0.72375
0.65096
0.51128
0.31466
0.076835
-0.17863
-0.42084
-0.61544
-0.73147
-0.74888
-0.66404
-0.49098
-0.25782
0.00023835
0.24889
0.46064
0.61726
0.70872
0.73027
0.68007
0.55888
0.3723
0.13396
-0.13242
-0.39421
-0.61484
-0.76143
-0.81248
-0.76284
-0.6242
-0.42092
-0.18319
0.059857
0.28453
0.47351
0.61403
0.69533
0.70756
0.64342
0.50207
0.29327
0.039393
-0.22642
-0.46621
-0.64534
-0.74014
-0.74229
-0.65857
-0.50661
-0.30873
-0.086661
0.14105
0.35833
0.54924
0.69599
0.77953
0.78314
0.69799
0.52817
0.29265
0.02285
-0.24385
-0.47238
-0.63713
-0.72545
-0.73691
-0.6792
-0.56325
-0.39995
-0.19986
0.024469
0.2555
0.4695
0.63866
0.73655
0.74513
0.66041
0.49446
0.27259
0.026953
-0.21121
-0.4175
-0.57671
-0.68135
-0.72798
-0.71391
-0.63629
-0.49438
-0.29366
-0.049508
0.21209
0.45787
0.65414
0.77463
0.80644
0.75189
0.62577
0.44943
0.2445
0.028819
-0.18404
-0.38237
-0.55291
-0.67918
-0.74302
-0.72931
-0.63192
-0.45819
-0.22952
0.022632
0.264
0.46534
0.60789
0.68463
0.69756
0.6528
0.55634
0.41256
0.22618
0.0061795
-0.23071
-0.4595
-0.6504
-0.77552
-0.81618
-0.76797
-0.64136
-0.45783
-0.2431
-0.020549
0.19268
0.38562
0.55026
0.67764
0.7557
0.77069
0.71183
0.57699
0.37683
0.13483
-0.11712
-0.34623
-0.52644
-0.64323
-0.69403
-0.68459
-0.62353
-0.51786
-0.37183
-0.18925
0.022066
0.24662
0.46068
0.63593
0.74626
0.77499
0.71958
0.59172
0.41296
0.20774
-0.0029964
-0.20507
-0.39025
-0.55235
-0.68289
-0.76909
-0.79558
-0.74961
-0.62719
-0.43734
-0.20206
0.048279
0.28251
0.47609
0.61549
0.69801
0.72768
0.70978
0.64671
0.53763
0.38169
0.18323
-0.044055
-0.27663
-0.48504
-0.6411
-0.72539
-0.73197
-0.66838
-0.55121
-0.3993
-0.22793
-0.046378
0.14032
0.32674
0.50251
0.65052
0.74948
0.77994
0.73123
0.60626
0.42171
0.20345
-0.020903
-0.22912
-0.40819
-0.55364
-0.66508
-0.74081
-0.77447
-0.75569
-0.67467
-0.52844
-0.32569
-0.087523
0.15674
0.37697
0.55004
0.66456
0.72092
0.72686
0.6912
0.61881
0.50942
0.36067
0.17377
-0.041414
-0.26472
-0.46881
-0.62616
-0.71683
-0.73385
-0.68386
-0.58281
-0.44897
-0.29651
-0.13262
0.040831
0.22215
0.40425
0.57183
0.70312
0.77586
0.77485
0.69775
0.55636
0.37277
0.17198
-0.025521
-0.20813
-0.37259
-0.5194
-0.64669
-0.74605
-0.80275
-0.80041
-0.72816
-0.58679
-0.39087
-0.16557
0.060573
0.26377
0.43049
0.55811
0.65074
0.71272
0.74315
0.73441
0.67553
0.55875
0.38605
0.17221
-0.057334
-0.27324
-0.45067
-0.5758
-0.64748
-0.67379
-0.66517
-0.62789
-0.56091
-0.45789
-0.31301
-0.12787
0.084427
0.30016
0.49091
0.63203
0.70988
0.72464
0.68763
0.61449
0.51768
0.4019
0.26458
0.10103
-0.088592
-0.29399
-0.49431
-0.66297
-0.77586
-0.81925
-0.79373
-0.71253
-0.59498
-0.45841
-0.3122
-0.1568
0.012048
0.19621
0.38894
0.57297
0.72404
0.81867
0.84252
0.79551
0.69132
0.55145
0.3968
0.24045
0.085327
-0.072729
-0.23794
-0.40751
-0.56821
-0.69853
-0.77572
-0.78449
-0.72326
-0.60501
-0.45221
-0.28833
-0.12965
0.01858
0.16024
0.30171
0.44409
0.57834
0.68591
0.74486
0.73872
0.66377
0.53136
0.36403
0.18712
0.019909
-0.12974
-0.26482
-0.39318
-0.5193
-0.63802
-0.73365
-0.78497
-0.77395
-0.69405
-0.55405
-0.37551
-0.18495
-0.0043683
0.15549
0.29604
0.4258
0.55189
0.67263
0.77495
0.83816
0.84229
0.77724
0.64818
0.4745
0.2829
0.097523
-0.068036
-0.21324
-0.34664
-0.47753
-0.60745
-0.72601
-0.81311
-0.84679
-0.81293
-0.71218
-0.5607
-0.38428
-0.20849
-0.049549
0.089857
0.21795
0.34588
0.47844
0.60823
0.71624
0.77887
0.77796
0.70919
0.58469
0.42849
0.26698
0.11884
-0.010849
-0.1295
-0.24974
-0.37956
-0.51488
-0.63839
-0.72536
-0.75384
-0.71431
-0.61422
-0.47508
-0.32354
-0.18058
-0.054039
0.062121
0.18145
0.31485
0.46174
0.60695
0.72513
0.7907
0.78863
0.7209
0.60553
0.46854
0.33279
0.20882
0.092396
-0.030547
-0.17368
-0.34012
-0.51742
-0.6802
-0.79955
-0.85465
-0.84119
-0.77247
-0.67267
-0.56553
-0.46392
-0.36522
-0.25486
-0.11615
0.058477
0.26033
0.46519
0.64172
0.76363
0.81992
0.81822
0.77973
0.72815
0.67802
0.62809
0.56306
0.46264
0.31379
0.1198
-0.098137
-0.30797
-0.47911
-0.59428
-0.65529
-0.67984
-0.69117
-0.70535
-0.72266
-0.72719
-0.69492
-0.60644
-0.45808
-0.26591
-0.060592
0.12473
0.26762
0.3645
0.42974
0.48623
0.55212
0.63005
0.70445
0.74813
0.73519
0.65397
0.51376
0.34179
0.17201
0.030785
-0.073567
-0.15238
-0.22867
-0.32341
-0.44293
-0.57351
-0.68609
-0.74888
-0.7419
-0.6664
-0.54458
-0.40957
-0.29054
-0.19996
-0.12927
-0.055014
0.047506
0.18976
0.3618
0.53453
0.67146
0.74451
0.74617
0.6922
0.61349
0.5409
0.49051
0.45633
0.41413
0.33457
0.1993
0.012117
-0.20036
-0.39899
-0.54868
-0.63313
-0.66089
-0.65955
-0.66094
-0.6845
-0.72691
-0.76309
-0.75831
-0.68548
-0.53944
-0.34103
-0.12892
0.056981
0.19284
0.28031
0.34373
0.41618
0.52135
0.65987
0.807
0.92292
0.9709
0.93445
0.82534
0.67838
0.53527
0.42539
0.35267
0.29496
0.21638
0.086634
-0.10197
-0.3283
-0.55012
-0.72223
-0.81645
-0.83381
-0.80292
-0.76531
-0.75454
-0.77941
-0.81929
-0.83412
-0.7843
-0.651
-0.44687
-0.21195
0.0037059
0.16222
0.25448
0.30286
0.34877
0.43089
0.56454
0.73243
0.89124
0.99132
1
0.91731
0.77634
0.62791
0.51677
0.4606
0.44226
0.41895
0.34422
0.19213
-0.028068
-0.27412
-0.48899
-0.62663
-0.67289
-0.65137
-0.61135
-0.60321
-0.65326
-0.75017
-0.84967
-0.89562
-0.84742
-0.70054
-0.49009
-0.27551
-0.11331
-0.030999
-0.014823
-0.017257
0.018926
0.13158
0.3191
0.53925
0.72779
0.82824
0.81848
0.72145
0.59434
0.50129
0.48254
0.53482
0.61275
0.65078
0.59543
0.43238
0.19514
-0.049157
-0.23044
-0.30823
-0.29052
-0.22946
-0.19585
-0.24418
-0.38515
-0.57906
-0.75351
-0.83746
-0.79532
-0.64473
-0.4491
-0.28812
-0.22006
-0.25391
-0.3449
-0.41603
-0.39555
-0.25263
-0.013949
0.24714
0.44415
0.51797
0.46496
0.33891
0.2255
0.20105
0.29519
0.47548
0.66175
0.7638
0.72475
0.54927
0.30282
0.081795
-0.03164
-0.0086459
0.1122
0.24297
0.28849
0.19269
-0.032985
-0.31309
-0.5425
-0.63566
-0.56746
-0.3859
-0.1901
-0.083526
-0.12432
-0.29662
-0.51683
-0.67259
-0.67626
-0.50768
-0.2255
0.05889
0.23308
0.23678
0.09094
-0.11132
-0.24847
-0.22866
-0.034643
0.26608
0.55145
0.70163
0.65586
0.44228
0.16597
-0.039691
-0.076055
0.073335
0.33355
0.57246
0.66285
0
0
0
0
0
0
0
0
0
0
0
0
0
0
0
0
0
0
0
0
0
0
0
0
0
0
0
0
0
0
0
0
0
0
0
0
0
0
0
0
0
0
0
0
0
0
0
0
0
0
0
0
0
0
0
0
0
0
0
0
0
0
0
0
0
0
0
0
0
0
0
0
0
0
0
0
0
0
0
0
0
0
0
0
0
0
0
0
0
0
0
0
0
0
0
0
0
0
0
0
0
0
0
0
0
0
0
0
0
0
0
0
0
0
0
0
0
0
0
0
0
0
0
0
0
0
0
0
0
0
0
0
0
0
0
0
0
0
0
0
0
0
0
0
0
0
0
0
0
0
0
0
0
0
0
0
0
0
0
0
0
0
0
0
0
0
0
0
0
0
0
0
0
0
0
0
0
0
0
0
0
0
0
0
0
0
0
0
0
0
0
0
0
0
0
0
0
0
0
0
0
0
0
0
0
0
0
0
0
0
0
0
0
0
0
0
0
0
0
0
0
0
0
0
0
0
0
0
0
0
0
0
0
0
0
0
0
0
0
0
0
0
0
0
0
0
0
0
0
0
0
0
0
0
0
0
0
0
0
0
0
0
0
0
0
0
0
0
0
0
0
0
0
0
0
0
0
0
0
0
0
0
0
0
0
0
0
0
0
0
0
0
0
0
0
0
0
0
0
0
0
0
0
0
0
0
0
0
0
0
0
0
0
0
0
0
0
0
0
0
0
0
0
0
0
0
0
0
0
0
0
0
0
0
0
0
0
0
0
0
0
0
0
0
0
0
0
0
0
0
0
0
0
0
0
0
0
0
0
0
0
0
0
0
0
0
0
0
0
0
0
0
0
0
0
0
0
0
0
0
0
0
0
0
0
0
0
0
0
0
0
0
0
0
0
0
0
0
0
0
0
0
0
0
0
0
0
0
0
0
0
0
0
0
0
0
0
0
0
0
0
0
0
0
0
0
0
0
0
0
0
0
0
0
0
0
0
0
0
0
0
0
0
0
0
0
0
0
0
0
0
0
0
0
0
0
0
0
0
0
0
0
0
0
0
0
0
0
0
0
0
0
0
0
0
0
0
0
0
0
0
0
0
0
0
0
0
0
0
0
0
0
0
0
0
0
0
0
0
0
0
0
0
0
0
0
0
0
0
0
0
0
0
0
0
0
0
0
0
0
0
0
0
0
0
0
0
0
0
0
0
0
0
0
0
0
0
0
0
0
0
0
0
0
0
0
0
0
0
0
0
0
0
0
0
0
0
0
0
0
0
0
0
0
0
0
0
0
0
0
0
0
0
0
0
0
0
0
0
0
0
0
0
0
0
0
0
0
0
0
0
0
0
0
0
0
0
0
0
0
0
0
0
0
0
0
0
0
0
0
0
0
0
0
0
0
0
0
0
0
0
0
0
0
0
0
0
0
0
0
0
0
0
0
0
0
0
0
0
0
-0.12894
-0.20264
-0.18356
-0.077457
0.08074
0.24402
0.37185
0.44249
0.45506
0.42235
0.35924
0.2733
0.16249
0.020815
-0.15116
-0.33708
-0.50254
-0.60261
-0.59731
-0.46933
-0.2361
0.049705
0.31313
0.47984
0.50107
0.37137
0.13208
-0.14121
-0.36332
-0.46749
-0.4267
-0.26087
-0.027543
0.19995
0.35856
0.41595
0.37812
0.28214
0.17753
0.1044
0.077093
0.079904
0.076135
0.026605
-0.090199
-0.26473
-0.45547
-0.60138
-0.64331
-0.5464
-0.31525
0.0041506
0.33659
0.59999
0.73034
0.70084
0.52897
0.26963
-0.0030683
-0.21901
-0.33264
-0.33456
-0.25103
-0.13235
-0.034384
0.00042716
-0.043206
-0.14906
-0.27522
-0.36798
-0.37932
-0.28288
-0.083552
0.18191
0.45353
0.66384
0.75629
0.70143
0.50609
0.21292
-0.11011
-0.38762
-0.55714
-0.58623
-0.48112
-0.28419
-0.0608
0.12054
0.20868
0.18449
0.065244
-0.10264
-0.25966
-0.35269
-0.35116
-0.25468
-0.09025
0.099301
0.2707
0.3935
0.45648
0.46564
0.43565
0.3794
0.30097
0.19528
0.054833
-0.11998
-0.31231
-0.48716
-0.59896
-0.60666
-0.49103
-0.2669
0.0156
0.28296
0.46031
0.49625
0.38142
0.15338
-0.11477
-0.3386
-0.45089
-0.42422
-0.279
-0.074079
0.11674
0.23321
0.25121
0.19057
0.10511
0.05868
0.09667
0.22447
0.40167
0.55497
0.60529
0.49903
0.23155
-0.1465
-0.54287
-0.85287
-0.99378
-0.93203
-0.69359
-0.35403
-0.012228
0.24268
0.35928
0.33735
0.22294
0.087965
0.0025622
0.010467
0.11569
0.28421
0.45852
0.57873
0.60216
0.51486
0.33264
0.09278
-0.15883
-0.37989
-0.53956
-0.62081
-0.6188
-0.53828
-0.39201
-0.20097
0.0051389
0.18966
0.31473
0.35082
0.28731
0.13981
-0.050003
-0.22375
-0.32318
-0.30926
-0.17664
0.042391
0.28672
0.48568
0.58205
0.55071
0.40574
0.19366
-0.024607
-0.19596
-0.29258
-0.31817
-0.30079
-0.2759
-0.26735
-0.27502
-0.27467
-0.23065
-0.11601
0.069027
0.28896
0.48035
0.57303
0.5176
0.30834
-0.0085313
-0.3458
-0.60275
-0.69969
-0.60666
-0.35515
-0.027669
0.27139
0.4532
0.47612
0.35946
0.17405
0.013006
-0.045956
0.027699
0.20404
0.40318
0.52588
0.49263
0.2764
-0.083622
-0.49275
-0.83225
-1
-0.94549
-0.6866
-0.30235
0.095096
0.39859
0.54041
0.51096
0.35618
0.15607
-0.0064985
-0.074718
-0.034345
0.086906
0.23492
0.35215
0.39839
0.36182
0.25753
0.11601
-0.031721
-0.16546
-0.27894
-0.37442
-0.45292
-0.50594
-0.51403
-0.45387
-0.31118
-0.093507
0.16388
0.40321
0.5603
0.58631
0.46696
0.23147
-0.053576
-0.30395
-0.44484
-0.4356
-0.28319
-0.039298
0.21784
0.41023
0.48584
0.43394
0.28503
0.096083
-0.072634
-0.17987
-0.21644
-0.20436
-0.18318
-0.18967
-0.23931
-0.31757
-0.38437
-0.39027
-0.29795
-0.10041
0.17131
0.45458
0.67369
0.76419
0.69448
0.47702
0.16538
-0.16192
-0.42517
-0.56695
-0.5677
-0.4489
-0.26326
-0.07602
0.056421
0.10354
0.068385
-0.015964
-0.099276
-0.13204
-0.082523
0.0521
0.24374
0.44091
0.58345
0.62031
0.52514
0.30555
0.0029403
-0.31701
-0.58112
-0.72812
-0.72551
-0.57874
-0.33009
-0.046996
0.19698
0.34293
0.36312
0.26801
0.1016
-0.073293
-0.19524
-0.22314
-0.14797
0.0063601
0.19276
0.35747
0.45733
0.47167
0.40531
0.2823
0.1341
-0.01276
-0.14412
-0.2582
-0.35895
-0.44657
-0.5106
-0.52963
-0.479
-0.34343
-0.12952
0.12859
0.37395
0.54217
0.58265
0.47792
0.25335
-0.027516
-0.28164
-0.43319
-0.43894
-0.30289
-0.074553
0.169
0.35084
0.42135
0.37476
0.24863
0.10672
0.011799
-0.00072717
0.062027
0.15282
0.20357
0.15425
-0.019958
-0.29402
-0.59736
-0.8361
-0.92543
-0.82041
-0.53349
-0.13248
0.28081
0.60345
0.76412
0.74428
0.58073
0.34934
0.13669
0.010096
-0.0035093
0.077101
0.19836
0.29399
0.30944
0.22006
0.037252
-0.19797
-0.43023
-0.60744
-0.69445
-0.67923
-0.57104
-0.39371
-0.17766
0.046
0.2483
0.40322
0.48891
0.49078
0.40664
0.2516
0.059481
-0.12195
-0.24235
-0.26396
-0.17557
0.00057611
0.21261
0.39363
0.4828
0.44568
0.28634
0.046442
-0.20877
-0.41254
-0.5186
-0.51488
-0.42389
-0.29024
-0.16067
-0.065173
-0.0069581
0.034466
0.088896
0.17629
0.29185
0.40265
0.45852
0.41334
0.24817
-0.013888
-0.30863
-0.54881
-0.65372
-0.57933
-0.3373
0.0054768
0.34767
0.58778
0.65942
0.55435
0.32434
0.060786
-0.14038
-0.21519
-0.15561
-0.011599
0.12967
0.17952
0.084662
-0.14901
-0.45523
-0.72963
-0.86722
-0.80134
-0.52937
-0.11567
0.32924
0.68563
0.86409
0.83347
0.62781
0.33061
0.043375
-0.14965
-0.20772
-0.14227
-0.0064267
0.12894
0.20264
0.18356
0.077457
-0.08074
-0.24402
-0.37185
-0.44249
-0.45506
-0.42235
-0.35924
-0.2733
-0.16249
-0.020815
0.15116
0.33708
0.50254
0.60261
0.59731
0.46933
0.2361
-0.049705
-0.31313
-0.47984
-0.50107
-0.37137
-0.13208
0.14121
0.36332
0.46749
0.4267
0.26087
0.027543
-0.19995
-0.35856
-0.41595
-0.37812
-0.28214
-0.17753
-0.1044
-0.077093
-0.079904
-0.076135
-0.026605
0.090199
0.26473
0.45547
0.60138
0.64331
0.5464
0.31525
-0.0041506
-0.33659
-0.59999
-0.73034
-0.70084
-0.52897
-0.26963
0.0030683
0.21901
0.33264
0.33456
0.25103
0.13235
0.034384
-0.00042716
0.043206
0.14906
0.27522
0.36798
0.37932
0.28288
0.083552
-0.18191
-0.45353
-0.66384
-0.75629
-0.70143
-0.50609
-0.21292
0.11011
0.38762
0.55714
0.58623
0.48112
0.28419
0.0608
-0.12054
-0.20868
-0.18449
-0.065244
0.10264
0.25966
0.35269
0.35116
0.25468
0.09025
-0.099301
-0.2707
-0.3935
-0.45648
-0.46564
-0.43565
-0.3794
-0.30097
-0.19528
-0.054833
0.11998
0.31231
0.48716
0.59896
0.60666
0.49103
0.2669
-0.0156
-0.28296
-0.46031
-0.49625
-0.38142
-0.15338
0.11477
0.3386
0.45089
0.42422
0.279
0.074079
-0.11674
-0.23321
-0.25121
-0.19057
-0.10511
-0.05868
-0.09667
-0.22447
-0.40167
-0.55497
-0.60529
-0.49903
-0.23155
0.1465
0.54287
0.85287
0.99378
0.93203
0.69359
0.35403
0.012228
-0.24268
-0.35928
-0.33735
-0.22294
-0.087965
-0.0025622
-0.010467
-0.11569
-0.28421
-0.45852
-0.57873
-0.60216
-0.51486
-0.33264
-0.09278
0.15883
0.37989
0.53956
0.62081
0.6188
0.53828
0.39201
0.20097
-0.0051389
-0.18966
-0.31473
-0.35082
-0.28731
-0.13981
0.050003
0.22375
0.32318
0.30926
0.17664
-0.042391
-0.28672
-0.48568
-0.58205
-0.55071
-0.40574
-0.19366
0.024607
0.19596
0.29258
0.31817
0.30079
0.2759
0.26735
0.27502
0.27467
0.23065
0.11601
-0.069027
-0.28896
-0.48035
-0.57303
-0.5176
-0.30834
0.0085313
0.3458
0.60275
0.69969
0.60666
0.35515
0.027669
-0.27139
-0.4532
-0.47612
-0.35946
-0.17405
-0.013006
0.045956
-0.027699
-0.20404
-0.40318
-0.52588
-0.49263
-0.2764
0.083622
0.49275
0.83225
1
0.94549
0.6866
0.30235
-0.095096
-0.39859
-0.54041
-0.51096
-0.35618
-0.15607
0.0064985
0.074718
0.034345
-0.086906
-0.23492
-0.35215
-0.39839
-0.36182
-0.25753
-0.11601
0.031721
0.16546
0.27894
0.37442
0.45292
0.50594
0.51403
0.45387
0.31118
0.093507
-0.16388
-0.40321
-0.5603
-0.58631
-0.46696
-0.23147
0.053576
0.30395
0.44484
0.4356
0.28319
0.039298
-0.21784
-0.41023
-0.48584
-0.43394
-0.28503
-0.096083
0.072634
0.17987
0.21644
0.20436
0.18318
0.18967
0.23931
0.31757
0.38437
0.39027
0.29795
0.10041
-0.17131
-0.45458
-0.67369
-0.76419
-0.69448
-0.47702
-0.16538
0.16192
0.42517
0.56695
0.5677
0.4489
0.26326
0.07602
-0.056421
-0.10354
-0.068385
0.015964
0.099276
0.13204
0.082523
-0.0521
-0.24374
-0.44091
-0.58345
-0.62031
-0.52514
-0.30555
-0.0029403
0.31701
0.58112
0.72812
0.72551
0.57874
0.33009
0.046996
-0.19698
-0.34293
-0.36312
-0.26801
-0.1016
0.073293
0.19524
0.22314
0.14797
-0.0063601
-0.19276
-0.35747
-0.45733
-0.47167
-0.40531
-0.2823
-0.1341
0.01276
0.14412
0.2582
0.35895
0.44657
0.5106
0.52963
0.479
0.34343
0.12952
-0.12859
-0.37395
-0.54217
-0.58265
-0.47792
-0.25335
0.027516
0.28164
0.43319
0.43894
0.30289
0.074553
-0.169
-0.35084
-0.42135
-0.37476
-0.24863
-0.10672
-0.011799
0.00072717
-0.062027
-0.15282
-0.20357
-0.15425
0.019958
0.29402
0.59736
0.8361
0.92543
0.82041
0.53349
0.13248
-0.28081
-0.60345
-0.76412
-0.74428
-0.58073
-0.34934
-0.13669
-0.010096
0.0035093
-0.077101
-0.19836
-0.29399
-0.30944
-0.22006
-0.037252
0.19797
0.43023
0.60744
0.69445
0.67923
0.57104
0.39371
0.17766
-0.046
-0.2483
-0.40322
-0.48891
-0.49078
-0.40664
-0.2516
-0.059481
0.12195
0.24235
0.26396
0.17557
-0.00057611
-0.21261
-0.39363
-0.4828
-0.44568
-0.28634
-0.046442
0.20877
0.41254
0.5186
0.51488
0.42389
0.29024
0.16067
0.065173
0.0069581
-0.034466
-0.088896
-0.17629
-0.29185
-0.40265
-0.45852
-0.41334
-0.24817
0.013888
0.30863
0.54881
0.65372
0.57933
0.3373
-0.0054768
-0.34767
-0.58778
-0.65942
-0.55435
-0.32434
-0.060786
0.14038
0.21519
0.15561
0.011599
-0.12967
-0.17952
-0.084662
0.14901
0.45523
0.72963
0.86722
0.80134
0.52937
0.11567
-0.32924
-0.68563
-0.86409
-0.83347
-0.62781
-0.33061
-0.043375
0.14965
0.20772
0.14227
0.0064267
-0.12894
-0.20264
-0.18356
-0.077457
0.08074
0.24402
0.37185
0.44249
0.45506
0.42235
0.35924
0.2733
0.16249
0.020815
-0.15116
-0.33708
-0.50254
-0.60261
-0.59731
-0.46933
-0.2361
0.049705
0.31313
0.47984
0.50107
0.37137
0.13208
-0.14121
-0.36332
-0.46749
-0.4267
-0.26087
-0.027543
0.19995
0.35856
0.41595
0.37812
0.28214
0.17753
0.1044
0.077093
0.079904
0.076135
0.026605
-0.090199
-0.26473
-0.45547
-0.60138
-0.64331
-0.5464
-0.31525
0.0041506
0.33659
0.59999
0.73034
0.70084
0.52897
0.26963
-0.0030683
-0.21901
-0.33264
-0.33456
-0.25103
-0.13235
-0.034384
0.00042716
-0.043206
-0.14906
-0.27522
-0.36798
-0.37932
-0.28288
-0.083552
0.18191
0.45353
0.66384
0.75629
0.70143
0.50609
0.21292
-0.11011
-0.38762
-0.55714
-0.58623
-0.48112
-0.28419
-0.0608
0.12054
0.20868
0.18449
0.065244
-0.10264
-0.25966
-0.35269
-0.35116
-0.25468
-0.09025
0.099301
0.2707
0.3935
0.45648
0.46564
0.43565
0.3794
0.30097
0.19528
0.054833
-0.11998
-0.31231
-0.48716
-0.59896
-0.60666
-0.49103
-0.2669
0.0156
0.28296
0.46031
0.49625
0.38142
0.15338
-0.11477
-0.3386
-0.45089
-0.42422
-0.279
-0.074079
0.11674
0.23321
0.25121
0.19057
0.10511
0.05868
0.09667
0.22447
0.40167
0.55497
0.60529
0.49903
0.23155
-0.1465
-0.54287
-0.85287
-0.99378
-0.93203
-0.69359
-0.35403
-0.012228
0.24268
0.35928
0.33735
0.22294
0.087965
0.0025622
0.010467
0.11569
0.28421
0.45852
0.57873
0.60216
0.51486
0.33264
0.09278
-0.15883
-0.37989
-0.53956
-0.62081
-0.6188
-0.53828
-0.39201
-0.20097
0.0051389
0.18966
0.31473
0.35082
0.28731
0.13981
-0.050003
-0.22375
-0.32318
-0.30926
-0.17664
0.042391
0.28672
0.48568
0.58205
0.55071
0.40574
0.19366
-0.024607
-0.19596
-0.29258
-0.31817
-0.30079
-0.2759
-0.26735
-0.27502
-0.27467
-0.23065
-0.11601
0.069027
0.28896
0.48035
0.57303
0.5176
0.30834
-0.0085313
-0.3458
-0.60275
-0.69969
-0.60666
-0.35515
-0.027669
0.27139
0.4532
0.47612
0.35946
0.17405
0.013006
-0.045956
0.027699
0.20404
0.40318
0.52588
0.49263
0.2764
-0.083622
-0.49275
-0.83225
-1
-0.94549
-0.6866
-0.30235
0.095096
0.39859
0.54041
0.51096
0.35618
0.15607
-0.0064985
-0.074718
-0.034345
0.086906
0.23492
0.35215
0.39839
0.36182
0.25753
0.11601
-0.031721
-0.16546
-0.27894
-0.37442
-0.45292
-0.50594
-0.51403
-0.45387
-0.31118
-0.093507
0.16388
0.40321
0.5603
0.58631
0.46696
0.23147
-0.053576
-0.30395
-0.44484
-0.4356
-0.28319
-0.039298
0.21784
0.41023
0.48584
0.43394
0.28503
0.096083
-0.072634
-0.17987
-0.21644
-0.20436
-0.18318
-0.18967
-0.23931
-0.31757
-0.38437
-0.39027
-0.29795
-0.10041
0.17131
0.45458
0.67369
0.76419
0.69448
0.47702
0.16538
-0.16192
-0.42517
-0.56695
-0.5677
-0.4489
-0.26326
-0.07602
0.056421
0.10354
0.068385
-0.015964
-0.099276
-0.13204
-0.082523
0.0521
0.24374
0.44091
0.58345
0.62031
0.52514
0.30555
0.0029403
-0.31701
-0.58112
-0.72812
-0.72551
-0.57874
-0.33009
-0.046996
0.19698
0.34293
0.36312
0.26801
0.1016
-0.073293
-0.19524
-0.22314
-0.14797
0.0063601
0.19276
0.35747
0.45733
0.47167
0.40531
0.2823
0.1341
-0.01276
-0.14412
-0.2582
-0.35895
-0.44657
-0.5106
-0.52963
-0.479
-0.34343
-0.12952
0.12859
0.37395
0.54217
0.58265
0.47792
0.25335
-0.027516
-0.28164
-0.43319
-0.43894
-0.30289
-0.074553
0.169
0.35084
0.42135
0.37476
0.24863
0.10672
0.011799
-0.00072717
0.062027
0.15282
0.20357
0.15425
-0.019958
-0.29402
-0.59736
-0.8361
-0.92543
-0.82041
-0.53349
-0.13248
0.28081
0.60345
0.76412
0.74428
0.58073
0.34934
0.13669
0.010096
-0.0035093
0.077101
0.19836
0.29399
0.30944
0.22006
0.037252
-0.19797
-0.43023
-0.60744
-0.69445
-0.67923
-0.57104
-0.39371
-0.17766
0.046
0.2483
0.40322
0.48891
0.49078
0.40664
0.2516
0.059481
-0.12195
-0.24235
-0.26396
-0.17557
0.00057611
0.21261
0.39363
0.4828
0.44568
0.28634
0.046442
-0.20877
-0.41254
-0.5186
-0.51488
-0.42389
-0.29024
-0.16067
-0.065173
-0.0069581
0.034466
0.088896
0.17629
0.29185
0.40265
0.45852
0.41334
0.24817
-0.013888
-0.30863
-0.54881
-0.65372
-0.57933
-0.3373
0.0054768
0.34767
0.58778
0.65942
0.55435
0.32434
0.060786
-0.14038
-0.21519
-0.15561
-0.011599
0.12967
0.17952
0.084662
-0.14901
-0.45523
-0.72963
-0.86722
-0.80134
-0.52937
-0.11567
0.32924
0.68563
0.86409
0.83347
0.62781
0.33061
0.043375
-0.14965
-0.20772
-0.14227
-0.0064267
0.12894
0.20264
0.18356
0.077457
-0.08074
-0.24402
-0.37185
-0.44249
-0.45506
-0.42235
-0.35924
-0.2733
-0.16249
-0.020815
0.15116
0.33708
0.50254
0.60261
0.59731
0.46933
0.2361
-0.049705
-0.31313
-0.47984
-0.50107
-0.37137
-0.13208
0.14121
0.36332
0.46749
0.4267
0.26087
0.027543
-0.19995
-0.35856
-0.41595
-0.37812
-0.28214
-0.17753
-0.1044
-0.077093
-0.079904
-0.076135
-0.026605
0.090199
0.26473
0.45547
0.60138
0.64331
0.5464
0.31525
-0.0041506
-0.33659
-0.59999
-0.73034
-0.70084
-0.52897
-0.26963
0.0030683
0.21901
0.33264
0.33456
0.25103
0.13235
0.034384
-0.00042716
0.043206
0.14906
0.27522
0.36798
0.37932
0.28288
0.083552
-0.18191
-0.45353
-0.66384
-0.75629
-0.70143
-0.50609
-0.21292
0.11011
0.38762
0.55714
0.58623
0.48112
0.28419
0.0608
-0.12054
-0.20868
-0.18449
-0.065244
0.10264
0.25966
0.35269
0.35116
0.25468
0.09025
-0.099301
-0.2707
-0.3935
-0.45648
-0.46564
-0.43565
-0.3794
-0.30097
-0.19528
-0.054833
0.11998
0.31231
0.48716
0.59896
0.60666
0.49103
0.2669
-0.0156
-0.28296
-0.46031
-0.49625
-0.38142
-0.15338
0.11477
0.3386
0.45089
0.42422
0.279
0.074079
-0.11674
-0.23321
-0.25121
-0.19057
-0.10511
-0.05868
-0.09667
-0.22447
-0.40167
-0.55497
-0.60529
-0.49903
-0.23155
0.1465
0.54287
0.85287
0.99378
0.93203
0.69359
0.35403
0.012228
-0.24268
-0.35928
-0.33735
-0.22294
-0.087965
-0.0025622
-0.010467
-0.11569
-0.28421
-0.45852
-0.57873
-0.60216
-0.51486
-0.33264
-0.09278
0.15883
0.37989
0.53956
0.62081
0.6188
0.53828
0.39201
0.20097
-0.0051389
-0.18966
-0.31473
-0.35082
-0.28731
-0.13981
0.050003
0.22375
0.32318
0.30926
0.17664
-0.042391
-0.28672
-0.48568
-0.58205
-0.55071
-0.40574
-0.19366
0.024607
0.19596
0.29258
0.31817
0.30079
0.2759
0.26735
0.27502
0.27467
0.23065
0.11601
-0.069027
-0.28896
-0.48035
-0.57303
-0.5176
-0.30834
0.0085313
0.3458
0.60275
0.69969
0.60666
0.35515
0.027669
-0.27139
-0.4532
-0.47612
-0.35946
-0.17405
-0.013006
0.045956
-0.027699
-0.20404
-0.40318
-0.52588
-0.49263
-0.2764
0.083622
0.49275
0.83225
1
0.94549
0.6866
0.30235
-0.095096
-0.39859
-0.54041
-0.51096
-0.35618
-0.15607
0.0064985
0.074718
0.034345
-0.086906
-0.23492
-0.35215
-0.39839
-0.36182
-0.25753
-0.11601
0.031721
0.16546
0.27894
0.37442
0.45292
0.50594
0.51403
0.45387
0.31118
0.093507
-0.16388
-0.40321
-0.5603
-0.58631
-0.46696
-0.23147
0.053576
0.30395
0.44484
0.4356
0.28319
0.039298
-0.21784
-0.41023
-0.48584
-0.43394
-0.28503
-0.096083
0.072634
0.17987
0.21644
0.20436
0.18318
0.18967
0.23931
0.31757
0.38437
0.39027
0.29795
0.10041
-0.17131
-0.45458
-0.67369
-0.76419
-0.69448
-0.47702
-0.16538
0.16192
0.42517
0.56695
0.5677
0.4489
0.26326
0.07602
-0.056421
-0.10354
-0.068385
0.015964
0.099276
0.13204
0.082523
-0.0521
-0.24374
-0.44091
-0.58345
-0.62031
-0.52514
-0.30555
-0.0029403
0.31701
0.58112
0.72812
0.72551
0.57874
0.33009
0.046996
-0.19698
-0.34293
-0.36312
-0.26801
-0.1016
0.073293
0.19524
0.22314
0.14797
-0.0063601
-0.19276
-0.35747
-0.45733
-0.47167
-0.40531
-0.2823
-0.1341
0.01276
0.14412
0.2582
0.35895
0.44657
0.5106
0.52963
0.479
0.34343
0.12952
-0.12859
-0.37395
-0.54217
-0.58265
-0.47792
-0.25335
0.027516
0.28164
0.43319
0.43894
0.30289
0.074553
-0.169
-0.35084
-0.42135
-0.37476
-0.24863
-0.10672
-0.011799
0.00072717
-0.062027
-0.15282
-0.20357
-0.15425
0.019958
0.29402
0.59736
0.8361
0.92543
0.82041
0.53349
0.13248
-0.28081
-0.60345
-0.76412
-0.74428
-0.58073
-0.34934
-0.13669
-0.010096
0.0035093
-0.077101
-0.19836
-0.29399
-0.30944
-0.22006
-0.037252
0.19797
0.43023
0.60744
0.69445
0.67923
0.57104
0.39371
0.17766
-0.046
-0.2483
-0.40322
-0.48891
-0.49078
-0.40664
-0.2516
-0.059481
0.12195
0.24235
0.26396
0.17557
-0.00057611
-0.21261
-0.39363
-0.4828
-0.44568
-0.28634
-0.046442
0.20877
0.41254
0.5186
0.51488
0.42389
0.29024
0.16067
0.065173
0.0069581
-0.034466
-0.088896
-0.17629
-0.29185
-0.40265
-0.45852
-0.41334
-0.24817
0.013888
0.30863
0.54881
0.65372
0.57933
0.3373
-0.0054768
-0.34767
-0.58778
-0.65942
-0.55435
-0.32434
-0.060786
0.14038
0.21519
0.15561
0.011599
-0.12967
-0.17952
-0.084662
0.14901
0.45523
0.72963
0.86722
0.80134
0.52937
0.11567
-0.32924
-0.68563
-0.86409
-0.83347
-0.62781
-0.33061
-0.043375
0.14965
0.20772
0.14227
0.0064267
