-0.18173
-0.28901
-0.39542
-0.45454
-0.42159
-0.27468
-0.029604
0.25882
0.51083
0.64721
0.61731
0.41909
0.10322
-0.24146
-0.51647
-0.64654
-0.60495
-0.42189
-0.17265
0.050379
0.17182
0.16092
0.042469
-0.11321
-0.21762
-0.19879
-0.030459
0.2552
0.57621
0.82802
0.91964
0.80569
0.5032
0.086932
-0.33465
-0.6544
-0.80001
-0.75486
-0.55943
-0.29393
-0.049143
0.10381
0.13433
0.057501
-0.076748
-0.20514
-0.27438
-0.2579
-0.16073
-0.012481
0.14736
0.28482
0.38138
0.43517
0.45436
0.44716
0.4139
0.34567
0.23019
0.062468
-0.14532
-0.36015
-0.53365
-0.61624
-0.57502
-0.40854
-0.15228
0.12861
0.35762
0.47063
0.43672
0.26876
0.01969
-0.23457
-0.41951
-0.48552
-0.4222
-0.25893
-0.05197
0.13673
0.26111
0.30501
0.28407
0.23532
0.19908
0.20067
0.23895
0.28632
0.3001
0.24085
0.090585
-0.13622
-0.39331
-0.61521
-0.73748
-0.71783
-0.55076
-0.27082
0.056758
0.35491
0.55687
0.62473
0.55857
0.39396
0.18904
0.0057813
-0.10872
-0.1351
-0.085362
0.0031685
0.081353
0.10467
0.047708
-0.087422
-0.27094
-0.45338
-0.57932
-0.60317
-0.50264
-0.28627
0.0070318
0.31663
0.57496
0.72468
0.73373
0.6041
0.37165
0.096792
-0.15173
-0.31546
-0.36199
-0.29318
-0.14336
0.031842
0.1728
0.23367
0.19534
0.069541
-0.10684
-0.28476
-0.41878
-0.48004
-0.46235
-0.37995
-0.25863
-0.1244
0.0055712
0.12603
0.2401
0.35114
0.45429
0.5324
0.55896
0.50783
0.36617
0.14521
-0.11659
-0.36053
-0.52374
-0.55943
-0.45402
-0.23462
0.036848
0.28182
0.4297
0.44062
0.3182
0.10752
-0.12116
-0.2974
-0.37504
-0.34745
-0.24777
-0.13415
-0.065457
-0.076787
-0.16405
-0.28389
-0.36929
-0.35543
-0.20614
0.068784
0.41252
0.73705
0.95098
0.98951
0.83623
0.52902
0.14807
-0.20976
-0.46126
-0.56161
-0.5155
-0.37138
-0.20192
-0.077941
-0.045
-0.11043
-0.24417
-0.39197
-0.49527
-0.51049
-0.42137
-0.24126
-0.0060648
0.23828
0.44871
0.59419
0.6591
0.64183
0.5508
0.40102
0.21235
0.0095793
-0.17787
-0.3184
-0.38415
-0.35921
-0.24736
-0.075518
0.10985
0.25386
0.30915
0.25151
0.089605
-0.13555
-0.36192
-0.52539
-0.57994
-0.51197
-0.34369
-0.12422
0.08816
0.24597
0.32722
0.33937
0.31156
0.27852
0.26325
0.26599
0.26417
0.22392
0.11835
-0.055286
-0.26721
-0.46035
-0.56832
-0.5401
-0.36206
-0.068225
0.2662
0.54698
0.69153
0.65722
0.45677
0.15477
-0.15426
-0.37848
-0.46052
-0.39676
-0.23697
-0.064234
0.037434
0.015958
-0.12783
-0.33898
-0.52782
-0.60282
-0.5053
-0.23296
0.15615
0.56112
0.87077
1
0.91719
0.65327
0.28984
-0.068912
-0.33026
-0.44111
-0.40105
-0.25692
-0.082117
0.050851
0.094521
0.039243
-0.088683
-0.2411
-0.36766
-0.43314
-0.42624
-0.35786
-0.2512
-0.12933
-0.0060416
0.11601
0.23988
0.36501
0.4794
0.55811
0.56983
0.48977
0.31337
0.064849
-0.20436
-0.42809
-0.54544
-0.52141
-0.3606
-0.10832
0.162
0.37126
0.45957
0.40488
0.229
-0.01108
-0.24315
-0.40392
-0.45866
-0.40979
-0.29172
-0.1548
-0.044683
0.014739
0.028615
0.026112
0.045498
0.11543
0.23999
0.39343
0.52705
0.58576
0.52855
0.34527
0.063548
-0.25683
-0.54055
-0.71889
-0.75008
-0.63136
-0.39907
-0.11692
0.14341
0.32307
0.39188
0.35464
0.24653
0.1198
0.026154
0.00041103
0.050261
0.1547
0.27129
0.34964
0.34724
0.24294
0.044503
-0.21188
-0.47
-0.6678
-0.75368
-0.70064
-0.51439
-0.23317
0.081218
0.35882
0.53959
0.58917
0.50771
0.32935
0.11201
-0.079421
-0.19176
-0.19836
-0.10568
0.050246
0.21617
0.33861
0.37988
0.32804
0.19796
0.023743
-0.15412
-0.30187
-0.40113
-0.4504
-0.4596
-0.44087
-0.40017
-0.33374
-0.23131
-0.084717
0.10212
0.30674
0.48938
0.60268
0.60733
0.48811
0.26379
-0.01386
-0.2729
-0.44248
-0.47556
-0.36503
-0.14709
0.10992
0.32781
0.44438
0.43357
0.31278
0.13461
-0.033985
-0.1374
-0.15228
-0.095837
-0.01809
0.018929
-0.032577
-0.18457
-0.40465
-0.62437
-0.76185
-0.75077
-0.56545
-0.23267
0.17424
0.55724
0.82405
0.91664
0.8282
0.60303
0.31992
0.065175
-0.09516
-0.13458
-0.070919
0.043857
0.14438
0.17523
0.10882
-0.047485
-0.2565
-0.46517
-0.62184
-0.69061
-0.65867
-0.53565
-0.34702
-0.12529
0.097512
0.29395
0.44219
0.52565
0.53357
0.46347
0.32488
0.14192
-0.047747
-0.1995
-0.27303
-0.24523
-0.11994
0.069672
0.26836
0.4143
0.45822
0.37959
0.19404
-0.051093
-0.29193
-0.4686
-0.54403
-0.51407
-0.40555
-0.26332
-0.13166
-0.03751
0.017747
0.054769
0.10273
0.18173
0.28901
0.39542
0.45454
0.42159
0.27468
0.029604
-0.25882
-0.51083
-0.64721
-0.61731
-0.41909
-0.10322
0.24146
0.51647
0.64654
0.60495
0.42189
0.17265
-0.050379
-0.17182
-0.16092
-0.042469
0.11321
0.21762
0.19879
0.030459
-0.2552
-0.57621
-0.82802
-0.91964
-0.80569
-0.5032
-0.086932
0.33465
0.6544
0.80001
0.75486
0.55943
0.29393
0.049143
-0.10381
-0.13433
-0.057501
0.076748
0.20514
0.27438
0.2579
0.16073
0.012481
-0.14736
-0.28482
-0.38138
-0.43517
-0.45436
-0.44716
-0.4139
-0.34567
-0.23019
-0.062468
0.14532
0.36015
0.53365
0.61624
0.57502
0.40854
0.15228
-0.12861
-0.35762
-0.47063
-0.43672
-0.26876
-0.01969
0.23457
0.41951
0.48552
0.4222
0.25893
0.05197
-0.13673
-0.26111
-0.30501
-0.28407
-0.23532
-0.19908
-0.20067
-0.23895
-0.28632
-0.3001
-0.24085
-0.090585
0.13622
0.39331
0.61521
0.73748
0.71783
0.55076
0.27082
-0.056758
-0.35491
-0.55687
-0.62473
-0.55857
-0.39396
-0.18904
-0.0057813
0.10872
0.1351
0.085362
-0.0031685
-0.081353
-0.10467
-0.047708
0.087422
0.27094
0.45338
0.57932
0.60317
0.50264
0.28627
-0.0070318
-0.31663
-0.57496
-0.72468
-0.73373
-0.6041
-0.37165
-0.096792
0.15173
0.31546
0.36199
0.29318
0.14336
-0.031842
-0.1728
-0.23367
-0.19534
-0.069541
0.10684
0.28476
0.41878
0.48004
0.46235
0.37995
0.25863
0.1244
-0.0055712
-0.12603
-0.2401
-0.35114
-0.45429
-0.5324
-0.55896
-0.50783
-0.36617
-0.14521
0.11659
0.36053
0.52374
0.55943
0.45402
0.23462
-0.036848
-0.28182
-0.4297
-0.44062
-0.3182
-0.10752
0.12116
0.2974
0.37504
0.34745
0.24777
0.13415
0.065457
0.076787
0.16405
0.28389
0.36929
0.35543
0.20614
-0.068784
-0.41252
-0.73705
-0.95098
-0.98951
-0.83623
-0.52902
-0.14807
0.20976
0.46126
0.56161
0.5155
0.37138
0.20192
0.077941
0.045
0.11043
0.24417
0.39197
0.49527
0.51049
0.42137
0.24126
0.0060648
-0.23828
-0.44871
-0.59419
-0.6591
-0.64183
-0.5508
-0.40102
-0.21235
-0.0095793
0.17787
0.3184
0.38415
0.35921
0.24736
0.075518
-0.10985
-0.25386
-0.30915
-0.25151
-0.089605
0.13555
0.36192
0.52539
0.57994
0.51197
0.34369
0.12422
-0.08816
-0.24597
-0.32722
-0.33937
-0.31156
-0.27852
-0.26325
-0.26599
-0.26417
-0.22392
-0.11835
0.055286
0.26721
0.46035
0.56832
0.5401
0.36206
0.068225
-0.2662
-0.54698
-0.69153
-0.65722
-0.45677
-0.15477
0.15426
0.37848
0.46052
0.39676
0.23697
0.064234
-0.037434
-0.015958
0.12783
0.33898
0.52782
0.60282
0.5053
0.23296
-0.15615
-0.56112
-0.87077
-1
-0.91719
-0.65327
-0.28984
0.068912
0.33026
0.44111
0.40105
0.25692
0.082117
-0.050851
-0.094521
-0.039243
0.088683
0.2411
0.36766
0.43314
0.42624
0.35786
0.2512
0.12933
0.0060416
-0.11601
-0.23988
-0.36501
-0.4794
-0.55811
-0.56983
-0.48977
-0.31337
-0.064849
0.20436
0.42809
0.54544
0.52141
0.3606
0.10832
-0.162
-0.37126
-0.45957
-0.40488
-0.229
0.01108
0.24315
0.40392
0.45866
0.40979
0.29172
0.1548
0.044683
-0.014739
-0.028615
-0.026112
-0.045498
-0.11543
-0.23999
-0.39343
-0.52705
-0.58576
-0.52855
-0.34527
-0.063548
0.25683
0.54055
0.71889
0.75008
0.63136
0.39907
0.11692
-0.14341
-0.32307
-0.39188
-0.35464
-0.24653
-0.1198
-0.026154
-0.00041103
-0.050261
-0.1547
-0.27129
-0.34964
-0.34724
-0.24294
-0.044503
0.21188
0.47
0.6678
0.75368
0.70064
0.51439
0.23317
-0.081218
-0.35882
-0.53959
-0.58917
-0.50771
-0.32935
-0.11201
0.079421
0.19176
0.19836
0.10568
-0.050246
-0.21617
-0.33861
-0.37988
-0.32804
-0.19796
-0.023743
0.15412
0.30187
0.40113
0.4504
0.4596
0.44087
0.40017
0.33374
0.23131
0.084717
-0.10212
-0.30674
-0.48938
-0.60268
-0.60733
-0.48811
-0.26379
0.01386
0.2729
0.44248
0.47556
0.36503
0.14709
-0.10992
-0.32781
-0.44438
-0.43357
-0.31278
-0.13461
0.033985
0.1374
0.15228
0.095837
0.01809
-0.018929
0.032577
0.18457
0.40465
0.62437
0.76185
0.75077
0.56545
0.23267
-0.17424
-0.55724
-0.82405
-0.91664
-0.8282
-0.60303
-0.31992
-0.065175
0.09516
0.13458
0.070919
-0.043857
-0.14438
-0.17523
-0.10882
0.047485
0.2565
0.46517
0.62184
0.69061
0.65867
0.53565
0.34702
0.12529
-0.097512
-0.29395
-0.44219
-0.52565
-0.53357
-0.46347
-0.32488
-0.14192
0.047747
0.1995
0.27303
0.24523
0.11994
-0.069672
-0.26836
-0.4143
-0.45822
-0.37959
-0.19404
0.051093
0.29193
0.4686
0.54403
0.51407
0.40555
0.26332
0.13166
0.03751
-0.017747
-0.054769
-0.10273
-0.18173
-0.28901
-0.39542
-0.45454
-0.42159
-0.27468
-0.029604
0.25882
0.51083
0.64721
0.61731
0.41909
0.10322
-0.24146
-0.51647
-0.64654
-0.60495
-0.42189
-0.17265
0.050379
0.17182
0.16092
0.042469
-0.11321
-0.21762
-0.19879
-0.030459
0.2552
0.57621
0.82802
0.91964
0.80569
0.5032
0.086932
-0.33465
-0.6544
-0.80001
-0.75486
-0.55943
-0.29393
-0.049143
0.10381
0.13433
0.057501
-0.076748
-0.20514
-0.27438
-0.2579
-0.16073
-0.012481
0.14736
0.28482
0.38138
0.43517
0.45436
0.44716
0.4139
0.34567
0.23019
0.062468
-0.14532
-0.36015
-0.53365
-0.61624
-0.57502
-0.40854
-0.15228
0.12861
0.35762
0.47063
0.43672
0.26876
0.01969
-0.23457
-0.41951
-0.48552
-0.4222
-0.25893
-0.05197
0.13673
0.26111
0.30501
0.28407
0.23532
0.19908
0.20067
0.23895
0.28632
0.3001
0.24085
0.090585
-0.13622
-0.39331
-0.61521
-0.73748
-0.71783
-0.55076
-0.27082
0.056758
0.35491
0.55687
0.62473
0.55857
0.39396
0.18904
0.0057813
-0.10872
-0.1351
-0.085362
0.0031685
0.081353
0.10467
0.047708
-0.087422
-0.27094
-0.45338
-0.57932
-0.60317
-0.50264
-0.28627
0.0070318
0.31663
0.57496
0.72468
0.73373
0.6041
0.37165
0.096792
-0.15173
-0.31546
-0.36199
-0.29318
-0.14336
0.031842
0.1728
0.23367
0.19534
0.069541
-0.10684
-0.28476
-0.41878
-0.48004
-0.46235
-0.37995
-0.25863
-0.1244
0.0055712
0.12603
0.2401
0.35114
0.45429
0.5324
0.55896
0.50783
0.36617
0.14521
-0.11659
-0.36053
-0.52374
-0.55943
-0.45402
-0.23462
0.036848
0.28182
0.4297
0.44062
0.3182
0.10752
-0.12116
-0.2974
-0.37504
-0.34745
-0.24777
-0.13415
-0.065457
-0.076787
-0.16405
-0.28389
-0.36929
-0.35543
-0.20614
0.068784
0.41252
0.73705
0.95098
0.98951
0.83623
0.52902
0.14807
-0.20976
-0.46126
-0.56161
-0.5155
-0.37138
-0.20192
-0.077941
-0.045
-0.11043
-0.24417
-0.39197
-0.49527
-0.51049
-0.42137
-0.24126
-0.0060648
0.23828
0.44871
0.59419
0.6591
0.64183
0.5508
0.40102
0.21235
0.0095793
-0.17787
-0.3184
-0.38415
-0.35921
-0.24736
-0.075518
0.10985
0.25386
0.30915
0.25151
0.089605
-0.13555
-0.36192
-0.52539
-0.57994
-0.51197
-0.34369
-0.12422
0.08816
0.24597
0.32722
0.33937
0.31156
0.27852
0.26325
0.26599
0.26417
0.22392
0.11835
-0.055286
-0.26721
-0.46035
-0.56832
-0.5401
-0.36206
-0.068225
0.2662
0.54698
0.69153
0.65722
0.45677
0.15477
-0.15426
-0.37848
-0.46052
-0.39676
-0.23697
-0.064234
0.037434
0.015958
-0.12783
-0.33898
-0.52782
-0.60282
-0.5053
-0.23296
0.15615
0.56112
0.87077
1
0.91719
0.65327
0.28984
-0.068912
-0.33026
-0.44111
-0.40105
-0.25692
-0.082117
0.050851
0.094521
0.039243
-0.088683
-0.2411
-0.36766
-0.43314
-0.42624
-0.35786
-0.2512
-0.12933
-0.0060416
0.11601
0.23988
0.36501
0.4794
0.55811
0.56983
0.48977
0.31337
0.064849
-0.20436
-0.42809
-0.54544
-0.52141
-0.3606
-0.10832
0.162
0.37126
0.45957
0.40488
0.229
-0.01108
-0.24315
-0.40392
-0.45866
-0.40979
-0.29172
-0.1548
-0.044683
0.014739
0.028615
0.026112
0.045498
0.11543
0.23999
0.39343
0.52705
0.58576
0.52855
0.34527
0.063548
-0.25683
-0.54055
-0.71889
-0.75008
-0.63136
-0.39907
-0.11692
0.14341
0.32307
0.39188
0.35464
0.24653
0.1198
0.026154
0.00041103
0.050261
0.1547
0.27129
0.34964
0.34724
0.24294
0.044503
-0.21188
-0.47
-0.6678
-0.75368
-0.70064
-0.51439
-0.23317
0.081218
0.35882
0.53959
0.58917
0.50771
0.32935
0.11201
-0.079421
-0.19176
-0.19836
-0.10568
0.050246
0.21617
0.33861
0.37988
0.32804
0.19796
0.023743
-0.15412
-0.30187
-0.40113
-0.4504
-0.4596
-0.44087
-0.40017
-0.33374
-0.23131
-0.084717
0.10212
0.30674
0.48938
0.60268
0.60733
0.48811
0.26379
-0.01386
-0.2729
-0.44248
-0.47556
-0.36503
-0.14709
0.10992
0.32781
0.44438
0.43357
0.31278
0.13461
-0.033985
-0.1374
-0.15228
-0.095837
-0.01809
0.018929
-0.032577
-0.18457
-0.40465
-0.62437
-0.76185
-0.75077
-0.56545
-0.23267
0.17424
0.55724
0.82405
0.91664
0.8282
0.60303
0.31992
0.065175
-0.09516
-0.13458
-0.070919
0.043857
0.14438
0.17523
0.10882
-0.047485
-0.2565
-0.46517
-0.62184
-0.69061
-0.65867
-0.53565
-0.34702
-0.12529
0.097512
0.29395
0.44219
0.52565
0.53357
0.46347
0.32488
0.14192
-0.047747
-0.1995
-0.27303
-0.24523
-0.11994
0.069672
0.26836
0.4143
0.45822
0.37959
0.19404
-0.051093
-0.29193
-0.4686
-0.54403
-0.51407
-0.40555
-0.26332
-0.13166
-0.03751
0.017747
0.054769
0.10273
0.18173
0.28901
0.39542
0.45454
0.42159
0.27468
0.029604
-0.25882
-0.51083
-0.64721
-0.61731
-0.41909
-0.10322
0.24146
0.51647
0.64654
0.60495
0.42189
0.17265
-0.050379
-0.17182
-0.16092
-0.042469
0.11321
0.21762
0.19879
0.030459
-0.2552
-0.57621
-0.82802
-0.91964
-0.80569
-0.5032
-0.086932
0.33465
0.6544
0.80001
0.75486
0.55943
0.29393
0.049143
-0.10381
-0.13433
-0.057501
0.076748
0.20514
0.27438
0.2579
0.16073
0.012481
-0.14736
-0.28482
-0.38138
-0.43517
-0.45436
-0.44716
-0.4139
-0.34567
-0.23019
-0.062468
0.14532
0.36015
0.53365
0.61624
0.57502
0.40854
0.15228
-0.12861
-0.35762
-0.47063
-0.43672
-0.26876
-0.01969
0.23457
0.41951
0.48552
0.4222
0.25893
0.05197
-0.13673
-0.26111
-0.30501
-0.28407
-0.23532
-0.19908
-0.20067
-0.23895
-0.28632
-0.3001
-0.24085
-0.090585
0.13622
0.39331
0.61521
0.73748
0.71783
0.55076
0.27082
-0.056758
-0.35491
-0.55687
-0.62473
-0.55857
-0.39396
-0.18904
-0.0057813
0.10872
0.1351
0.085362
-0.0031685
-0.081353
-0.10467
-0.047708
0.087422
0.27094
0.45338
0.57932
0.60317
0.50264
0.28627
-0.0070318
-0.31663
-0.57496
-0.72468
-0.73373
-0.6041
-0.37165
-0.096792
0.15173
0.31546
0.36199
0.29318
0.14336
-0.031842
-0.1728
-0.23367
-0.19534
-0.069541
0.10684
0.28476
0.41878
0.48004
0.46235
0.37995
0.25863
0.1244
-0.0055712
-0.12603
-0.2401
-0.35114
-0.45429
-0.5324
-0.55896
-0.50783
-0.36617
-0.14521
0.11659
0.36053
0.52374
0.55943
0.45402
0.23462
-0.036848
-0.28182
-0.4297
-0.44062
-0.3182
-0.10752
0.12116
0.2974
0.37504
0.34745
0.24777
0.13415
0.065457
0.076787
0.16405
0.28389
0.36929
0.35543
0.20614
-0.068784
-0.41252
-0.73705
-0.95098
-0.98951
-0.83623
-0.52902
-0.14807
0.20976
0.46126
0.56161
0.5155
0.37138
0.20192
0.077941
0.045
0.11043
0.24417
0.39197
0.49527
0.51049
0.42137
0.24126
0.0060648
-0.23828
-0.44871
-0.59419
-0.6591
-0.64183
-0.5508
-0.40102
-0.21235
-0.0095793
0.17787
0.3184
0.38415
0.35921
0.24736
0.075518
-0.10985
-0.25386
-0.30915
-0.25151
-0.089605
0.13555
0.36192
0.52539
0.57994
0.51197
0.34369
0.12422
-0.08816
-0.24597
-0.32722
-0.33937
-0.31156
-0.27852
-0.26325
-0.26599
-0.26417
-0.22392
-0.11835
0.055286
0.26721
0.46035
0.56832
0.5401
0.36206
0.068225
-0.2662
-0.54698
-0.69153
-0.65722
-0.45677
-0.15477
0.15426
0.37848
0.46052
0.39676
0.23697
0.064234
-0.037434
-0.015958
0.12783
0.33898
0.52782
0.60282
0.5053
0.23296
-0.15615
-0.56112
-0.87077
-1
-0.91719
-0.65327
-0.28984
0.068912
0.33026
0.44111
0.40105
0.25692
0.082117
-0.050851
-0.094521
-0.039243
0.088683
0.2411
0.36766
0.43314
0.42624
0.35786
0.2512
0.12933
0.0060416
-0.11601
-0.23988
-0.36501
-0.4794
-0.55811
-0.56983
-0.48977
-0.31337
-0.064849
0.20436
0.42809
0.54544
0.52141
0.3606
0.10832
-0.162
-0.37126
-0.45957
-0.40488
-0.229
0.01108
0.24315
0.40392
0.45866
0.40979
0.29172
0.1548
0.044683
-0.014739
-0.028615
-0.026112
-0.045498
-0.11543
-0.23999
-0.39343
-0.52705
-0.58576
-0.52855
-0.34527
-0.063548
0.25683
0.54055
0.71889
0.75008
0.63136
0.39907
0.11692
-0.14341
-0.32307
-0.39188
-0.35464
-0.24653
-0.1198
-0.026154
-0.00041103
-0.050261
-0.1547
-0.27129
-0.34964
-0.34724
-0.24294
-0.044503
0.21188
0.47
0.6678
0.75368
0.70064
0.51439
0.23317
-0.081218
-0.35882
-0.53959
-0.58917
-0.50771
-0.32935
-0.11201
0.079421
0.19176
0.19836
0.10568
-0.050246
-0.21617
-0.33861
-0.37988
-0.32804
-0.19796
-0.023743
0.15412
0.30187
0.40113
0.4504
0.4596
0.44087
0.40017
0.33374
0.23131
0.084717
-0.10212
-0.30674
-0.48938
-0.60268
-0.60733
-0.48811
-0.26379
0.01386
0.2729
0.44248
0.47556
0.36503
0.14709
-0.10992
-0.32781
-0.44438
-0.43357
-0.31278
-0.13461
0.033985
0.1374
0.15228
0.095837
0.01809
-0.018929
0.032577
0.18457
0.40465
0.62437
0.76185
0.75077
0.56545
0.23267
-0.17424
-0.55724
-0.82405
-0.91664
-0.8282
-0.60303
-0.31992
-0.065175
0.09516
0.13458
0.070919
-0.043857
-0.14438
-0.17523
-0.10882
0.047485
0.2565
0.46517
0.62184
0.69061
0.65867
0.53565
0.34702
0.12529
-0.097512
-0.29395
-0.44219
-0.52565
-0.53357
-0.46347
-0.32488
-0.14192
0.047747
0.1995
0.27303
0.24523
0.11994
-0.069672
-0.26836
-0.4143
-0.45822
-0.37959
-0.19404
0.051093
0.29193
0.4686
0.54403
0.51407
0.40555
0.26332
0.13166
0.03751
-0.017747
-0.054769
-0.10273
