-0.86541
-0.91925
-0.86429
-0.70438
-0.46118
-0.17459
0.10247
0.31533
0.42276
0.41109
0.30144
0.14609
0.013267
-0.035335
0.032966
0.20778
0.43584
0.6366
0.72848
0.65721
0.41609
0.051007
-0.35192
-0.69217
-0.88536
-0.88828
-0.71041
-0.40861
-0.067671
0.22634
0.41079
0.46179
0.39627
0.26158
0.11739
0.016142
-0.011826
0.034928
0.13109
0.2338
0.29568
0.27826
0.16292
-0.042872
-0.30503
-0.56868
-0.7697
-0.85028
-0.77517
-0.54427
-0.19713
0.19361
0.5397
0.76163
0.81277
0.69494
0.45912
0.18951
-0.02472
-0.12077
-0.085118
0.041054
0.17727
0.23523
0.15522
-0.066627
-0.3714
-0.65511
-0.80561
-0.74554
-0.46506
-0.031087
0.43174
0.78246
0.91281
0.78561
0.44797
0.013928
-0.3772
-0.611
-0.63778
-0.48673
-0.24959
-0.04046
0.051859
-7.0079e-15
-0.1519
-0.30809
-0.36294
-0.24758
0.03765
0.41842
0.77166
0.97129
0.9366
0.66427
0.23135
-0.23179
-0.5882
-0.74246
-0.67206
-0.43043
-0.12171
0.14171
0.28167
0.27989
0.17762
0.050999
-0.026408
-0.017524
0.06229
0.15359
0.18149
0.092006
-0.11979
-0.40194
-0.66207
-0.80163
-0.75432
-0.51322
-0.13567
0.27591
0.60974
0.78285
0.7674
0.59552
0.34238
0.095193
-0.078619
-0.15187
-0.1396
-0.083924
-0.029731
-0.002956
-0.00079412
0.0023814
0.037072
0.11776
0.2294
0.32835
0.35808
0.27349
0.063429
-0.23863
-0.56104
-0.81599
-0.92891
-0.86421
-0.63757
-0.31029
0.031856
0.3069
0.46163
0.48443
0.40271
0.26753
0.13278
0.03753
-0.002305
0.0085712
0.054813
0.12168
0.20157
0.29298
0.39327
0.49016
0.55774
0.56067
0.46648
0.26114
-0.038759
-0.38379
-0.70187
-0.91873
-0.98155
-0.87735
-0.63877
-0.33475
-0.048866
0.14691
0.21411
0.15785
0.022127
-0.12705
-0.2242
-0.22451
-0.11535
0.083556
0.32942
0.57056
0.75985
0.86374
0.86539
0.76366
0.57031
0.30789
0.0085392
-0.28747
-0.53564
-0.69486
-0.73781
-0.66102
-0.4901
-0.27635
-0.083995
0.029296
0.032148
-0.067692
-0.22318
-0.36187
-0.41013
-0.31964
-0.086788
0.24243
0.58443
0.84347
0.94193
0.84538
0.57369
0.19485
-0.19625
-0.5066
-0.67176
-0.67206
-0.53395
-0.31737
-0.094397
0.073355
0.15141
0.13904
0.065098
-0.024124
-0.080631
-0.069227
0.022625
0.18136
0.37041
0.53868
0.63284
0.61096
0.45485
0.17814
-0.17285
-0.52699
-0.80455
-0.93834
-0.89394
-0.68243
-0.36005
-0.0134
0.26659
0.41376
0.40883
0.28604
0.12052
-7.9574e-16
-0.0095416
0.10866
0.31262
0.5149
0.61514
0.5401
0.27613
-0.11924
-0.53241
-0.83134
-0.91246
-0.73939
-0.35863
0.11466
0.53603
0.7821
0.79307
0.59138
0.26961
-0.047508
-0.25196
-0.29314
-0.19445
-0.03955
0.065819
0.040787
-0.13407
-0.40561
-0.66726
-0.80103
-0.72574
-0.43213
0.0093125
0.47139
0.81525
0.94021
0.81913
0.50604
0.11373
-0.22939
-0.42587
-0.4412
-0.30977
-0.11367
0.05551
0.13547
0.11667
0.04142
-0.020026
-0.0052284
0.10857
0.29043
0.46576
0.54634
0.46801
0.22013
-0.1454
-0.52974
-0.82124
-0.93501
-0.84238
-0.57928
-0.23104
0.099762
0.32926
0.41831
0.3794
0.26349
0.13405
0.039925
-0.0014039
-0.0042625
-0.00020749
-0.016461
-0.058065
-0.10242
-0.10896
-0.039679
0.11886
0.34244
0.57167
0.73023
0.75218
0.60766
0.31651
-0.055679
-0.41812
-0.68412
-0.79833
-0.75209
-0.58204
-0.3537
-0.13721
0.015105
0.081516
0.070654
0.01064
-0.066195
-0.13572
-0.18668
-0.21702
-0.22556
-0.2048
-0.13977
-0.014566
0.1762
0.41672
0.66637
0.86669
0.95796
0.89992
0.68864
0.36241
-0.0067548
-0.33383
-0.54679
-0.60886
-0.52901
-0.35731
-0.16693
-0.029568
0.0070517
-0.067807
-0.2278
-0.421
-0.58774
-0.67816
-0.66391
-0.54162
-0.32923
-0.058408
0.23318
0.50735
0.72864
0.86662
0.89937
0.81855
0.63469
0.37987
0.10452
-0.13287
-0.28145
-0.31442
-0.23995
-0.1015
0.03436
0.099624
0.049128
-0.12126
-0.3697
-0.61949
-0.78315
-0.79169
-0.61897
-0.29239
0.11373
0.50026
0.77319
0.87141
0.78332
0.54747
0.23771
-0.061063
-0.2784
-0.37686
-0.35859
-0.25936
-0.13335
-0.034464
4.4127e-15
-0.041064
-0.14124
-0.26278
-0.35784
-0.3817
-0.30509
-0.12313
0.14086
0.4379
0.70273
0.86869
0.88532
0.7343
0.43833
0.059169
-0.31665
-0.60139
-0.73233
-0.69202
-0.51467
-0.27534
-0.064119
0.046095
0.026803
-0.094585
-0.24436
-0.33084
-0.28161
-0.075492
0.24359
0.57757
0.80746
0.83719
0.63183
0.23515
-0.24128
-0.65451
-0.87934
-0.85212
-0.59261
-0.19561
0.20481
0.48473
0.57472
0.48213
0.28291
0.08696
-0.0091917
0.036995
0.19641
0.38077
0.48019
0.41068
0.15225
-0.23806
-0.6439
-0.93157
-1
-0.81915
-0.44204
0.014251
0.41109
0.63759
0.6478
0.47216
0.19979
-0.060028
-0.22108
-0.25075
-0.17645
-0.06657
0.0046764
-0.0071203
-0.095733
-0.20704
-0.26385
-0.20205
-0.0023497
0.29591
0.60531
0.82137
0.86175
0.69806
0.36771
-0.038759
-0.40959
-0.65044
-0.71479
-0.6152
-0.41232
-0.1876
-0.011512
0.079753
0.090836
0.056003
0.016906
0.00022921
0.0054376
0.0078037
-0.025352
-0.11333
-0.24607
-0.38173
-0.45977
-0.42488
-0.25171
0.040046
0.38727
0.70182
0.89926
0.92706
0.7817
0.50859
0.18532
-0.10491
-0.29953
-0.37307
-0.33913
-0.23869
-0.12134
-0.02729
0.022724
0.02725
-0.0040375
-0.060833
-0.13895
-0.23983
-0.36348
-0.49925
-0.62043
-0.68708
-0.65774
-0.50613
-0.236
0.11284
0.47139
0.76
0.91278
0.89916
0.73443
0.47534
0.20175
-0.0089609
-0.10594
-0.079128
0.040576
0.19433
0.3161
0.35351
0.28199
0.10857
-0.134
-0.39918
-0.63932
-0.81523
-0.90079
-0.8836
-0.76402
-0.55451
-0.27993
0.022642
0.30694
0.52485
0.6378
0.62892
0.51145
0.32864
0.1434
0.019504
-9.6212e-15
0.090685
0.2552
0.42487
0.5209
0.48187
0.28695
-0.033672
-0.40548
-0.73151
-0.92239
-0.92434
-0.73575
-0.40695
-0.023845
0.3188
0.54521
0.61861
0.54781
0.3794
0.17949
0.011774
-0.080966
-0.086901
-0.024866
0.064668
0.13366
0.14125
0.06547
-0.090431
-0.29783
-0.50862
-0.66588
-0.71771
-0.63136
-0.4046
-0.070556
0.3064
0.64447
0.8654
0.91709
0.79076
0.52607
0.20091
-0.092168
-0.27602
-0.315
-0.22741
-0.078658
0.043648
0.064194
-0.048595
-0.26668
-0.50935
-0.67178
-0.66535
-0.45483
-0.077512
0.36421
0.73543
0.91543
0.84138
0.53244
0.084496
-0.36293
-0.67577
-0.77216
-0.64912
-0.37934
-0.079596
0.13662
0.2035
0.12684
-0.021748
-0.1378
-0.13045
0.036465
0.32568
0.63799
0.8498
0.86204
0.64098
0.23455
-0.24233
-0.64819
-0.86541
-0.84132
-0.60446
-0.25044
0.096283
0.329
0.39563
0.31182
0.14673
-0.011461
-0.094892
-0.08381
-0.011558
0.054457
0.046935
-0.067175
-0.26748
-0.48443
-0.62557
-0.61317
-0.41768
-0.073157
0.3317
0.68374
0.88491
0.88585
0.7009
0.39955
0.078613
-0.17312
-0.30396
-0.3114
-0.23417
-0.12948
-0.046266
-0.0061283
0.00046572
0.0024904
0.02773
0.083637
0.14913
0.18156
0.13618
-0.010603
-0.24468
-0.51247
-0.73583
-0.83854
-0.77408
-0.54406
-0.19959
0.1747
0.48828
0.67332
0.70414
0.60096
0.41793
0.22126
0.066517
-0.016455
-0.026667
0.015995
0.084423
0.15658
0.22106
0.27451
0.31381
0.32853
0.2991
0.20282
0.025906
-0.22405
-0.51167
-0.77816
-0.95646
-0.99268
-0.86594
-0.59864
-0.25258
0.088742
0.34563
0.4668
0.44435
0.31412
0.14178
3.9064e-15
-0.054994
0.00037659
0.15274
0.35939
0.56375
0.71243
0.76828
0.71625
0.56235
0.32827
0.045213
-0.25093
-0.52253
-0.73282
-0.84999
-0.85355
-0.7416
-0.53591
-0.28128
-0.036883
0.1392
0.20812
0.16462
0.041516
-0.098817
-0.18437
-0.15871
-0.0027442
0.25527
0.54573
0.77866
0.87282
0.7831
0.51671
0.13248
-0.27656
-0.61133
-0.796
-0.79898
-0.63923
-0.37668
-0.091131
0.14288
0.27691
0.29927
0.23351
0.12655
0.031615
-0.0086844
0.025753
0.12796
0.26689
0.3963
0.46705
0.44016
0.29793
0.050989
-0.26081
-0.57477
-0.81876
-0.92932
-0.87016
-0.64534
-0.3022
0.078918
0.40628
0.60408
0.6366
0.52021
0.31817
0.11832
0.001096
0.0089074
0.12876
0.2957
0.41696
0.40882
0.2324
-0.085748
-0.45735
-0.76064
-0.88366
-0.76676
-0.42806
0.038759
0.49449
0.80195
0.87365
0.70166
0.35839
-0.032071
-0.34102
-0.48256
-0.44303
-0.28138
-0.10078
-0.003065
-0.044836
-0.21268
-0.42789
-0.57882
-0.56784
-0.35414
0.025349
0.46543
0.8295
0.99944
0.91937
0.61616
0.18915
-0.22673
-0.50977
-0.59328
-0.48478
-0.25619
-0.010306
0.16189
0.21563
0.16509
0.070228
0.004827
0.019896
0.11856
0.25311
0.34545
0.32202
0.14854
-0.15056
-0.49636
-0.78215
-0.91219
-0.83731
-0.57325
-0.19502
0.19032
0.48126
0.61535
0.58619
0.4386
0.24561
0.077821
-0.022046
-0.049634
-0.031774
-0.0065948
-0.0010292
-0.016412
-0.028637
-0.0024526
0.087089
0.23639
0.40733
0.53731
0.56197
0.4416
0.18024
-0.17074
-0.5269
-0.79757
-0.91557
-0.85849
-0.65418
-0.36881
-0.08299
0.13473
0.24725
0.25496
0.18803
0.089953
3.2553e-15
-0.058159
-0.078261
-0.064982
-0.024225
0.043767
0.14442
0.28188
0.44905
0.62052
0.75363
0.79914
0.71852
0.50123
0.17454
-0.19939
-0.53943
-0.76961
-0.84309
-0.7572
-0.55409
-0.30648
-0.093658
0.023668
0.021246
-0.083888
-0.24217
-0.38975
-0.46912
-0.4452
-0.31235
-0.091848
0.17744
0.45042
0.68525
0.84883
0.91884
0.88418
0.74598
0.51941
0.23521
-0.061903
-0.3198
-0.49057
-0.54455
-0.48161
-0.33479
-0.16293
-0.033346
0.00068684
-0.080248
-0.25213
-0.45269
-0.60074
-0.6236
-0.48327
-0.19213
0.18799
0.56337
0.83681
0.93759
0.84269
0.58259
0.23027
-0.12236
-0.39224
-0.52808
-0.52165
-0.40493
-0.23559
-0.076592
0.023297
0.042295
-0.010972
-0.10309
-0.18776
-0.21997
-0.169
-0.027207
0.18659
0.42998
0.64546
0.77351
0.7679
0.60977
0.31651
-0.0582
-0.43495
-0.7283
-0.87085
-0.83423
-0.63965
-0.3529
-0.064162
0.14169
0.21435
0.15607
0.020789
-0.10634
-0.14252
-0.041751
0.18329
0.46141
0.68644
0.75658
0.61506
0.27643
-0.17262
-0.59962
-0.87116
-0.90009
-0.67724
-0.27549
0.17597
0.53775
0.70957
0.66412
0.45267
0.18078
-0.036126
-0.11949
-0.058118
0.089648
0.22266
0.24173
0.09407
-0.20074
-0.55426
-0.84106
-0.94686
-0.81374
-0.46472
0.0022197
0.44847
0.74414
0.8135
0.6592
0.35673
0.022266
-0.23257
-0.34101
-0.30101
-0.16788
-0.024533
0.057523
0.049379
-0.02459
-0.10056
-0.10702
-0.00043352
0.2108
0.46464
0.66712
0.72882
0.60133
0.29886
-0.10392
-0.49696
-0.77308
-0.86456
-0.76413
-0.52323
-0.22934
0.027732
0.18682
0.23204
0.18998
0.11053
0.041169
0.0062381
8.3914e-15
-0.0045489
-0.036265
-0.1057
-0.1942
-0.25797
-0.2459
-0.12369
0.10648
0.39973
0.67941
0.86181
0.88523
0.73248
0.43775
0.075657
-0.2636
-0.50321
-0.60242
-0.56509
-0.4324
-0.26403
-0.11597
-0.023879
0.0029842
-0.023449
-0.081879
-0.15352
-0.22826
-0.30295
-0.37391
-0.42904
-0.44492
-0.39219
-0.24782
-0.0093015
0.29609
0.61255
0.86872
0.99912
0.96625
0.77511
0.47413
0.14133
-0.1397
-0.30581
-0.33303
-0.242
-0.088476
0.056816
0.13168
0.10104
-0.034903
-0.24435
-0.47644
-0.67715
-0.80296
-0.82851
-0.74796
-0.57181
-0.32237
-0.030204
0.26819
0.53266
0.72367
0.80954
0.77544
0.63106
0.41274
0.17721
-0.012944
-0.10844
-0.090675
0.019599
0.16658
0.27673
0.28401
0.15438
-0.099185
-0.41742
-0.71159
-0.89131
-0.89404
-0.706
-0.36758
0.038759
0.41363
0.67042
0.75964
0.68049
0.4768
0.21982
-0.015436
-0.17242
-0.22712
-0.19073
-0.1016
-0.010342
0.036853
0.011784
-0.088332
-0.24058
-0.40246
-0.52263
-0.55389
-0.46595
-0.25536
0.049973
0.39374
0.70224
0.90201
0.94012
0.80126
0.51555
0.15304
-0.19494
-0.44309
-0.53919
-0.48157
-0.31963
-0.13612
-0.016414
-0.015467
-0.1351
-0.32097
-0.48169
-0.52405
-0.39163
-0.091596
0.30136
0.66721
0.88174
0.86206
0.59919
0.16483
-0.31121
-0.68525
-0.84963
-0.76951
-0.49282
-0.12957
0.19137
0.37118
0.37676
0.24935
0.083241
-0.01667
0.019013
0.19312
0.43866
0.64498
0.70295
0.55108
0.20397
-0.24861
-0.67219
-0.93583
-0.95976
-0.74372
-0.36572
0.048108
0.37021
0.51654
0.47272
0.29212
0.068277
-0.10615
-0.17651
-0.1446
-0.061625
3.7978e-16
-0.016725
-0.12457
-0.28353
-0.41622
-0.44094
-0.3082
-0.025598
0.33987
0.6833
0.89902
0.91869
0.73569
0.40651
0.02924
-0.29188
-0.48183
-0.51675
-0.42511
-0.26957
-0.11822
-0.017938
0.019516
0.014265
0.00097781
0.0066712
0.034439
0.060782
0.047717
-0.036032
-0.19475
-0.39617
-0.57797
-0.66859
-0.61453
-0.40305
-0.070853
0.3052
0.63227
0.83159
0.86319
0.73656
0.50395
0.23993
0.015497
-0.1232
-0.1646
-0.12791
-0.049296
0.03473
0.099411
0.13519
0.14275
0.12404
0.075248
-0.013702
-0.15238
-0.3391
-0.55205
-0.74826
-0.8726
-0.87512
-0.73031
-0.4506
-0.087765
0.27964
0.56915
0.71985
0.71143
0.56985
0.35767
0.15272
0.022707
0.0045827
0.095371
0.2565
0.42888
0.55254
0.58384
0.50512
0.32538
0.073754
-0.21012
-0.48492
-0.71343
-0.86541
-0.91925
-0.86429
-0.70438
-0.46118
-0.17459
0.10247
0.31533
0.42276
0.41109
0.30144
0.14609
0.013267
-0.035335
0.032966
0.20778
0.43584
0.6366
0.72848
0.65721
0.41609
0.051007
-0.35192
-0.69217
-0.88536
-0.88828
-0.71041
-0.40861
-0.067671
0.22634
0.41079
0.46179
0.39627
0.26158
0.11739
0.016142
-0.011826
0.034928
0.13109
0.2338
0.29568
0.27826
0.16292
-0.042872
-0.30503
-0.56868
-0.7697
-0.85028
-0.77517
-0.54427
-0.19713
0.19361
0.5397
0.76163
0.81277
0.69494
0.45912
0.18951
-0.02472
-0.12077
-0.085118
0.041054
0.17727
0.23523
0.15522
-0.066627
-0.3714
-0.65511
-0.80561
-0.74554
-0.46506
-0.031087
0.43174
0.78246
0.91281
0.78561
0.44797
0.013928
-0.3772
-0.611
-0.63778
-0.48673
-0.24959
-0.04046
0.051859
-7.0079e-15
-0.1519
-0.30809
-0.36294
-0.24758
0.03765
0.41842
0.77166
0.97129
0.9366
0.66427
0.23135
-0.23179
-0.5882
-0.74246
-0.67206
-0.43043
-0.12171
0.14171
0.28167
0.27989
0.17762
0.050999
-0.026408
-0.017524
0.06229
0.15359
0.18149
0.092006
-0.11979
-0.40194
-0.66207
-0.80163
-0.75432
-0.51322
-0.13567
0.27591
0.60974
0.78285
0.7674
0.59552
0.34238
0.095193
-0.078619
-0.15187
-0.1396
-0.083924
-0.029731
-0.002956
-0.00079412
0.0023814
0.037072
0.11776
0.2294
0.32835
0.35808
0.27349
0.063429
-0.23863
-0.56104
-0.81599
-0.92891
-0.86421
-0.63757
-0.31029
0.031856
0.3069
0.46163
0.48443
0.40271
0.26753
0.13278
0.03753
-0.002305
0.0085712
0.054813
0.12168
0.20157
0.29298
0.39327
0.49016
0.55774
0.56067
0.46648
0.26114
-0.038759
-0.38379
-0.70187
-0.91873
-0.98155
-0.87735
-0.63877
-0.33475
-0.048866
0.14691
0.21411
0.15785
0.022127
-0.12705
-0.2242
-0.22451
-0.11535
0.083556
0.32942
0.57056
0.75985
0.86374
0.86539
0.76366
0.57031
0.30789
0.0085392
-0.28747
-0.53564
-0.69486
-0.73781
-0.66102
-0.4901
-0.27635
-0.083995
0.029296
0.032148
-0.067692
-0.22318
-0.36187
-0.41013
-0.31964
-0.086788
0.24243
0.58443
0.84347
0.94193
0.84538
0.57369
0.19485
-0.19625
-0.5066
-0.67176
-0.67206
-0.53395
-0.31737
-0.094397
0.073355
0.15141
0.13904
0.065098
-0.024124
-0.080631
-0.069227
0.022625
0.18136
0.37041
0.53868
0.63284
0.61096
0.45485
0.17814
-0.17285
-0.52699
-0.80455
-0.93834
-0.89394
-0.68243
-0.36005
-0.0134
0.26659
0.41376
0.40883
0.28604
0.12052
-7.9574e-16
-0.0095416
0.10866
0.31262
0.5149
0.61514
0.5401
0.27613
-0.11924
-0.53241
-0.83134
-0.91246
-0.73939
-0.35863
0.11466
0.53603
0.7821
0.79307
0.59138
0.26961
-0.047508
-0.25196
-0.29314
-0.19445
-0.03955
0.065819
0.040787
-0.13407
-0.40561
-0.66726
-0.80103
-0.72574
-0.43213
0.0093125
0.47139
0.81525
0.94021
0.81913
0.50604
0.11373
-0.22939
-0.42587
-0.4412
-0.30977
-0.11367
0.05551
0.13547
0.11667
0.04142
-0.020026
-0.0052284
0.10857
0.29043
0.46576
0.54634
0.46801
0.22013
-0.1454
-0.52974
-0.82124
-0.93501
-0.84238
-0.57928
-0.23104
0.099762
0.32926
0.41831
0.3794
0.26349
0.13405
0.039925
-0.0014039
-0.0042625
-0.00020749
-0.016461
-0.058065
-0.10242
-0.10896
-0.039679
0.11886
0.34244
0.57167
0.73023
0.75218
0.60766
0.31651
-0.055679
-0.41812
-0.68412
-0.79833
-0.75209
-0.58204
-0.3537
-0.13721
0.015105
0.081516
0.070654
0.01064
-0.066195
-0.13572
-0.18668
-0.21702
-0.22556
-0.2048
-0.13977
-0.014566
0.1762
0.41672
0.66637
0.86669
0.95796
0.89992
0.68864
0.36241
-0.0067548
-0.33383
-0.54679
-0.60886
-0.52901
-0.35731
-0.16693
-0.029568
0.0070517
-0.067807
-0.2278
-0.421
-0.58774
-0.67816
-0.66391
-0.54162
-0.32923
-0.058408
0.23318
0.50735
0.72864
0.86662
0.89937
0.81855
0.63469
0.37987
0.10452
-0.13287
-0.28145
-0.31442
-0.23995
-0.1015
0.03436
0.099624
0.049128
-0.12126
-0.3697
-0.61949
-0.78315
-0.79169
-0.61897
-0.29239
0.11373
0.50026
0.77319
0.87141
0.78332
0.54747
0.23771
-0.061063
-0.2784
-0.37686
-0.35859
-0.25936
-0.13335
-0.034464
4.4127e-15
-0.041064
-0.14124
-0.26278
-0.35784
-0.3817
-0.30509
-0.12313
0.14086
0.4379
0.70273
0.86869
0.88532
0.7343
0.43833
0.059169
-0.31665
-0.60139
-0.73233
-0.69202
-0.51467
-0.27534
-0.064119
0.046095
0.026803
-0.094585
-0.24436
-0.33084
-0.28161
-0.075492
0.24359
0.57757
0.80746
0.83719
0.63183
0.23515
-0.24128
-0.65451
-0.87934
-0.85212
-0.59261
-0.19561
0.20481
0.48473
0.57472
0.48213
0.28291
0.08696
-0.0091917
0.036995
0.19641
0.38077
0.48019
0.41068
0.15225
-0.23806
-0.6439
-0.93157
-1
-0.81915
-0.44204
0.014251
0.41109
0.63759
0.6478
0.47216
0.19979
-0.060028
-0.22108
-0.25075
-0.17645
-0.06657
0.0046764
-0.0071203
-0.095733
-0.20704
-0.26385
-0.20205
-0.0023497
0.29591
0.60531
0.82137
0.86175
0.69806
0.36771
-0.038759
-0.40959
-0.65044
-0.71479
-0.6152
-0.41232
-0.1876
-0.011512
0.079753
0.090836
0.056003
0.016906
0.00022921
0.0054376
0.0078037
-0.025352
-0.11333
-0.24607
-0.38173
-0.45977
-0.42488
-0.25171
0.040046
0.38727
0.70182
0.89926
0.92706
0.7817
0.50859
0.18532
-0.10491
-0.29953
-0.37307
-0.33913
-0.23869
-0.12134
-0.02729
0.022724
0.02725
-0.0040375
-0.060833
-0.13895
-0.23983
-0.36348
-0.49925
-0.62043
-0.68708
-0.65774
-0.50613
-0.236
0.11284
0.47139
0.76
0.91278
0.89916
0.73443
0.47534
0.20175
-0.0089609
-0.10594
-0.079128
0.040576
0.19433
0.3161
0.35351
0.28199
0.10857
-0.134
-0.39918
-0.63932
-0.81523
-0.90079
-0.8836
-0.76402
-0.55451
-0.27993
0.022642
0.30694
0.52485
0.6378
0.62892
0.51145
0.32864
0.1434
0.019504
-9.6212e-15
0.090685
0.2552
0.42487
0.5209
0.48187
0.28695
-0.033672
-0.40548
-0.73151
-0.92239
-0.92434
-0.73575
-0.40695
-0.023845
0.3188
0.54521
0.61861
0.54781
0.3794
0.17949
0.011774
-0.080966
-0.086901
-0.024866
0.064668
0.13366
0.14125
0.06547
-0.090431
-0.29783
-0.50862
-0.66588
-0.71771
-0.63136
-0.4046
-0.070556
0.3064
0.64447
0.8654
0.91709
0.79076
0.52607
0.20091
-0.092168
-0.27602
-0.315
-0.22741
-0.078658
0.043648
0.064194
-0.048595
-0.26668
-0.50935
-0.67178
-0.66535
-0.45483
-0.077512
0.36421
0.73543
0.91543
0.84138
0.53244
0.084496
-0.36293
-0.67577
-0.77216
-0.64912
-0.37934
-0.079596
0.13662
0.2035
0.12684
-0.021748
-0.1378
-0.13045
0.036465
0.32568
0.63799
0.8498
0.86204
0.64098
0.23455
-0.24233
-0.64819
-0.86541
-0.84132
-0.60446
-0.25044
0.096283
0.329
0.39563
0.31182
0.14673
-0.011461
-0.094892
-0.08381
-0.011558
0.054457
0.046935
-0.067175
-0.26748
-0.48443
-0.62557
-0.61317
-0.41768
-0.073157
0.3317
0.68374
0.88491
0.88585
0.7009
0.39955
0.078613
-0.17312
-0.30396
-0.3114
-0.23417
-0.12948
-0.046266
-0.0061283
0.00046572
0.0024904
0.02773
0.083637
0.14913
0.18156
0.13618
-0.010603
-0.24468
-0.51247
-0.73583
-0.83854
-0.77408
-0.54406
-0.19959
0.1747
0.48828
0.67332
0.70414
0.60096
0.41793
0.22126
0.066517
-0.016455
-0.026667
0.015995
0.084423
0.15658
0.22106
0.27451
0.31381
0.32853
0.2991
0.20282
0.025906
-0.22405
-0.51167
-0.77816
-0.95646
-0.99268
-0.86594
-0.59864
-0.25258
0.088742
0.34563
0.4668
0.44435
0.31412
0.14178
3.9064e-15
-0.054994
0.00037659
0.15274
0.35939
0.56375
0.71243
0.76828
0.71625
0.56235
0.32827
0.045213
-0.25093
-0.52253
-0.73282
-0.84999
-0.85355
-0.7416
-0.53591
-0.28128
-0.036883
0.1392
0.20812
0.16462
0.041516
-0.098817
-0.18437
-0.15871
-0.0027442
0.25527
0.54573
0.77866
0.87282
0.7831
0.51671
0.13248
-0.27656
-0.61133
-0.796
-0.79898
-0.63923
-0.37668
-0.091131
0.14288
0.27691
0.29927
0.23351
0.12655
0.031615
-0.0086844
0.025753
0.12796
0.26689
0.3963
0.46705
0.44016
0.29793
0.050989
-0.26081
-0.57477
-0.81876
-0.92932
-0.87016
-0.64534
-0.3022
0.078918
0.40628
0.60408
0.6366
0.52021
0.31817
0.11832
0.001096
0.0089074
0.12876
0.2957
0.41696
0.40882
0.2324
-0.085748
-0.45735
-0.76064
-0.88366
-0.76676
-0.42806
0.038759
0.49449
0.80195
0.87365
0.70166
0.35839
-0.032071
-0.34102
-0.48256
-0.44303
-0.28138
-0.10078
-0.003065
-0.044836
-0.21268
-0.42789
-0.57882
-0.56784
-0.35414
0.025349
0.46543
0.8295
0.99944
0.91937
0.61616
0.18915
-0.22673
-0.50977
-0.59328
-0.48478
-0.25619
-0.010306
0.16189
0.21563
0.16509
0.070228
0.004827
0.019896
0.11856
0.25311
0.34545
0.32202
0.14854
-0.15056
-0.49636
-0.78215
-0.91219
-0.83731
-0.57325
-0.19502
0.19032
0.48126
0.61535
0.58619
0.4386
0.24561
0.077821
-0.022046
-0.049634
-0.031774
-0.0065948
-0.0010292
-0.016412
-0.028637
-0.0024526
0.087089
0.23639
0.40733
0.53731
0.56197
0.4416
0.18024
-0.17074
-0.5269
-0.79757
-0.91557
-0.85849
-0.65418
-0.36881
-0.08299
0.13473
0.24725
0.25496
0.18803
0.089953
3.2553e-15
-0.058159
-0.078261
-0.064982
-0.024225
0.043767
0.14442
0.28188
0.44905
0.62052
0.75363
0.79914
0.71852
0.50123
0.17454
-0.19939
-0.53943
-0.76961
-0.84309
-0.7572
-0.55409
-0.30648
-0.093658
0.023668
0.021246
-0.083888
-0.24217
-0.38975
-0.46912
-0.4452
-0.31235
-0.091848
0.17744
0.45042
0.68525
0.84883
0.91884
0.88418
0.74598
0.51941
0.23521
-0.061903
-0.3198
-0.49057
-0.54455
-0.48161
-0.33479
-0.16293
-0.033346
0.00068684
-0.080248
-0.25213
-0.45269
-0.60074
-0.6236
-0.48327
-0.19213
0.18799
0.56337
0.83681
0.93759
0.84269
0.58259
0.23027
-0.12236
-0.39224
-0.52808
-0.52165
-0.40493
-0.23559
-0.076592
0.023297
0.042295
-0.010972
-0.10309
-0.18776
-0.21997
-0.169
-0.027207
0.18659
0.42998
0.64546
0.77351
0.7679
0.60977
0.31651
-0.0582
-0.43495
-0.7283
-0.87085
-0.83423
-0.63965
-0.3529
-0.064162
0.14169
0.21435
0.15607
0.020789
-0.10634
-0.14252
-0.041751
0.18329
0.46141
0.68644
0.75658
0.61506
0.27643
-0.17262
-0.59962
-0.87116
-0.90009
-0.67724
-0.27549
0.17597
0.53775
0.70957
0.66412
0.45267
0.18078
-0.036126
-0.11949
-0.058118
0.089648
0.22266
0.24173
0.09407
-0.20074
-0.55426
-0.84106
-0.94686
-0.81374
-0.46472
0.0022197
0.44847
0.74414
0.8135
0.6592
0.35673
0.022266
-0.23257
-0.34101
-0.30101
-0.16788
-0.024533
0.057523
0.049379
-0.02459
-0.10056
-0.10702
-0.00043352
0.2108
0.46464
0.66712
0.72882
0.60133
0.29886
-0.10392
-0.49696
-0.77308
-0.86456
-0.76413
-0.52323
-0.22934
0.027732
0.18682
0.23204
0.18998
0.11053
0.041169
0.0062381
8.3914e-15
-0.0045489
-0.036265
-0.1057
-0.1942
-0.25797
-0.2459
-0.12369
0.10648
0.39973
0.67941
0.86181
0.88523
0.73248
0.43775
0.075657
-0.2636
-0.50321
-0.60242
-0.56509
-0.4324
-0.26403
-0.11597
-0.023879
0.0029842
-0.023449
-0.081879
-0.15352
-0.22826
-0.30295
-0.37391
-0.42904
-0.44492
-0.39219
-0.24782
-0.0093015
0.29609
0.61255
0.86872
0.99912
0.96625
0.77511
0.47413
0.14133
-0.1397
-0.30581
-0.33303
-0.242
-0.088476
0.056816
0.13168
0.10104
-0.034903
-0.24435
-0.47644
-0.67715
-0.80296
-0.82851
-0.74796
-0.57181
-0.32237
-0.030204
0.26819
0.53266
0.72367
0.80954
0.77544
0.63106
0.41274
0.17721
-0.012944
-0.10844
-0.090675
0.019599
0.16658
0.27673
0.28401
0.15438
-0.099185
-0.41742
-0.71159
-0.89131
-0.89404
-0.706
-0.36758
0.038759
0.41363
0.67042
0.75964
0.68049
0.4768
0.21982
-0.015436
-0.17242
-0.22712
-0.19073
-0.1016
-0.010342
0.036853
0.011784
-0.088332
-0.24058
-0.40246
-0.52263
-0.55389
-0.46595
-0.25536
0.049973
0.39374
0.70224
0.90201
0.94012
0.80126
0.51555
0.15304
-0.19494
-0.44309
-0.53919
-0.48157
-0.31963
-0.13612
-0.016414
-0.015467
-0.1351
-0.32097
-0.48169
-0.52405
-0.39163
-0.091596
0.30136
0.66721
0.88174
0.86206
0.59919
0.16483
-0.31121
-0.68525
-0.84963
-0.76951
-0.49282
-0.12957
0.19137
0.37118
0.37676
0.24935
0.083241
-0.01667
0.019013
0.19312
0.43866
0.64498
0.70295
0.55108
0.20397
-0.24861
-0.67219
-0.93583
-0.95976
-0.74372
-0.36572
0.048108
0.37021
0.51654
0.47272
0.29212
0.068277
-0.10615
-0.17651
-0.1446
-0.061625
3.7978e-16
-0.016725
-0.12457
-0.28353
-0.41622
-0.44094
-0.3082
-0.025598
0.33987
0.6833
0.89902
0.91869
0.73569
0.40651
0.02924
-0.29188
-0.48183
-0.51675
-0.42511
-0.26957
-0.11822
-0.017938
0.019516
0.014265
0.00097781
0.0066712
0.034439
0.060782
0.047717
-0.036032
-0.19475
-0.39617
-0.57797
-0.66859
-0.61453
-0.40305
-0.070853
0.3052
0.63227
0.83159
0.86319
0.73656
0.50395
0.23993
0.015497
-0.1232
-0.1646
-0.12791
-0.049296
0.03473
0.099411
0.13519
0.14275
0.12404
0.075248
-0.013702
-0.15238
-0.3391
-0.55205
-0.74826
-0.8726
-0.87512
-0.73031
-0.4506
-0.087765
0.27964
0.56915
0.71985
0.71143
0.56985
0.35767
0.15272
0.022707
0.0045827
0.095371
0.2565
0.42888
0.55254
0.58384
0.50512
0.32538
0.073754
-0.21012
-0.48492
-0.71343
