-0.96377
-0.72575
-0.35366
0.043956
0.35951
0.52091
0.51179
0.37146
0.17576
0.0073428
-0.073402
-0.046346
0.066654
0.21516
0.34193
0.40394
0.38481
0.29518
0.16278
0.018076
-0.1176
-0.23645
-0.34007
-0.4301
-0.49942
-0.52931
-0.49493
-0.37756
-0.17801
0.075434
0.32939
0.51901
0.58883
0.51328
0.30884
0.032211
-0.2358
-0.41563
-0.45489
-0.34544
-0.1255
0.13395
0.35368
0.4725
0.46606
0.35171
0.17829
0.0054035
-0.11945
-0.1771
-0.1804
-0.16459
-0.16875
-0.21623
-0.30209
-0.39294
-0.43924
-0.39548
-0.24037
0.010802
0.3069
0.57475
0.74169
0.75882
0.61726
0.35153
0.029272
-0.2693
-0.47519
-0.55009
-0.49544
-0.34879
-0.16939
-0.018041
0.062082
0.057759
-0.012125
-0.10471
-0.16853
-0.16109
-0.0633
0.11335
0.32901
0.52607
0.6454
0.64346
0.50565
0.25211
-0.065915
-0.37845
-0.61471
-0.72194
-0.67979
-0.50604
-0.25174
0.013154
0.2196
0.31901
0.29661
0.17442
0.0031063
-0.1547
-0.24424
-0.23509
-0.1291
0.042404
0.23067
0.38611
0.47343
0.48018
0.41632
0.30599
0.1757
0.04418
-0.08181
-0.20437
-0.32616
-0.44133
-0.53105
-0.56648
-0.51931
-0.37584
-0.14851
0.12089
0.3693
0.53032
0.55625
0.43624
0.20311
-0.074605
-0.31357
-0.44277
-0.42707
-0.27868
-0.051996
0.17655
0.33621
0.38705
0.33291
0.21733
0.10412
0.050021
0.080297
0.17695
0.28455
0.33182
0.26093
0.05322
-0.2588
-0.59838
-0.86835
-0.98377
-0.90134
-0.63517
-0.25307
0.1454
0.46117
0.62674
0.62559
0.49348
0.30222
0.13244
0.045446
0.064048
0.16817
0.30563
0.41293
0.43795
0.3565
0.17792
-0.060789
-0.30865
-0.5163
-0.64806
-0.68745
-0.63609
-0.50867
-0.32726
-0.11757
0.092599
0.27397
0.39788
0.44117
0.39328
0.26299
0.081053
-0.10408
-0.23799
-0.27653
-0.20127
-0.028153
0.1948
0.40104
0.52629
0.52956
0.4067
0.19139
-0.05692
-0.27379
-0.41137
-0.45267
-0.41344
-0.33123
-0.24679
-0.18582
-0.14884
-0.11373
-0.049648
0.06378
0.22078
0.38503
0.49959
0.50836
0.38079
0.12958
-0.18684
-0.47963
-0.6582
-0.66216
-0.4843
-0.1756
0.17079
0.45114
0.58723
0.55332
0.38397
0.15939
-0.026181
-0.10122
-0.044778
0.10532
0.26725
0.34755
0.27875
0.048038
-0.29423
-0.6496
-0.90501
-0.97233
-0.81966
-0.48296
-0.054102
0.35017
0.62676
0.71862
0.62982
0.41906
0.17516
-0.015613
-0.098197
-0.063658
0.053672
0.19392
0.29619
0.3201
0.25674
0.12638
-0.034161
-0.18786
-0.31025
-0.39365
-0.44256
-0.46373
-0.45705
-0.41253
-0.31527
-0.1565
0.054984
0.2871
0.48883
0.6045
0.59334
0.44693
0.19704
-0.090406
-0.33422
-0.46365
-0.44191
-0.27885
-0.027995
0.23134
0.42046
0.4868
0.41966
0.25058
0.039213
-0.14986
-0.2701
-0.30739
-0.28076
-0.23012
-0.1963
-0.20197
-0.24107
-0.28107
-0.27714
-0.19246
-0.016574
0.22557
0.47803
0.6704
0.7409
0.65775
0.43137
0.11281
-0.22083
-0.4894
-0.63319
-0.62956
-0.49746
-0.28901
-0.071511
0.094097
0.17125
0.15695
0.079864
-0.011479
-0.066063
-0.047812
0.052278
0.2127
0.38748
0.51968
0.55848
0.47485
0.27149
-0.015908
-0.32657
-0.58983
-0.74368
-0.75163
-0.61309
-0.36421
-0.068485
0.20049
0.3793
0.43215
0.36031
0.20048
0.012659
-0.1388
-0.2049
-0.1662
-0.037247
0.14002
0.31116
0.42694
0.45795
0.40108
0.27662
0.11777
-0.042451
-0.18178
-0.29249
-0.37772
-0.44292
-0.48693
-0.49782
-0.45605
-0.34428
-0.15964
0.077222
0.32159
0.51457
0.601
0.54946
0.36646
0.098733
-0.17862
-0.385
-0.46052
-0.38623
-0.19071
0.059829
0.28478
0.41724
0.42687
0.32874
0.17514
0.033263
-0.042401
-0.032303
0.040167
0.11827
0.13561
0.044874
-0.15965
-0.43492
-0.70073
-0.86633
-0.86263
-0.6681
-0.31873
0.10173
0.48819
0.74768
0.82836
0.73393
0.51895
0.2675
0.0633
-0.038007
-0.024802
0.070838
0.18846
0.26294
0.24768
0.12927
-0.070467
-0.30417
-0.51572
-0.65735
-0.70138
-0.64392
-0.50105
-0.30099
-0.075968
0.14319
0.3293
0.45932
0.51529
0.48741
0.37861
0.2086
0.01404
-0.15729
-0.25829
-0.25716
-0.14976
0.035597
0.2439
0.40913
0.47507
0.41414
0.23723
-0.0094115
-0.25947
-0.44868
-0.53562
-0.51351
-0.40883
-0.26777
-0.13627
-0.042021
0.014106
0.053936
0.10713
0.19241
0.30361
0.40733
0.45428
0.40045
0.22945
-0.033786
-0.32472
-0.55747
-0.65386
-0.57253
-0.32689
0.015885
0.35561
0.59261
0.66209
0.55639
0.32673
0.063255
-0.13914
-0.21657
-0.15988
-0.01711
0.12621
0.18173
0.094591
-0.13256
-0.4372
-0.71757
-0.86878
-0.82122
-0.56688
-0.16418
0.28076
0.64924
0.84887
0.84242
0.65677
0.36979
0.08084
-0.12375
-0.19784
-0.14621
-0.016624
0.12225
0.20759
0.20371
0.11076
-0.040856
-0.20609
-0.34349
-0.42845
-0.45683
-0.43911
-0.38942
-0.31574
-0.21628
-0.083983
0.083449
0.27361
0.45532
0.58403
0.61588
0.52551
0.3201
0.043233
-0.23462
-0.43669
-0.50487
-0.41991
-0.20933
0.060535
0.30585
0.45267
0.46067
0.33476
0.12099
-0.11168
-0.29626
-0.39023
-0.38739
-0.31526
-0.21996
-0.14504
-0.11303
-0.11688
-0.12469
-0.095407
0.0010006
0.16707
0.37204
0.55938
0.66524
0.6412
0.47304
0.18852
-0.14878
-0.45773
-0.66384
-0.72138
-0.62617
-0.41515
-0.15342
0.086716
0.24766
0.30247
0.26022
0.15988
0.055185
-0.0041082
0.011285
0.10091
0.23502
0.36411
0.43462
0.40593
0.26374
0.026139
-0.25951
-0.52815
-0.71395
-0.76823
-0.67328
-0.44826
-0.1451
0.16471
0.40919
0.53528
0.52326
0.39156
0.19054
-0.013085
-0.15651
-0.1994
-0.13507
0.0092028
0.18242
0.32713
0.39764
0.37312
0.26153
0.093786
-0.08899
-0.24976
-0.36603
-0.43278
-0.45782
-0.45237
-0.42201
-0.36246
-0.26269
-0.11391
0.079596
0.29355
0.48505
0.60331
0.60682
0.48065
0.24674
-0.037998
-0.29661
-0.45572
-0.46987
-0.3377
-0.10343
0.15737
0.3633
0.45473
0.41352
0.26747
0.077853
-0.085225
-0.17029
-0.16408
-0.095705
-0.023493
-0.0096927
-0.092769
-0.26836
-0.48671
-0.66829
-0.73217
-0.6268
-0.35159
0.038939
0.45058
0.77904
0.94348
0.91198
0.71032
0.41119
0.10831
-0.11517
-0.2127
-0.18619
-0.080521
0.036132
0.098346
0.066221
-0.06266
-0.25514
-0.45616
-0.60808
-0.66855
-0.62098
-0.47561
-0.26258
-0.021142
0.21043
0.40123
0.52976
0.58327
0.55697
0.45477
0.29142
0.094257
-0.098284
-0.24313
-0.30349
-0.2612
-0.12569
0.064742
0.25162
0.37308
0.3838
0.27081
0.059398
-0.19406
-0.42001
-0.55834
-0.57762
-0.48369
-0.31485
-0.1255
0.034751
0.13852
0.18737
0.20577
0.22512
0.26523
0.32176
0.3656
0.35526
0.25741
0.066738
-0.18387
-0.42857
-0.5888
-0.60154
-0.44507
-0.15147
0.19987
0.50677
0.6785
0.66729
0.4852
0.19963
-0.091259
-0.29452
-0.35616
-0.2801
-0.12488
0.020581
0.07317
-0.010244
-0.21378
-0.46622
-0.66633
-0.72056
-0.57904
-0.25636
0.17064
0.58747
0.88002
0.97226
0.85032
0.5646
0.21019
-0.10686
-0.30473
-0.35017
-0.26418
-0.10858
0.040149
0.11921
0.099655
-0.0080927
-0.16346
-0.31452
-0.41783
-0.45161
-0.41806
-0.33581
-0.22734
-0.10817
0.017202
0.1512
0.29376
0.43329
0.54344
0.58894
0.53885
0.38215
0.13867
-0.14065
-0.38579
-0.52884
-0.52717
-0.37977
-0.13019
0.14588
0.36446
0.46053
0.40883
0.23102
-0.013377
-0.24855
-0.40852
-0.45818
-0.40201
-0.27775
-0.13846
-0.030306
0.024998
0.036458
0.036681
0.064722
0.14614
0.27856
0.42873
0.54271
0.56551
0.46276
0.23639
-0.071925
-0.39115
-0.64177
-0.76013
-0.71798
-0.53079
-0.25235
0.042454
0.28049
0.41165
0.42176
0.33366
0.19676
0.069153
-0.0018203
0.0056687
0.082022
0.19053
0.28009
0.30222
0.22717
0.054391
-0.1855
-0.43788
-0.6385
-0.73101
-0.68311
-0.49661
-0.20848
0.1177
0.40788
0.59716
0.64717
0.55651
0.3607
0.12159
-0.090843
-0.21899
-0.234
-0.1432
0.013882
0.17921
0.29522
0.3226
0.25119
0.10072
-0.088093
-0.26845
-0.40247
-0.47099
-0.47519
-0.43026
-0.35497
-0.26203
-0.15389
-0.025674
0.12632
0.29497
0.45684
0.57478
0.60875
0.53162
0.3436
0.078734
-0.20052
-0.4202
-0.51821
-0.46586
-0.2795
-0.017058
0.23995
0.41326
0.45395
0.35831
0.16756
-0.048609
-0.21864
-0.29566
-0.27408
-0.18965
-0.10304
-0.073391
-0.13198
-0.2668
-0.42439
-0.52866
-0.51018
-0.33472
-0.020099
0.3654
0.72317
0.95595
1
0.84609
0.54205
0.17618
-0.15241
-0.36577
-0.43038
-0.36411
-0.2253
-0.089072
-0.01974
-0.049373
-0.16929
-0.3363
-0.49009
-0.57463
-0.55579
-0.42975
-0.22085
0.028775
0.27258
0.47115
0.59858
0.6434
0.606
0.49556
0.32836
0.12784
-0.075283
-0.24531
-0.34759
-0.35788
-0.27192
-0.1111
0.07941
0.24132
0.32024
0.28372
0.13364
-0.092085
-0.33014
-0.51168
-0.58457
-0.53014
-0.36819
-0.14842
0.068252
0.23134
0.31692
0.33216
0.307
0.2769
0.26443
0.26797
0.26262
0.21342
0.09509
-0.090241
-0.30607
-0.48948
-0.5723
-0.50797
-0.29324
0.024438
0.35832
0.60954
0.70079
0.60394
0.35108
0.024082
-0.27407
-0.45579
-0.47977
-0.36455
-0.17955
-0.016731
0.046216
-0.022732
-0.19622
-0.39692
-0.52677
-0.50513
-0.30147
0.049892
0.45866
0.8082
0.99499
0.96377
0.72575
0.35366
-0.043956
-0.35951
-0.52091
-0.51179
-0.37146
-0.17576
-0.0073428
0.073402
0.046346
-0.066654
-0.21516
-0.34193
-0.40394
-0.38481
-0.29518
-0.16278
-0.018076
0.1176
0.23645
0.34007
0.4301
0.49942
0.52931
0.49493
0.37756
0.17801
-0.075434
-0.32939
-0.51901
-0.58883
-0.51328
-0.30884
-0.032211
0.2358
0.41563
0.45489
0.34544
0.1255
-0.13395
-0.35368
-0.4725
-0.46606
-0.35171
-0.17829
-0.0054035
0.11945
0.1771
0.1804
0.16459
0.16875
0.21623
0.30209
0.39294
0.43924
0.39548
0.24037
-0.010802
-0.3069
-0.57475
-0.74169
-0.75882
-0.61726
-0.35153
-0.029272
0.2693
0.47519
0.55009
0.49544
0.34879
0.16939
0.018041
-0.062082
-0.057759
0.012125
0.10471
0.16853
0.16109
0.0633
-0.11335
-0.32901
-0.52607
-0.6454
-0.64346
-0.50565
-0.25211
0.065915
0.37845
0.61471
0.72194
0.67979
0.50604
0.25174
-0.013154
-0.2196
-0.31901
-0.29661
-0.17442
-0.0031063
0.1547
0.24424
0.23509
0.1291
-0.042404
-0.23067
-0.38611
-0.47343
-0.48018
-0.41632
-0.30599
-0.1757
-0.04418
0.08181
0.20437
0.32616
0.44133
0.53105
0.56648
0.51931
0.37584
0.14851
-0.12089
-0.3693
-0.53032
-0.55625
-0.43624
-0.20311
0.074605
0.31357
0.44277
0.42707
0.27868
0.051996
-0.17655
-0.33621
-0.38705
-0.33291
-0.21733
-0.10412
-0.050021
-0.080297
-0.17695
-0.28455
-0.33182
-0.26093
-0.05322
0.2588
0.59838
0.86835
0.98377
0.90134
0.63517
0.25307
-0.1454
-0.46117
-0.62674
-0.62559
-0.49348
-0.30222
-0.13244
-0.045446
-0.064048
-0.16817
-0.30563
-0.41293
-0.43795
-0.3565
-0.17792
0.060789
0.30865
0.5163
0.64806
0.68745
0.63609
0.50867
0.32726
0.11757
-0.092599
-0.27397
-0.39788
-0.44117
-0.39328
-0.26299
-0.081053
0.10408
0.23799
0.27653
0.20127
0.028153
-0.1948
-0.40104
-0.52629
-0.52956
-0.4067
-0.19139
0.05692
0.27379
0.41137
0.45267
0.41344
0.33123
0.24679
0.18582
0.14884
0.11373
0.049648
-0.06378
-0.22078
-0.38503
-0.49959
-0.50836
-0.38079
-0.12958
0.18684
0.47963
0.6582
0.66216
0.4843
0.1756
-0.17079
-0.45114
-0.58723
-0.55332
-0.38397
-0.15939
0.026181
0.10122
0.044778
-0.10532
-0.26725
-0.34755
-0.27875
-0.048038
0.29423
0.6496
0.90501
0.97233
0.81966
0.48296
0.054102
-0.35017
-0.62676
-0.71862
-0.62982
-0.41906
-0.17516
0.015613
0.098197
0.063658
-0.053672
-0.19392
-0.29619
-0.3201
-0.25674
-0.12638
0.034161
0.18786
0.31025
0.39365
0.44256
0.46373
0.45705
0.41253
0.31527
0.1565
-0.054984
-0.2871
-0.48883
-0.6045
-0.59334
-0.44693
-0.19704
0.090406
0.33422
0.46365
0.44191
0.27885
0.027995
-0.23134
-0.42046
-0.4868
-0.41966
-0.25058
-0.039213
0.14986
0.2701
0.30739
0.28076
0.23012
0.1963
0.20197
0.24107
0.28107
0.27714
0.19246
0.016574
-0.22557
-0.47803
-0.6704
-0.7409
-0.65775
-0.43137
-0.11281
0.22083
0.4894
0.63319
0.62956
0.49746
0.28901
0.071511
-0.094097
-0.17125
-0.15695
-0.079864
0.011479
0.066063
0.047812
-0.052278
-0.2127
-0.38748
-0.51968
-0.55848
-0.47485
-0.27149
0.015908
0.32657
0.58983
0.74368
0.75163
0.61309
0.36421
0.068485
-0.20049
-0.3793
-0.43215
-0.36031
-0.20048
-0.012659
0.1388
0.2049
0.1662
0.037247
-0.14002
-0.31116
-0.42694
-0.45795
-0.40108
-0.27662
-0.11777
0.042451
0.18178
0.29249
0.37772
0.44292
0.48693
0.49782
0.45605
0.34428
0.15964
-0.077222
-0.32159
-0.51457
-0.601
-0.54946
-0.36646
-0.098733
0.17862
0.385
0.46052
0.38623
0.19071
-0.059829
-0.28478
-0.41724
-0.42687
-0.32874
-0.17514
-0.033263
0.042401
0.032303
-0.040167
-0.11827
-0.13561
-0.044874
0.15965
0.43492
0.70073
0.86633
0.86263
0.6681
0.31873
-0.10173
-0.48819
-0.74768
-0.82836
-0.73393
-0.51895
-0.2675
-0.0633
0.038007
0.024802
-0.070838
-0.18846
-0.26294
-0.24768
-0.12927
0.070467
0.30417
0.51572
0.65735
0.70138
0.64392
0.50105
0.30099
0.075968
-0.14319
-0.3293
-0.45932
-0.51529
-0.48741
-0.37861
-0.2086
-0.01404
0.15729
0.25829
0.25716
0.14976
-0.035597
-0.2439
-0.40913
-0.47507
-0.41414
-0.23723
0.0094115
0.25947
0.44868
0.53562
0.51351
0.40883
0.26777
0.13627
0.042021
-0.014106
-0.053936
-0.10713
-0.19241
-0.30361
-0.40733
-0.45428
-0.40045
-0.22945
0.033786
0.32472
0.55747
0.65386
0.57253
0.32689
-0.015885
-0.35561
-0.59261
-0.66209
-0.55639
-0.32673
-0.063255
0.13914
0.21657
0.15988
0.01711
-0.12621
-0.18173
-0.094591
0.13256
0.4372
0.71757
0.86878
0.82122
0.56688
0.16418
-0.28076
-0.64924
-0.84887
-0.84242
-0.65677
-0.36979
-0.08084
0.12375
0.19784
0.14621
0.016624
-0.12225
-0.20759
-0.20371
-0.11076
0.040856
0.20609
0.34349
0.42845
0.45683
0.43911
0.38942
0.31574
0.21628
0.083983
-0.083449
-0.27361
-0.45532
-0.58403
-0.61588
-0.52551
-0.3201
-0.043233
0.23462
0.43669
0.50487
0.41991
0.20933
-0.060535
-0.30585
-0.45267
-0.46067
-0.33476
-0.12099
0.11168
0.29626
0.39023
0.38739
0.31526
0.21996
0.14504
0.11303
0.11688
0.12469
0.095407
-0.0010006
-0.16707
-0.37204
-0.55938
-0.66524
-0.6412
-0.47304
-0.18852
0.14878
0.45773
0.66384
0.72138
0.62617
0.41515
0.15342
-0.086716
-0.24766
-0.30247
-0.26022
-0.15988
-0.055185
0.0041082
-0.011285
-0.10091
-0.23502
-0.36411
-0.43462
-0.40593
-0.26374
-0.026139
0.25951
0.52815
0.71395
0.76823
0.67328
0.44826
0.1451
-0.16471
-0.40919
-0.53528
-0.52326
-0.39156
-0.19054
0.013085
0.15651
0.1994
0.13507
-0.0092028
-0.18242
-0.32713
-0.39764
-0.37312
-0.26153
-0.093786
0.08899
0.24976
0.36603
0.43278
0.45782
0.45237
0.42201
0.36246
0.26269
0.11391
-0.079596
-0.29355
-0.48505
-0.60331
-0.60682
-0.48065
-0.24674
0.037998
0.29661
0.45572
0.46987
0.3377
0.10343
-0.15737
-0.3633
-0.45473
-0.41352
-0.26747
-0.077853
0.085225
0.17029
0.16408
0.095705
0.023493
0.0096927
0.092769
0.26836
0.48671
0.66829
0.73217
0.6268
0.35159
-0.038939
-0.45058
-0.77904
-0.94348
-0.91198
-0.71032
-0.41119
-0.10831
0.11517
0.2127
0.18619
0.080521
-0.036132
-0.098346
-0.066221
0.06266
0.25514
0.45616
0.60808
0.66855
0.62098
0.47561
0.26258
0.021142
-0.21043
-0.40123
-0.52976
-0.58327
-0.55697
-0.45477
-0.29142
-0.094257
0.098284
0.24313
0.30349
0.2612
0.12569
-0.064742
-0.25162
-0.37308
-0.3838
-0.27081
-0.059398
0.19406
0.42001
0.55834
0.57762
0.48369
0.31485
0.1255
-0.034751
-0.13852
-0.18737
-0.20577
-0.22512
-0.26523
-0.32176
-0.3656
-0.35526
-0.25741
-0.066738
0.18387
0.42857
0.5888
0.60154
0.44507
0.15147
-0.19987
-0.50677
-0.6785
-0.66729
-0.4852
-0.19963
0.091259
0.29452
0.35616
0.2801
0.12488
-0.020581
-0.07317
0.010244
0.21378
0.46622
0.66633
0.72056
0.57904
0.25636
-0.17064
-0.58747
-0.88002
-0.97226
-0.85032
-0.5646
-0.21019
0.10686
0.30473
0.35017
0.26418
0.10858
-0.040149
-0.11921
-0.099655
0.0080927
0.16346
0.31452
0.41783
0.45161
0.41806
0.33581
0.22734
0.10817
-0.017202
-0.1512
-0.29376
-0.43329
-0.54344
-0.58894
-0.53885
-0.38215
-0.13867
0.14065
0.38579
0.52884
0.52717
0.37977
0.13019
-0.14588
-0.36446
-0.46053
-0.40883
-0.23102
0.013377
0.24855
0.40852
0.45818
0.40201
0.27775
0.13846
0.030306
-0.024998
-0.036458
-0.036681
-0.064722
-0.14614
-0.27856
-0.42873
-0.54271
-0.56551
-0.46276
-0.23639
0.071925
0.39115
0.64177
0.76013
0.71798
0.53079
0.25235
-0.042454
-0.28049
-0.41165
-0.42176
-0.33366
-0.19676
-0.069153
0.0018203
-0.0056687
-0.082022
-0.19053
-0.28009
-0.30222
-0.22717
-0.054391
0.1855
0.43788
0.6385
0.73101
0.68311
0.49661
0.20848
-0.1177
-0.40788
-0.59716
-0.64717
-0.55651
-0.3607
-0.12159
0.090843
0.21899
0.234
0.1432
-0.013882
-0.17921
-0.29522
-0.3226
-0.25119
-0.10072
0.088093
0.26845
0.40247
0.47099
0.47519
0.43026
0.35497
0.26203
0.15389
0.025674
-0.12632
-0.29497
-0.45684
-0.57478
-0.60875
-0.53162
-0.3436
-0.078734
0.20052
0.4202
0.51821
0.46586
0.2795
0.017058
-0.23995
-0.41326
-0.45395
-0.35831
-0.16756
0.048609
0.21864
0.29566
0.27408
0.18965
0.10304
0.073391
0.13198
0.2668
0.42439
0.52866
0.51018
0.33472
0.020099
-0.3654
-0.72317
-0.95595
-1
-0.84609
-0.54205
-0.17618
0.15241
0.36577
0.43038
0.36411
0.2253
0.089072
0.01974
0.049373
0.16929
0.3363
0.49009
0.57463
0.55579
0.42975
0.22085
-0.028775
-0.27258
-0.47115
-0.59858
-0.6434
-0.606
-0.49556
-0.32836
-0.12784
0.075283
0.24531
0.34759
0.35788
0.27192
0.1111
-0.07941
-0.24132
-0.32024
-0.28372
-0.13364
0.092085
0.33014
0.51168
0.58457
0.53014
0.36819
0.14842
-0.068252
-0.23134
-0.31692
-0.33216
-0.307
-0.2769
-0.26443
-0.26797
-0.26262
-0.21342
-0.09509
0.090241
0.30607
0.48948
0.5723
0.50797
0.29324
-0.024438
-0.35832
-0.60954
-0.70079
-0.60394
-0.35108
-0.024082
0.27407
0.45579
0.47977
0.36455
0.17955
0.016731
-0.046216
0.022732
0.19622
0.39692
0.52677
0.50513
0.30147
-0.049892
-0.45866
-0.8082
-0.99499
