0.91138
0.81893
0.57616
0.24446
-0.09347
-0.36005
-0.50575
-0.52081
-0.43264
-0.29135
-0.15009
-0.048062
-0.0020352
-0.0080929
-0.050833
-0.11442
-0.18979
-0.2749
-0.36864
-0.46249
-0.53534
-0.5554
-0.49
-0.3198
-0.051554
0.27678
0.60208
0.85251
0.96927
0.92593
0.73825
0.46051
0.16915
-0.060734
-0.17803
-0.16983
-0.062916
0.087455
0.21663
0.27079
0.22174
0.072061
-0.14924
-0.39776
-0.62648
-0.79612
-0.88054
-0.8678
-0.75847
-0.56388
-0.30539
-0.014262
0.26974
0.503
0.64651
0.67661
0.59433
0.42903
0.23338
0.069521
-0.010003
0.019519
0.14441
0.31437
0.45715
0.50204
0.40449
0.16338
-0.17537
-0.53075
-0.8105
-0.93907
-0.88064
-0.64963
-0.30561
0.065368
0.37636
0.5639
0.60355
0.51258
0.34031
0.1501
-0.00052111
-0.075603
-0.068435
-1.1e-14
0.08996
0.15591
0.15972
0.081065
-0.076916
-0.28738
-0.50483
-0.67464
-0.74561
-0.68332
-0.48126
-0.16641
0.20336
0.5511
0.79968
0.89335
0.81516
0.59405
0.29793
0.013565
-0.18105
-0.2427
-0.17799
-0.041105
0.08601
0.12486
0.031968
-0.18119
-0.44824
-0.66923
-0.74661
-0.62303
-0.30671
0.12572
0.55156
0.84215
0.90703
0.7259
0.35645
-0.085326
-0.46544
-0.67826
-0.68183
-0.50913
-0.25149
-0.020608
0.095897
0.068273
-0.065324
-0.21627
-0.28344
-0.19666
0.051616
0.39913
0.73433
0.93707
0.92386
0.68052
0.26942
-0.19128
-0.56871
-0.76111
-0.73135
-0.51597
-0.20737
0.083231
0.2672
0.30826
0.22984
0.09846
-0.0090151
-0.040051
0.011205
0.10287
0.16549
0.13468
-0.017695
-0.26687
-0.54031
-0.74293
-0.79261
-0.65211
-0.34483
0.051648
0.4317
0.69746
0.79073
0.70936
0.50299
0.25095
0.031794
-0.10329
-0.14348
-0.1141
-0.058498
-0.015148
-0.0001695
-0.0025779
0.0063052
0.054276
0.14947
0.27039
0.36997
0.39251
0.29712
0.077552
-0.22973
-0.55361
-0.80985
-0.92853
-0.87717
-0.67106
-0.36741
-0.045681
0.21816
0.37406
0.40955
0.3475
0.23259
0.11286
0.024012
-0.0182
-0.015876
0.019765
0.078333
0.15604
0.25448
0.37359
0.50296
0.61702
0.678
0.64694
0.4992
0.23815
-0.099245
-0.4485
-0.7345
-0.89383
-0.895
-0.74902
-0.50633
-0.24107
-0.027819
0.08103
0.069864
-0.038043
-0.19073
-0.3257
-0.38937
-0.35152
-0.2108
0.0087536
0.26735
0.52086
0.73001
0.8655
0.9094
0.85473
0.70534
0.4768
0.19753
-0.092198
-0.34528
-0.51739
-0.5791
-0.52669
-0.38673
-0.21136
-0.064113
-8.8609e-15
-0.046208
-0.19057
-0.38271
-0.54852
-0.61404
-0.53072
-0.29373
0.053618
0.43101
0.74456
0.91489
0.9007
0.71017
0.39708
0.04334
-0.26584
-0.46592
-0.52892
-0.46707
-0.32436
-0.15988
-0.028845
0.032874
0.016843
-0.058419
-0.15512
-0.22813
-0.23772
-0.16036
0.0045768
0.23312
0.48042
0.68956
0.80423
0.78313
0.61273
0.31455
-0.056107
-0.42147
-0.70067
-0.8324
-0.79388
-0.6093
-0.34364
-0.08269
0.095148
0.14578
0.075258
-0.061982
-0.18309
-0.20857
-0.094601
0.1463
0.44509
0.69784
0.80241
0.69721
0.38761
-0.050722
-0.49387
-0.81019
-0.90506
-0.75365
-0.40944
0.014898
0.38753
0.60372
0.62112
0.47121
0.24284
0.044458
-0.039969
0.015621
0.1698
0.33153
0.3984
0.30024
0.030744
-0.34558
-0.71422
-0.95168
-0.97104
-0.75481
-0.36253
0.089763
0.47021
0.67666
0.66999
0.48323
0.20412
-0.061156
-0.22844
-0.26441
-0.19328
-0.079919
0.0025114
0.0065082
-0.068509
-0.17618
-0.24413
-0.20697
-0.03734
0.23779
0.54284
0.77928
0.86152
0.74898
0.46202
0.07571
-0.30604
-0.58577
-0.70398
-0.65544
-0.48514
-0.26688
-0.073969
0.046241
0.084422
0.064564
0.026179
0.0022759
0.0031675
0.013102
0.00071711
-0.061886
-0.1805
-0.32951
-0.45687
-0.5021
-0.42036
-0.20291
0.11479
0.46108
0.74979
0.90783
0.89862
0.7328
0.46289
0.16446
-0.088906
-0.2474
-0.29642
-0.25467
-0.16148
-0.05967
0.018907
0.059867
0.063842
0.038078
-0.012493
-0.089585
-0.19891
-0.34202
-0.5072
-0.66497
-0.77181
-0.78247
-0.66664
-0.4236
-0.088428
0.27401
0.58618
0.78078
0.82166
0.71508
0.50748
0.27025
0.076976
-0.019121
-4.6731e-15
0.11443
0.27554
0.42313
0.50397
0.48579
0.36312
0.15464
-0.10512
-0.37562
-0.61841
-0.80166
-0.90192
-0.90477
-0.80637
-0.61602
-0.35851
-0.073755
0.18852
0.37939
0.46425
0.43492
0.31527
0.15684
0.024467
-0.024505
0.039537
0.20596
0.42432
0.61869
0.7117
0.65052
0.42602
0.078239
-0.31398
-0.65591
-0.86492
-0.8945
-0.74659
-0.46884
-0.13838
0.16204
0.36761
0.44751
0.40948
0.29254
0.15169
0.039874
-0.0071776
0.020555
0.10683
0.21559
0.30176
0.32367
0.25406
0.087979
-0.15405
-0.4284
-0.67626
-0.83648
-0.86086
-0.72857
-0.45516
-0.092603
0.28135
0.58292
0.74604
0.74266
0.59254
0.35784
0.12321
-0.032938
-0.06615
0.017441
0.16253
0.28472
0.30295
0.1726
-0.093121
-0.42274
-0.70833
-0.84298
-0.7605
-0.4628
-0.023952
0.4317
0.7702
0.8933
0.77192
0.45535
0.052626
-0.30715
-0.52082
-0.54649
-0.41488
-0.21297
-0.046395
0.004369
-0.082967
-0.26339
-0.4429
-0.51715
-0.41523
-0.1313
0.26854
0.66738
0.93865
0.99204
0.80653
0.4383
0.00058969
-0.37657
-0.59141
-0.60347
-0.44266
-0.19224
0.046823
0.19523
0.22325
0.15654
0.059056
0.00077628
0.024552
0.1258
0.2535
0.33192
0.29399
0.1124
-0.18451
-0.51877
-0.78889
-0.90598
-0.82601
-0.56584
-0.19729
0.17821
0.46446
0.60144
0.58132
0.44467
0.25973
0.094238
-0.0088491
-0.042309
-0.02944
-0.0064119
-0.0010492
-0.017894
-0.036185
-0.021406
0.055057
0.19729
0.37611
0.53485
0.60822
0.54721
0.33993
0.020046
-0.34113
-0.65634
-0.85001
-0.88178
-0.75765
-0.52517
-0.25543
-0.018955
0.13541
0.19154
0.16435
0.088013
-4.1698e-15
-0.071922
-0.11511
-0.12908
-0.1173
-0.07928
-0.0075615
0.10813
0.27162
0.47058
0.67221
0.8277
0.8856
0.80969
0.59464
0.27277
-0.091591
-0.41943
-0.64034
-0.71396
-0.64205
-0.46692
-0.25696
-0.084339
-0.00279
-0.032546
-0.157
-0.33097
-0.49671
-0.60151
-0.61115
-0.51588
-0.32862
-0.078067
0.19965
0.46773
0.69261
0.8459
0.90611
0.86166
0.71522
0.48739
0.21694
-0.044629
-0.24452
-0.34351
-0.32936
-0.22342
-0.076716
0.044684
0.081068
0.00033505
-0.18853
-0.43521
-0.66204
-0.78819
-0.75631
-0.55253
-0.21286
0.18613
0.5497
0.79268
0.8638
0.75889
0.51929
0.21689
-0.068699
-0.27308
-0.36334
-0.34326
-0.24734
-0.12678
-0.0324
0.00013525
-0.040776
-0.14112
-0.26641
-0.37147
-0.41228
-0.35742
-0.19705
0.052451
0.34928
0.63334
0.83901
0.91138
0.82216
0.58054
0.23456
-0.13886
-0.45389
-0.64049
-0.66606
-0.54641
-0.34111
-0.13366
-0.0022986
0.0085717
-0.094331
-0.25423
-0.38459
-0.40216
-0.26098
0.025524
0.38376
0.702
0.86849
0.8122
0.53109
0.096957
-0.36616
-0.72275
-0.87157
-0.77971
-0.4924
-0.11488
0.2269
0.43206
0.45987
0.34111
0.16158
0.024645
0.0075994
0.12904
0.34019
0.54371
0.63274
0.5349
0.24408
-0.17284
-0.59713
-0.89967
-0.98689
-0.83417
-0.49394
-0.07605
0.29205
0.50979
0.53603
0.39812
0.17506
-0.037385
-0.16512
-0.1825
-0.11734
-0.033318
0.0020911
-0.049761
-0.17935
-0.33094
-0.42512
-0.39255
-0.20516
0.10808
0.46761
0.76958
0.92214
0.87778
0.64959
0.30558
-0.056121
-0.34139
-0.49042
-0.49344
-0.38694
-0.23367
-0.095534
-0.010688
0.016346
0.0087894
-8.4475e-16
0.012965
0.046551
0.074806
0.059631
-0.028916
-0.19391
-0.4032
-0.59593
-0.70221
-0.66863
-0.47967
-0.16644
0.20101
0.5352
0.75881
0.82823
0.74495
0.55141
0.31378
0.098901
-0.045991
-0.10382
-0.086149
-0.022154
0.056068
0.12508
0.17435
0.2026
0.20981
0.19007
0.13001
0.014324
-0.16373
-0.392
-0.63507
-0.83942
-0.94769
-0.91767
-0.73898
-0.44052
-0.085138
0.24757
0.48487
0.5828
0.5389
0.39138
0.20542
0.051551
-0.016272
0.024239
0.15979
0.34881
0.53628
0.67025
0.71471
0.65557
0.49971
0.26938
-0.0044489
-0.28754
-0.54548
-0.7457
-0.86009
-0.86955
-0.76996
-0.57724
-0.32841
-0.076038
0.12394
0.22826
0.22102
0.1213
-0.02029
-0.13635
-0.16471
-0.0706
0.13889
0.41384
0.67506
0.8384
0.84183
0.66629
0.34316
-0.054135
-0.4317
-0.70262
-0.81147
-0.74825
-0.54797
-0.27694
-0.011157
0.18608
0.28037
0.27212
0.19179
0.087126
0.0070843
-0.012549
0.041542
0.15764
0.30284
0.43172
0.49769
0.46475
0.31758
0.067793
-0.2454
-0.56128
-0.81029
-0.93112
-0.88811
-0.68383
-0.3619
0.0023041
0.32172
0.52317
0.57025
0.47541
0.29603
0.11465
0.009238
0.023936
0.15105
0.33183
0.47702
0.5006
0.35466
0.052279
-0.33129
-0.68082
-0.87982
-0.85227
-0.59181
-0.16737
0.29805
0.66818
0.83948
0.77577
0.51847
0.16902
-0.15009
-0.34079
-0.36429
-0.25214
-0.089748
0.02118
0.0060662
-0.15022
-0.39515
-0.62778
-0.73827
-0.65216
-0.36227
0.064474
0.50831
0.83808
0.95736
0.83795
0.52833
0.1344
-0.21963
-0.43513
-0.47108
-0.35284
-0.1555
0.030283
0.13581
0.13995
0.073307
2.2287e-15
-0.014349
0.065273
0.22474
0.40369
0.51877
0.49791
0.31159
-0.01146
-0.3909
-0.72121
-0.90804
-0.90061
-0.70805
-0.39411
-0.052946
0.22419
0.37852
0.39896
0.31839
0.19422
0.082436
0.016015
-0.003748
-0.00059597
-0.0056256
-0.037387
-0.089234
-0.12991
-0.11735
-0.019675
0.16588
0.4049
0.63291
0.77566
0.77533
0.61237
0.31467
-0.049836
-0.39439
-0.64073
-0.74258
-0.69722
-0.54196
-0.33775
-0.14723
-0.015459
0.040099
0.028078
-0.027154
-0.098898
-0.16829
-0.22722
-0.27405
-0.30553
-0.31048
-0.26942
-0.1616
0.023292
0.27408
0.55361
0.80429
0.96331
0.9826
0.84646
0.57976
0.24314
-0.084141
-0.32781
-0.44091
-0.41712
-0.29067
-0.12344
0.015872
0.07326
0.024454
-0.12065
-0.32434
-0.53466
-0.7008
-0.78522
-0.76956
-0.65443
-0.45519
-0.19686
0.089763
0.37036
0.60904
0.77172
0.83213
0.77938
0.62448
0.40217
0.16546
-0.027161
-0.12892
-0.12066
-0.019437
0.12439
0.24194
0.26842
0.16616
-0.060049
-0.36106
-0.65654
-0.85923
-0.9024
-0.76152
-0.46275
-0.075571
0.30786
0.59974
0.74118
0.71681
0.55539
0.31753
0.075195
-0.1099
-0.20241
-0.19995
-0.1294
-0.035423
0.034529
0.04427
-0.021477
-0.15349
-0.32059
-0.47713
-0.57378
-0.56965
-0.44345
-0.20132
0.12085
0.46248
0.75076
0.91844
0.92273
0.75953
0.46766
0.1204
-0.19471
-0.40215
-0.46251
-0.38556
-0.227
-0.068703
0.011499
-0.030192
-0.18485
-0.3914
-0.55735
-0.59333
-0.44887
-0.13608
0.26868
0.64711
0.87825
0.88107
0.64465
0.23452
-0.22804
-0.60677
-0.79665
-0.75881
-0.53132
-0.21192
0.080519
0.25118
0.26379
0.15149
1.1431e-14
-0.089906
-0.045801
0.14437
0.42446
0.68987
0.82744
0.76007
0.47883
0.049867
-0.40677
-0.75859
-0.90677
-0.81976
-0.54196
-0.17499
0.16083
0.36953
0.41095
0.30911
0.13567
-0.023628
-0.10556
-0.093885
-0.022507
0.043308
0.039074
-0.067214
-0.25729
-0.46636
-0.60706
-0.60417
-0.42612
-0.10058
0.29219
0.64577
0.86393
0.8929
0.73788
0.45803
0.14297
-0.11967
-0.27291
-0.30505
-0.24585
-0.1477
-0.06063
-0.012158
0.00011384
0.001029
0.019994
0.07157
0.14383
0.20018
0.19424
0.091647
-0.1108
-0.3772
-0.64008
-0.82128
-0.85864
-0.72836
-0.45452
-0.10214
0.24364
0.50445
0.63202
0.61989
0.50028
0.32877
0.1634
0.046534
-0.0044977
0.004225
0.052918
0.1203
0.19231
0.26365
0.33272
0.39342
0.42945
0.41518
0.32404
0.14148
-0.12311
-0.4317
-0.7235
-0.93082
-1
-0.90993
-0.68106
-0.37111
-0.058262
0.18245
0.3017
0.28969
0.17681
0.021655
-0.10906
-0.1614
-0.10911
0.041455
0.25675
0.48833
0.68701
0.81408
0.84715
0.78048
0.62216
0.39063
0.11236
-0.17939
-0.44632
-0.64916
-0.75496
-0.74626
-0.62906
-0.43548
-0.21853
-0.038729
0.054101
0.03789
-0.072084
-0.22555
-0.35203
-0.38387
-0.28013
-0.042919
0.27993
0.60746
0.84962
0.93515
0.83388
0.56626
0.19714
-0.18398
-0.48927
-0.65717
-0.66743
-0.5429
-0.33845
-0.12181
0.047303
0.13306
0.13074
0.064064
-0.024942
-0.08998
-0.094097
-0.019705
0.12681
0.31622
0.50282
0.63457
0.66545
0.56776
0.34158
0.018716
-0.34121
-0.66289
-0.87378
-0.92433
-0.80387
-0.54629
-0.22231
0.080675
0.28558
0.35071
0.28391
0.13979
-4.3316e-15
-0.057501
0.010812
0.19471
0.43051
0.62213
0.67632
0.53944
0.222
-0.19919
-0.60328
-0.86523
-0.89915
-0.68942
-0.2978
0.15682
0.53894
0.74284
0.72772
0.52879
0.24039
-0.022269
-0.1679
-0.1633
-0.043814
0.10373
0.17876
0.11033
-0.11104
-0.42592
-0.72611
-0.89497
-0.85234
-0.58692
-0.16333
0.29894
0.6668
0.83962
0.78283
0.53681
0.19863
-0.11575
-0.31373
-0.35672
-0.26811
-0.11667
0.016482
0.073549
0.04342
-0.036209
-0.098281
-0.078718
0.052176
0.27256
0.51353
0.68378
0.70469
0.54206
0.22177
-0.17684
-0.54732
-0.79224
-0.85532
-0.73794
-0.49451
-0.20968
0.033186
0.17967
0.21816
0.17589
0.10053
0.036244
0.0049172
3.2665e-05
-0.0049052
-0.038199
-0.11092
-0.20617
-0.28205
-0.28762
-0.18547
0.028759
0.31846
0.61394
0.83365
0.91138
0.81893
0.57616
0.24446
-0.09347
-0.36005
-0.50575
-0.52081
-0.43264
-0.29135
-0.15009
-0.048062
-0.0020352
-0.0080929
-0.050833
-0.11442
-0.18979
-0.2749
-0.36864
-0.46249
-0.53534
-0.5554
-0.49
-0.3198
-0.051554
0.27678
0.60208
0.85251
0.96927
0.92593
0.73825
0.46051
0.16915
-0.060734
-0.17803
-0.16983
-0.062916
0.087455
0.21663
0.27079
0.22174
0.072061
-0.14924
-0.39776
-0.62648
-0.79612
-0.88054
-0.8678
-0.75847
-0.56388
-0.30539
-0.014262
0.26974
0.503
0.64651
0.67661
0.59433
0.42903
0.23338
0.069521
-0.010003
0.019519
0.14441
0.31437
0.45715
0.50204
0.40449
0.16338
-0.17537
-0.53075
-0.8105
-0.93907
-0.88064
-0.64963
-0.30561
0.065368
0.37636
0.5639
0.60355
0.51258
0.34031
0.1501
-0.00052111
-0.075603
-0.068435
-1.1e-14
0.08996
0.15591
0.15972
0.081065
-0.076916
-0.28738
-0.50483
-0.67464
-0.74561
-0.68332
-0.48126
-0.16641
0.20336
0.5511
0.79968
0.89335
0.81516
0.59405
0.29793
0.013565
-0.18105
-0.2427
-0.17799
-0.041105
0.08601
0.12486
0.031968
-0.18119
-0.44824
-0.66923
-0.74661
-0.62303
-0.30671
0.12572
0.55156
0.84215
0.90703
0.7259
0.35645
-0.085326
-0.46544
-0.67826
-0.68183
-0.50913
-0.25149
-0.020608
0.095897
0.068273
-0.065324
-0.21627
-0.28344
-0.19666
0.051616
0.39913
0.73433
0.93707
0.92386
0.68052
0.26942
-0.19128
-0.56871
-0.76111
-0.73135
-0.51597
-0.20737
0.083231
0.2672
0.30826
0.22984
0.09846
-0.0090151
-0.040051
0.011205
0.10287
0.16549
0.13468
-0.017695
-0.26687
-0.54031
-0.74293
-0.79261
-0.65211
-0.34483
0.051648
0.4317
0.69746
0.79073
0.70936
0.50299
0.25095
0.031794
-0.10329
-0.14348
-0.1141
-0.058498
-0.015148
-0.0001695
-0.0025779
0.0063052
0.054276
0.14947
0.27039
0.36997
0.39251
0.29712
0.077552
-0.22973
-0.55361
-0.80985
-0.92853
-0.87717
-0.67106
-0.36741
-0.045681
0.21816
0.37406
0.40955
0.3475
0.23259
0.11286
0.024012
-0.0182
-0.015876
0.019765
0.078333
0.15604
0.25448
0.37359
0.50296
0.61702
0.678
0.64694
0.4992
0.23815
-0.099245
-0.4485
-0.7345
-0.89383
-0.895
-0.74902
-0.50633
-0.24107
-0.027819
0.08103
0.069864
-0.038043
-0.19073
-0.3257
-0.38937
-0.35152
-0.2108
0.0087536
0.26735
0.52086
0.73001
0.8655
0.9094
0.85473
0.70534
0.4768
0.19753
-0.092198
-0.34528
-0.51739
-0.5791
-0.52669
-0.38673
-0.21136
-0.064113
-8.8609e-15
-0.046208
-0.19057
-0.38271
-0.54852
-0.61404
-0.53072
-0.29373
0.053618
0.43101
0.74456
0.91489
0.9007
0.71017
0.39708
0.04334
-0.26584
-0.46592
-0.52892
-0.46707
-0.32436
-0.15988
-0.028845
0.032874
0.016843
-0.058419
-0.15512
-0.22813
-0.23772
-0.16036
0.0045768
0.23312
0.48042
0.68956
0.80423
0.78313
0.61273
0.31455
-0.056107
-0.42147
-0.70067
-0.8324
-0.79388
-0.6093
-0.34364
-0.08269
0.095148
0.14578
0.075258
-0.061982
-0.18309
-0.20857
-0.094601
0.1463
0.44509
0.69784
0.80241
0.69721
0.38761
-0.050722
-0.49387
-0.81019
-0.90506
-0.75365
-0.40944
0.014898
0.38753
0.60372
0.62112
0.47121
0.24284
0.044458
-0.039969
0.015621
0.1698
0.33153
0.3984
0.30024
0.030744
-0.34558
-0.71422
-0.95168
-0.97104
-0.75481
-0.36253
0.089763
0.47021
0.67666
0.66999
0.48323
0.20412
-0.061156
-0.22844
-0.26441
-0.19328
-0.079919
0.0025114
0.0065082
-0.068509
-0.17618
-0.24413
-0.20697
-0.03734
0.23779
0.54284
0.77928
0.86152
0.74898
0.46202
0.07571
-0.30604
-0.58577
-0.70398
-0.65544
-0.48514
-0.26688
-0.073969
0.046241
0.084422
0.064564
0.026179
0.0022759
0.0031675
0.013102
0.00071711
-0.061886
-0.1805
-0.32951
-0.45687
-0.5021
-0.42036
-0.20291
0.11479
0.46108
0.74979
0.90783
0.89862
0.7328
0.46289
0.16446
-0.088906
-0.2474
-0.29642
-0.25467
-0.16148
-0.05967
0.018907
0.059867
0.063842
0.038078
-0.012493
-0.089585
-0.19891
-0.34202
-0.5072
-0.66497
-0.77181
-0.78247
-0.66664
-0.4236
-0.088428
0.27401
0.58618
0.78078
0.82166
0.71508
0.50748
0.27025
0.076976
-0.019121
-4.6731e-15
0.11443
0.27554
0.42313
0.50397
0.48579
0.36312
0.15464
-0.10512
-0.37562
-0.61841
-0.80166
-0.90192
-0.90477
-0.80637
-0.61602
-0.35851
-0.073755
0.18852
0.37939
0.46425
0.43492
0.31527
0.15684
0.024467
-0.024505
0.039537
0.20596
0.42432
0.61869
0.7117
0.65052
0.42602
0.078239
-0.31398
-0.65591
-0.86492
-0.8945
-0.74659
-0.46884
-0.13838
0.16204
0.36761
0.44751
0.40948
0.29254
0.15169
0.039874
-0.0071776
0.020555
0.10683
0.21559
0.30176
0.32367
0.25406
0.087979
-0.15405
-0.4284
-0.67626
-0.83648
-0.86086
-0.72857
-0.45516
-0.092603
0.28135
0.58292
0.74604
0.74266
0.59254
0.35784
0.12321
-0.032938
-0.06615
0.017441
0.16253
0.28472
0.30295
0.1726
-0.093121
-0.42274
-0.70833
-0.84298
-0.7605
-0.4628
-0.023952
0.4317
0.7702
0.8933
0.77192
0.45535
0.052626
-0.30715
-0.52082
-0.54649
-0.41488
-0.21297
-0.046395
0.004369
-0.082967
-0.26339
-0.4429
-0.51715
-0.41523
-0.1313
0.26854
0.66738
0.93865
0.99204
0.80653
0.4383
0.00058969
-0.37657
-0.59141
-0.60347
-0.44266
-0.19224
0.046823
0.19523
0.22325
0.15654
0.059056
0.00077628
0.024552
0.1258
0.2535
0.33192
0.29399
0.1124
-0.18451
-0.51877
-0.78889
-0.90598
-0.82601
-0.56584
-0.19729
0.17821
0.46446
0.60144
0.58132
0.44467
0.25973
0.094238
-0.0088491
-0.042309
-0.02944
-0.0064119
-0.0010492
-0.017894
-0.036185
-0.021406
0.055057
0.19729
0.37611
0.53485
0.60822
0.54721
0.33993
0.020046
-0.34113
-0.65634
-0.85001
-0.88178
-0.75765
-0.52517
-0.25543
-0.018955
0.13541
0.19154
0.16435
0.088013
-4.1698e-15
-0.071922
-0.11511
-0.12908
-0.1173
-0.07928
-0.0075615
0.10813
0.27162
0.47058
0.67221
0.8277
0.8856
0.80969
0.59464
0.27277
-0.091591
-0.41943
-0.64034
-0.71396
-0.64205
-0.46692
-0.25696
-0.084339
-0.00279
-0.032546
-0.157
-0.33097
-0.49671
-0.60151
-0.61115
-0.51588
-0.32862
-0.078067
0.19965
0.46773
0.69261
0.8459
0.90611
0.86166
0.71522
0.48739
0.21694
-0.044629
-0.24452
-0.34351
-0.32936
-0.22342
-0.076716
0.044684
0.081068
0.00033505
-0.18853
-0.43521
-0.66204
-0.78819
-0.75631
-0.55253
-0.21286
0.18613
0.5497
0.79268
0.8638
0.75889
0.51929
0.21689
-0.068699
-0.27308
-0.36334
-0.34326
-0.24734
-0.12678
-0.0324
0.00013525
-0.040776
-0.14112
-0.26641
-0.37147
-0.41228
-0.35742
-0.19705
0.052451
0.34928
0.63334
0.83901
0.91138
0.82216
0.58054
0.23456
-0.13886
-0.45389
-0.64049
-0.66606
-0.54641
-0.34111
-0.13366
-0.0022986
0.0085717
-0.094331
-0.25423
-0.38459
-0.40216
-0.26098
0.025524
0.38376
0.702
0.86849
0.8122
0.53109
0.096957
-0.36616
-0.72275
-0.87157
-0.77971
-0.4924
-0.11488
0.2269
0.43206
0.45987
0.34111
0.16158
0.024645
0.0075994
0.12904
0.34019
0.54371
0.63274
0.5349
0.24408
-0.17284
-0.59713
-0.89967
-0.98689
-0.83417
-0.49394
-0.07605
0.29205
0.50979
0.53603
0.39812
0.17506
-0.037385
-0.16512
-0.1825
-0.11734
-0.033318
0.0020911
-0.049761
-0.17935
-0.33094
-0.42512
-0.39255
-0.20516
0.10808
0.46761
0.76958
0.92214
0.87778
0.64959
0.30558
-0.056121
-0.34139
-0.49042
-0.49344
-0.38694
-0.23367
-0.095534
-0.010688
0.016346
0.0087894
-8.4475e-16
0.012965
0.046551
0.074806
0.059631
-0.028916
-0.19391
-0.4032
-0.59593
-0.70221
-0.66863
-0.47967
-0.16644
0.20101
0.5352
0.75881
0.82823
0.74495
0.55141
0.31378
0.098901
-0.045991
-0.10382
-0.086149
-0.022154
0.056068
0.12508
0.17435
0.2026
0.20981
0.19007
0.13001
0.014324
-0.16373
-0.392
-0.63507
-0.83942
-0.94769
-0.91767
-0.73898
-0.44052
-0.085138
0.24757
0.48487
0.5828
0.5389
0.39138
0.20542
0.051551
-0.016272
0.024239
0.15979
0.34881
0.53628
0.67025
0.71471
0.65557
0.49971
0.26938
-0.0044489
-0.28754
-0.54548
-0.7457
-0.86009
-0.86955
-0.76996
-0.57724
-0.32841
-0.076038
0.12394
0.22826
0.22102
0.1213
-0.02029
-0.13635
-0.16471
-0.0706
0.13889
0.41384
0.67506
0.8384
0.84183
0.66629
0.34316
-0.054135
-0.4317
-0.70262
-0.81147
-0.74825
-0.54797
-0.27694
-0.011157
0.18608
0.28037
0.27212
0.19179
0.087126
0.0070843
-0.012549
0.041542
0.15764
0.30284
0.43172
0.49769
0.46475
0.31758
0.067793
-0.2454
-0.56128
-0.81029
-0.93112
-0.88811
-0.68383
-0.3619
0.0023041
0.32172
0.52317
0.57025
0.47541
0.29603
0.11465
0.009238
0.023936
0.15105
0.33183
0.47702
0.5006
0.35466
0.052279
-0.33129
-0.68082
-0.87982
-0.85227
-0.59181
-0.16737
0.29805
0.66818
0.83948
0.77577
0.51847
0.16902
-0.15009
-0.34079
-0.36429
-0.25214
-0.089748
0.02118
0.0060662
-0.15022
-0.39515
-0.62778
-0.73827
-0.65216
-0.36227
0.064474
0.50831
0.83808
0.95736
0.83795
0.52833
0.1344
-0.21963
-0.43513
-0.47108
-0.35284
-0.1555
0.030283
0.13581
0.13995
0.073307
2.2287e-15
-0.014349
0.065273
0.22474
0.40369
0.51877
0.49791
0.31159
-0.01146
-0.3909
-0.72121
-0.90804
-0.90061
-0.70805
-0.39411
-0.052946
0.22419
0.37852
0.39896
0.31839
0.19422
0.082436
0.016015
-0.003748
-0.00059597
-0.0056256
-0.037387
-0.089234
-0.12991
-0.11735
-0.019675
0.16588
0.4049
0.63291
0.77566
0.77533
0.61237
0.31467
-0.049836
-0.39439
-0.64073
-0.74258
-0.69722
-0.54196
-0.33775
-0.14723
-0.015459
0.040099
0.028078
-0.027154
-0.098898
-0.16829
-0.22722
-0.27405
-0.30553
-0.31048
-0.26942
-0.1616
0.023292
0.27408
0.55361
0.80429
0.96331
0.9826
0.84646
0.57976
0.24314
-0.084141
-0.32781
-0.44091
-0.41712
-0.29067
-0.12344
0.015872
0.07326
0.024454
-0.12065
-0.32434
-0.53466
-0.7008
-0.78522
-0.76956
-0.65443
-0.45519
-0.19686
0.089763
0.37036
0.60904
0.77172
0.83213
0.77938
0.62448
0.40217
0.16546
-0.027161
-0.12892
-0.12066
-0.019437
0.12439
0.24194
0.26842
0.16616
-0.060049
-0.36106
-0.65654
-0.85923
-0.9024
-0.76152
-0.46275
-0.075571
0.30786
0.59974
0.74118
0.71681
0.55539
0.31753
0.075195
-0.1099
-0.20241
-0.19995
-0.1294
-0.035423
0.034529
0.04427
-0.021477
-0.15349
-0.32059
-0.47713
-0.57378
-0.56965
-0.44345
-0.20132
0.12085
0.46248
0.75076
0.91844
0.92273
0.75953
0.46766
0.1204
-0.19471
-0.40215
-0.46251
-0.38556
-0.227
-0.068703
0.011499
-0.030192
-0.18485
-0.3914
-0.55735
-0.59333
-0.44887
-0.13608
0.26868
0.64711
0.87825
0.88107
0.64465
0.23452
-0.22804
-0.60677
-0.79665
-0.75881
-0.53132
-0.21192
0.080519
0.25118
0.26379
0.15149
1.1431e-14
-0.089906
-0.045801
0.14437
0.42446
0.68987
0.82744
0.76007
0.47883
0.049867
-0.40677
-0.75859
-0.90677
-0.81976
-0.54196
-0.17499
0.16083
0.36953
0.41095
0.30911
0.13567
-0.023628
-0.10556
-0.093885
-0.022507
0.043308
0.039074
-0.067214
-0.25729
-0.46636
-0.60706
-0.60417
-0.42612
-0.10058
0.29219
0.64577
0.86393
0.8929
0.73788
0.45803
0.14297
-0.11967
-0.27291
-0.30505
-0.24585
-0.1477
-0.06063
-0.012158
0.00011384
0.001029
0.019994
0.07157
0.14383
0.20018
0.19424
0.091647
-0.1108
-0.3772
-0.64008
-0.82128
-0.85864
-0.72836
-0.45452
-0.10214
0.24364
0.50445
0.63202
0.61989
0.50028
0.32877
0.1634
0.046534
-0.0044977
0.004225
0.052918
0.1203
0.19231
0.26365
0.33272
0.39342
0.42945
0.41518
0.32404
0.14148
-0.12311
-0.4317
-0.7235
-0.93082
-1
-0.90993
-0.68106
-0.37111
-0.058262
0.18245
0.3017
0.28969
0.17681
0.021655
-0.10906
-0.1614
-0.10911
0.041455
0.25675
0.48833
0.68701
0.81408
0.84715
0.78048
0.62216
0.39063
0.11236
-0.17939
-0.44632
-0.64916
-0.75496
-0.74626
-0.62906
-0.43548
-0.21853
-0.038729
0.054101
0.03789
-0.072084
-0.22555
-0.35203
-0.38387
-0.28013
-0.042919
0.27993
0.60746
0.84962
0.93515
0.83388
0.56626
0.19714
-0.18398
-0.48927
-0.65717
-0.66743
-0.5429
-0.33845
-0.12181
0.047303
0.13306
0.13074
0.064064
-0.024942
-0.08998
-0.094097
-0.019705
0.12681
0.31622
0.50282
0.63457
0.66545
0.56776
0.34158
0.018716
-0.34121
-0.66289
-0.87378
-0.92433
-0.80387
-0.54629
-0.22231
0.080675
0.28558
0.35071
0.28391
0.13979
-4.3316e-15
-0.057501
0.010812
0.19471
0.43051
0.62213
0.67632
0.53944
0.222
-0.19919
-0.60328
-0.86523
-0.89915
-0.68942
-0.2978
0.15682
0.53894
0.74284
0.72772
0.52879
0.24039
-0.022269
-0.1679
-0.1633
-0.043814
0.10373
0.17876
0.11033
-0.11104
-0.42592
-0.72611
-0.89497
-0.85234
-0.58692
-0.16333
0.29894
0.6668
0.83962
0.78283
0.53681
0.19863
-0.11575
-0.31373
-0.35672
-0.26811
-0.11667
0.016482
0.073549
0.04342
-0.036209
-0.098281
-0.078718
0.052176
0.27256
0.51353
0.68378
0.70469
0.54206
0.22177
-0.17684
-0.54732
-0.79224
-0.85532
-0.73794
-0.49451
-0.20968
0.033186
0.17967
0.21816
0.17589
0.10053
0.036244
0.0049172
3.2665e-05
-0.0049052
-0.038199
-0.11092
-0.20617
-0.28205
-0.28762
-0.18547
0.028759
0.31846
0.61394
0.83365
