0
0
0
0
0
0
0
0
0
0
0
0
0
0
0
0
0
0
0
0
0
0
0
0
0
0
0
0
0
0
0
0
0
0
0
0
0
0
0
0
0
0
0
0
0
0
0
0
0
0
0
0
0
0
0
0
0
0
0
0
0
0
0
0
0
0
0
0
0
0
0
0
0
0
0
0
0
0
0
0
0
0
0
0
0
0
0
0
0
0
0
0
0
0
0
0
0
0
0
0
0
0
0
0
0
0
0
0
0
0
0
0
0
0
0
0
0
0
0
0
0
0
0
0
0
0
0
0
0
0
0
0
0
0
0
0
0
0
0
0
0
0
0
0
0
0
0
0
0
0
0
0
0
0
0
0
0
0
0
0
0
0
0
0
0
0
0
0
0
0
0
0
0
0
0
0
0
0
0
0
0
0
0
0
0
0
0
0
0
0
0
0
0
0
0
0
0
0
0
0
0
0
0
0
0
0
0
0
0
0
0
0
0
0
0
0
0
0
0
0
0
0
0
0
0
0
0
0
0
0
0
0
0
0
0
0
0
0
0
0
0
0
0
0
0
0
0
0
0
0
0
0
0
0
0
0
0
0
0
0
0
0
0
0
0
0
0
0
0
0
-0.84119
-0.77247
-0.67267
-0.56553
-0.46392
-0.36522
-0.25486
-0.11615
0.058477
0.26033
0.46519
0.64172
0.76363
0.81992
0.81822
0.77973
0.72815
0.67802
0.62809
0.56306
0.46264
0.31379
0.1198
-0.098137
-0.30797
-0.47911
-0.59428
-0.65529
-0.67984
-0.69117
-0.70535
-0.72266
-0.72719
-0.69492
-0.60644
-0.45808
-0.26591
-0.060592
0.12473
0.26762
0.3645
0.42974
0.48623
0.55212
0.63005
0.70445
0.74813
0.73519
0.65397
0.51376
0.34179
0.17201
0.030785
-0.073567
-0.15238
-0.22867
-0.32341
-0.44293
-0.57351
-0.68609
-0.74888
-0.7419
-0.6664
-0.54458
-0.40957
-0.29054
-0.19996
-0.12927
-0.055014
0.047506
0.18976
0.3618
0.53453
0.67146
0.74451
0.74617
0.6922
0.61349
0.5409
0.49051
0.45633
0.41413
0.33457
0.1993
0.012117
-0.20036
-0.39899
-0.54868
-0.63313
-0.66089
-0.65955
-0.66094
-0.6845
-0.72691
-0.76309
-0.75831
-0.68548
-0.53944
-0.34103
-0.12892
0.056981
0.19284
0.28031
0.34373
0.41618
0.52135
0.65987
0.807
0.92292
0.9709
0.93445
0.82534
0.67838
0.53527
0.42539
0.35267
0.29496
0.21638
0.086634
-0.10197
-0.3283
-0.55012
-0.72223
-0.81645
-0.83381
-0.80292
-0.76531
-0.75454
-0.77941
-0.81929
-0.83412
-0.7843
-0.651
-0.44687
-0.21195
0.0037059
0.16222
0.25448
0.30286
0.34877
0.43089
0.56454
0.73243
0.89124
0.99132
1
0.91731
0.77634
0.62791
0.51677
0.4606
0.44226
0.41895
0.34422
0.19213
-0.028068
-0.27412
-0.48899
-0.62663
-0.67289
-0.65137
-0.61135
-0.60321
-0.65326
-0.75017
-0.84967
-0.89562
-0.84742
-0.70054
-0.49009
-0.27551
-0.11331
-0.030999
-0.014823
-0.017257
0.018926
0.13158
0.3191
0.53925
0.72779
0.82824
0.81848
0.72145
0.59434
0.50129
0.48254
0.53482
0.61275
0.65078
0.59543
0.43238
0.19514
-0.049157
-0.23044
-0.30823
-0.29052
-0.22946
-0.19585
-0.24418
-0.38515
-0.57906
-0.75351
-0.83746
-0.79532
-0.64473
-0.4491
-0.28812
-0.22006
-0.25391
-0.3449
-0.41603
-0.39555
-0.25263
-0.013949
0.24714
0.44415
0.51797
0.46496
0.33891
0.2255
0.20105
0.29519
0.47548
0.66175
0.7638
0.72475
0.54927
0.30282
0.081795
-0.03164
-0.0086459
0.1122
0.24297
0.28849
0.19269
-0.032985
-0.31309
-0.5425
-0.63566
-0.56746
-0.3859
-0.1901
-0.083526
-0.12432
-0.29662
-0.51683
-0.67259
-0.67626
-0.50768
-0.2255
0.05889
0.23308
0.23678
0.09094
-0.11132
-0.24847
-0.22866
-0.034643
0.26608
0.55145
0.70163
0.65586
0.44228
0.16597
-0.039691
-0.076055
0.073335
0.33355
0.57246
0.66285
0.54328
0.24894
-0.10291
-0.36662
-0.43635
-0.29648
-0.030202
0.21859
0.31288
0.18794
-0.11635
-0.4722
-0.72264
-0.75505
-0.55513
-0.21533
0.10699
0.26266
0.18119
-0.094794
-0.4279
-0.64949
-0.63893
-0.38164
0.021892
0.4011
0.59411
0.52366
0.23451
-0.12595
-0.37556
-0.38273
-0.12926
0.27908
0.66003
0.83903
0.73105
0.38188
-0.051242
-0.37145
-0.43359
-0.21275
0.18253
0.55921
0.72888
0.59614
0.20465
-0.28082
-0.64928
-0.74078
-0.52137
-0.10038
0.31875
0.53199
0.42967
0.048813
-0.44206
-0.81939
-0.9075
-0.66066
-0.18586
0.30475
0.59066
0.54472
0.19279
-0.29672
-0.68921
-0.79164
-0.54223
-0.040532
0.49657
0.83325
0.8228
0.47574
-0.043778
-0.49209
-0.65725
-0.45658
0.024326
0.56941
0.93
0.9383
0.58471
0.023387
-0.49692
-0.74556
-0.61503
-0.17049
0.37917
0.77572
0.8289
0.5033
-0.064742
-0.62805
-0.94003
-0.8661
-0.44473
0.1296
0.59399
0.73565
0.48791
-0.039496
-0.60974
-0.96528
-0.94361
-0.55023
0.043863
0.57882
0.82223
0.67278
0.20511
-0.36418
-0.77367
-0.83383
-0.51119
0.057293
0.62574
0.94876
0.89004
0.48181
-0.090542
-0.57146
-0.74843
-0.54517
-0.054067
0.50599
0.88679
0.9199
0.58954
0.037937
-0.49838
-0.7926
-0.72601
-0.338
0.19324
0.62991
0.77834
0.57205
0.098559
-0.44055
-0.81788
-0.87802
-0.60272
-0.11624
0.37019
0.64977
0.60782
0.26861
-0.21766
-0.64069
-0.81992
-0.67983
-0.27954
0.21457
0.60035
0.72473
0.54609
0.14911
-0.29299
-0.59183
-0.6218
-0.37043
0.058621
0.49015
0.75017
0.73659
0.45944
0.03481
-0.3638
-0.57637
-0.52063
-0.22409
0.18843
0.54604
0.70076
0.58669
0.2459
-0.18894
-0.54782
-0.69132
-0.56618
-0.22651
0.18773
0.50652
0.59769
0.42013
0.041039
-0.39012
-0.70077
-0.76436
-0.5518
-0.14455
0.29682
0.59625
0.63319
0.39224
-0.029024
-0.45787
-0.71555
-0.69001
-0.38283
0.08945
0.54093
0.7911
0.73868
0.40428
-0.076272
-0.50587
-0.70614
-0.59091
-0.20275
0.30282
0.71985
0.87586
0.70304
0.26703
-0.25881
-0.66355
-0.78477
-0.57531
-0.12297
0.38493
0.73788
0.78815
0.5111
0.015278
-0.50191
-0.83451
-0.85155
-0.54966
-0.053607
0.43498
0.71955
0.68762
0.35506
-0.14177
-0.60205
-0.84153
-0.76564
-0.40564
0.095809
0.54286
0.76454
0.68128
0.33412
-0.13391
-0.53574
-0.71384
-0.60045
-0.24162
0.22307
0.61614
0.79065
0.68521
0.34518
-0.096981
-0.47343
-0.64454
-0.55038
-0.23137
0.18866
0.54976
0.7155
0.62296
0.30502
-0.12255
-0.50421
-0.70178
-0.64504
-0.35735
0.052763
0.43128
0.63512
0.58506
0.29571
-0.12869
-0.53177
-0.76245
-0.73141
-0.44567
-0.0077092
0.42125
0.68089
0.67246
0.39732
-0.041625
-0.47728
-0.74087
-0.7265
-0.4327
0.035183
0.50372
0.79687
0.80341
0.52032
0.054981
-0.4151
-0.70989
-0.71585
-0.42969
0.040128
0.51478
0.81339
0.82205
0.5368
0.06455
-0.41828
-0.73307
-0.76628
-0.51126
-0.069122
0.39089
0.69566
0.73257
0.48996
0.059208
-0.40108
-0.7246
-0.79798
-0.60036
-0.20849
0.23347
0.56717
0.6766
0.52797
0.17941
-0.24171
-0.5848
-0.72884
-0.6237
-0.3061
0.11424
0.49315
0.70168
0.67007
0.4114
0.017036
-0.37455
-0.62512
-0.64442
-0.42198
-0.031939
0.3914
0.69946
0.78134
0.60374
0.22449
-0.22596
-0.58951
-0.73632
-0.61216
-0.2594
0.1963
0.59002
0.7767
0.6842
0.34059
-0.13478
-0.57364
-0.81962
-0.78508
-0.48321
-0.023407
0.42848
0.71026
0.72196
0.46131
0.023633
-0.43351
-0.7474
-0.80809
-0.59637
-0.18867
0.27188
0.62693
0.75824
0.62733
0.28634
-0.14239
-0.50998
-0.69191
-0.62907
-0.34544
0.062062
0.45743
0.71095
0.74121
0.5406
0.17654
-0.23117
-0.54938
-0.67452
-0.56598
-0.25949
0.14392
0.51009
0.71513
0.68647
0.42792
0.020199
-0.40422
-0.70434
-0.77809
-0.598
-0.2224
0.2226
0.5849
0.73847
0.62739
0.28649
-0.16941
-0.58436
-0.81508
-0.78082
-0.49163
-0.045041
0.40778
0.71444
0.7737
0.56962
0.17585
-0.27097
-0.61872
-0.75139
-0.62713
-0.29024
0.14589
0.53808
0.76094
0.74689
0.50587
0.11967
-0.28632
-0.58375
-0.68137
-0.55223
-0.24044
0.15384
0.50584
0.70451
0.68625
0.45434
0.078218
-0.32719
-0.63632
-0.75176
-0.63533
-0.32153
0.091512
0.47176
0.69489
0.68486
0.44013
0.036129
-0.39766
-0.71931
-0.82135
-0.66705
-0.3038
0.15175
0.55195
0.76715
0.72881
0.45202
0.029994
-0.39751
-0.6907
-0.75547
-0.57306
-0.20438
0.23158
0.59736
0.78094
0.72995
0.46583
0.074558
-0.32185
-0.60344
-0.68802
-0.55428
-0.24625
0.14125
0.49118
0.69847
0.7003
0.49413
0.13863
-0.26276
-0.59158
-0.74894
-0.68558
-0.41797
-0.02529
0.37297
0.65276
0.72402
0.5601
0.20794
-0.22488
-0.60311
-0.80655
-0.76883
-0.49945
-0.081291
0.35556
0.67546
0.78051
0.64126
0.30513
-0.11992
-0.50048
-0.7198
-0.71328
-0.48655
-0.1113
0.29853
0.62217
0.76753
0.69675
0.43488
0.060565
-0.31774
-0.59271
-0.68772
-0.57738
-0.29398
0.081439
0.44126
0.68085
0.72803
0.56438
0.23214
-0.17608
-0.54269
-0.75919
-0.759
-0.53893
-0.16218
0.25923
0.59776
0.74948
0.66664
0.37315
-0.042381
-0.45394
-0.73709
-0.80726
-0.645
-0.30074
0.12204
0.49924
0.72347
0.73496
0.53695
0.19216
-0.19745
-0.52086
-0.68881
-0.65717
-0.43714
-0.090474
0.28795
0.59555
0.74886
0.70537
0.475
0.1184
-0.26824
-0.57826
-0.72369
-0.66063
-0.40335
-0.022502
0.37344
0.66871
0.77432
0.65536
0.34265
-0.075267
-0.47798
-0.74909
-0.81102
-0.64794
-0.30971
0.1039
0.4736
0.69567
0.71126
0.52135
0.184
-0.2042
-0.53614
-0.72334
-0.7184
-0.52546
-0.19717
0.18017
0.509
0.70492
0.71758
0.54333
0.22684
-0.14928
-0.48471
-0.68734
-0.69835
-0.50969
-0.16855
0.23371
0.58573
0.78748
0.77944
0.56083
0.19097
-0.22732
-0.57738
-0.76249
-0.73363
-0.50275
-0.13801
0.25702
0.57347
0.72725
0.68084
0.451
0.10178
-0.27438
-0.58131
-0.74309
-0.72161
-0.52448
-0.20203
0.16522
0.48566
0.67842
0.69316
0.52343
0.20995
-0.16781
-0.51071
-0.72545
-0.75021
-0.573
-0.2369
0.17015
0.539
0.76963
0.79958
0.62171
0.286
-0.1151
-0.4731
-0.69378
-0.72231
-0.55635
-0.24432
0.12968
0.46916
0.68991
0.7398
0.60958
0.33303
-0.022374
-0.37171
-0.63193
-0.74066
-0.6706
-0.43677
-0.094429
0.2726
0.57144
0.72331
0.68483
0.46114
0.10674
-0.28741
-0.61764
-0.79573
-0.77346
-0.55612
-0.20105
0.19853
0.53942
0.73624
0.74336
0.56505
0.2519
-0.11434
-0.44254
-0.65451
-0.70243
-0.57803
-0.31255
0.031551
0.37477
0.63777
0.75851
0.70629
0.4897
0.15648
-0.2158
-0.53704
-0.72648
-0.73387
-0.55406
-0.23022
0.15596
0.5052
0.72692
0.76369
0.60643
0.29628
-0.087311
-0.4484
-0.69967
-0.78395
-0.68658
-0.43635
-0.096051
0.25395
0.53444
0.68426
0.67219
0.50244
0.21322
-0.13103
-0.4525
-0.67626
-0.74698
-0.64274
-0.3823
-0.023014
0.35111
0.64936
0.79732
0.75685
0.5369
0.19201
-0.19182
-0.51963
-0.71221
-0.72578
-0.56174
-0.26411
0.093364
0.42647
0.6604
0.74566
0.66692
0.44407
0.12635
-0.21832
-0.5169
-0.70542
-0.74182
-0.6154
-0.35081
-0.0047571
0.34477
0.6156
0.7411
0.68755
0.46427
0.12276
-0.25535
-0.57879
-0.76995
-0.78439
-0.62127
-0.32204
0.041488
0.38583
0.63583
0.74087
0.68398
0.48283
0.18377
-0.14883
-0.44547
-0.6444
-0.70301
-0.60626
-0.37079
-0.043408
0.30681
0.60219
0.77378
0.77833
0.61031
0.30515
-0.068035
-0.42292
-0.67738
-0.77394
-0.69357
-0.45919
-0.12844
0.22168
0.51364
0.68651
0.70769
0.57722
0.32529
0.00446
-0.32096
-0.58655
-0.73898
-0.74569
-0.60174
-0.33253
0.0090972
0.35203
0.62132
0.75527
0.72094
0.52361
0.20696
-0.15669
-0.48381
-0.70018
-0.75855
-0.64908
-0.39979
-0.067989
0.27439
0.55721
0.72616
0.75183
0.63307
0.39523
0.084578
-0.23971
-0.51532
-0.68732
-0.71866
-0.59872
-0.34779
-0.015388
0.32848
0.60808
0.7595
0.74653
0.57018
0.26896
-0.090487
-0.42969
-0.67704
-0.7837
-0.73298
-0.5414
-0.25243
0.074502
0.37635
0.59772
0.69933
0.66346
0.49627
0.2274
-0.09382
-0.40562
-0.64452
-0.75813
-0.71751
-0.52558
-0.21876
0.13969
0.47359
0.71158
0.80395
0.73388
0.52028
0.21169
-0.1262
-0.42575
-0.63114
-0.70782
-0.64652
-0.4624
-0.19073
0.11936
0.41227
0.63402
0.74089
0.70787
0.5352
0.25105
-0.091696
-0.42486
-0.67931
-0.80086
-0.76342
-0.57548
-0.27811
0.065199
0.38366
0.61507
0.71821
0.67933
0.51188
0.25121
-0.053673
-0.34885
-0.58353
-0.7168
-0.72335
-0.59799
-0.35822
-0.04365
0.28901
0.57569
0.75796
0.7965
0.68118
0.43459
0.10756
-0.23252
-0.51718
-0.692
-0.72744
-0.62287
-0.40391
-0.1148
0.19143
0.46227
0.65323
0.7331
0.68748
0.52102
0.25805
-0.059106
-0.37532
-0.63163
-0.7768
-0.77913
-0.63499
-0.37128
-0.040399
0.2913
0.55848
0.71117
0.72454
0.60212
0.37233
0.080431
-0.22135
-0.48289
-0.66298
-0.7337
-0.68306
-0.51655
-0.25763
0.053733
0.36546
0.62133
0.77163
0.78438
0.65379
0.4033
0.081377
-0.24891
-0.52401
-0.69364
-0.73057
-0.63421
-0.42794
-0.152
0.14546
0.41656
0.6199
0.72478
0.71397
0.58604
0.3569
0.059836
-0.25749
-0.53975
-0.73412
-0.80165
-0.72692
-0.52277
-0.22829
0.099794
0.39974
0.6181
0.71998
0.69385
0.55085
0.31971
0.039899
-0.24508
-0.49297
-0.66686
-0.7388
-0.69363
-0.53274
-0.27664
0.035672
0.35158
0.61412
0.77382
0.79995
0.68788
0.46017
0.16108
-0.15384
-0.42982
-0.62323
-0.70789
-0.67671
-0.53966
-0.3199
-0.049896
0.23205
0.48494
0.66913
0.75176
0.71326
0.55327
0.29365
-0.023314
-0.34212
-0.60533
-0.76597
-0.7975
-0.69864
-0.49187
-0.21674
0.079481
0.35095
0.55984
0.67978
0.6968
0.60925
0.4277
0.1751
-0.1138
-0.39521
-0.62203
-0.75239
-0.75897
-0.63639
-0.40391
-0.1022
0.21532
0.49407
0.68948
0.77461
0.74286
0.60587
0.38856
0.12351
-0.15354
-0.40677
-0.60249
-0.71191
-0.71508
-0.60569
-0.39512
-0.11352
0.19353
0.47298
0.67516
0.76459
0.72746
0.5736
0.33278
0.046899
-0.23924
-0.4856
-0.66164
-0.74781
-0.73526
-0.62522
-0.42919
-0.16956
0.12041
0.39905
0.62186
0.74982
0.75832
0.64376
0.42548
0.14206
-0.15727
-0.42322
-0.61601
-0.71138
-0.70197
-0.59505
-0.40846
-0.16675
0.10118
0.36334
0.58599
0.7365
0.78826
0.72689
0.5556
0.29743
-0.007412
-0.30897
-0.55792
-0.71578
-0.76213
-0.69669
-0.5366
-0.31045
-0.051654
0.2067
0.43458
0.60586
0.69897
0.69848
0.59837
0.40573
0.14314
-0.15236
-0.43455
-0.65687
-0.78232
-0.79149
-0.68609
-0.4872
-0.22902
0.049258
0.31075
0.52547
0.67178
0.73576
0.71038
0.59591
0.40162
0.1479
-0.13339
-0.40177
-0.61457
-0.7357
-0.74398
-0.63836
-0.43809
-0.17772
0.10106
0.35821
0.56182
0.69099
0.73542
0.69322
0.56904
0.37374
0.12549
-0.14906
-0.41545
-0.6353
-0.77312
-0.80434
-0.72187
-0.5387
-0.28526
-0.0025045
0.26717
0.48806
0.63607
0.69965
0.6776
0.57601
0.40596
0.18337
-0.070024
-0.32579
-0.55026
-0.70901
-0.77381
-0.72987
-0.58073
-0.34864
-0.070022
0.21269
0.45996
0.64211
0.74242
0.75628
0.68796
0.54724
0.34762
0.10668
-0.15255
-0.40103
-0.60588
-0.73546
-0.7665
-0.69068
-0.51807
-0.27581
-0.0022097
0.26182
0.48105
0.63139
0.70129
0.68965
0.60222
0.44865
0.2418
-0.001113
-0.25672
-0.4954
-0.68417
-0.79266
-0.80043
-0.70291
-0.51374
-0.26204
0.01423
0.2768
0.49433
0.64637
0.72333
0.72375
0.65096
0.51128
0.31466
0.076835
-0.17863
-0.42084
-0.61544
-0.73147
-0.74888
-0.66404
-0.49098
-0.25782
0.00023835
0.24889
0.46064
0.61726
0.70872
0.73027
0.68007
0.55888
0.3723
0.13396
-0.13242
-0.39421
-0.61484
-0.76143
-0.81248
-0.76284
-0.6242
-0.42092
-0.18319
0.059857
0.28453
0.47351
0.61403
0.69533
0.70756
0.64342
0.50207
0.29327
0.039393
-0.22642
-0.46621
-0.64534
-0.74014
-0.74229
-0.65857
-0.50661
-0.30873
-0.086661
0.14105
0.35833
0.54924
0.69599
0.77953
0.78314
0.69799
0.52817
0.29265
0.02285
-0.24385
-0.47238
-0.63713
-0.72545
-0.73691
-0.6792
-0.56325
-0.39995
-0.19986
0.024469
0.2555
0.4695
0.63866
0.73655
0.74513
0.66041
0.49446
0.27259
0.026953
-0.21121
-0.4175
-0.57671
-0.68135
-0.72798
-0.71391
-0.63629
-0.49438
-0.29366
-0.049508
0.21209
0.45787
0.65414
0.77463
0.80644
0.75189
0.62577
0.44943
0.2445
0.028819
-0.18404
-0.38237
-0.55291
-0.67918
-0.74302
-0.72931
-0.63192
-0.45819
-0.22952
0.022632
0.264
0.46534
0.60789
0.68463
0.69756
0.6528
0.55634
0.41256
0.22618
0.0061795
-0.23071
-0.4595
-0.6504
-0.77552
-0.81618
-0.76797
-0.64136
-0.45783
-0.2431
-0.020549
0.19268
0.38562
0.55026
0.67764
0.7557
0.77069
0.71183
0.57699
0.37683
0.13483
-0.11712
-0.34623
-0.52644
-0.64323
-0.69403
-0.68459
-0.62353
-0.51786
-0.37183
-0.18925
0.022066
0.24662
0.46068
0.63593
0.74626
0.77499
0.71958
0.59172
0.41296
0.20774
-0.0029964
-0.20507
-0.39025
-0.55235
-0.68289
-0.76909
-0.79558
-0.74961
-0.62719
-0.43734
-0.20206
0.048279
0.28251
0.47609
0.61549
0.69801
0.72768
0.70978
0.64671
0.53763
0.38169
0.18323
-0.044055
-0.27663
-0.48504
-0.6411
-0.72539
-0.73197
-0.66838
-0.55121
-0.3993
-0.22793
-0.046378
0.14032
0.32674
0.50251
0.65052
0.74948
0.77994
0.73123
0.60626
0.42171
0.20345
-0.020903
-0.22912
-0.40819
-0.55364
-0.66508
-0.74081
-0.77447
-0.75569
-0.67467
-0.52844
-0.32569
-0.087523
0.15674
0.37697
0.55004
0.66456
0.72092
0.72686
0.6912
0.61881
0.50942
0.36067
0.17377
-0.041414
-0.26472
-0.46881
-0.62616
-0.71683
-0.73385
-0.68386
-0.58281
-0.44897
-0.29651
-0.13262
0.040831
0.22215
0.40425
0.57183
0.70312
0.77586
0.77485
0.69775
0.55636
0.37277
0.17198
-0.025521
-0.20813
-0.37259
-0.5194
-0.64669
-0.74605
-0.80275
-0.80041
-0.72816
-0.58679
-0.39087
-0.16557
0.060573
0.26377
0.43049
0.55811
0.65074
0.71272
0.74315
0.73441
0.67553
0.55875
0.38605
0.17221
-0.057334
-0.27324
-0.45067
-0.5758
-0.64748
-0.67379
-0.66517
-0.62789
-0.56091
-0.45789
-0.31301
-0.12787
0.084427
0.30016
0.49091
0.63203
0.70988
0.72464
0.68763
0.61449
0.51768
0.4019
0.26458
0.10103
-0.088592
-0.29399
-0.49431
-0.66297
-0.77586
-0.81925
-0.79373
-0.71253
-0.59498
-0.45841
-0.3122
-0.1568
0.012048
0.19621
0.38894
0.57297
0.72404
0.81867
0.84252
0.79551
0.69132
0.55145
0.3968
0.24045
0.085327
-0.072729
-0.23794
-0.40751
-0.56821
-0.69853
-0.77572
-0.78449
-0.72326
-0.60501
-0.45221
-0.28833
-0.12965
0.01858
0.16024
0.30171
0.44409
0.57834
0.68591
0.74486
0.73872
0.66377
0.53136
0.36403
0.18712
0.019909
-0.12974
-0.26482
-0.39318
-0.5193
-0.63802
-0.73365
-0.78497
-0.77395
-0.69405
-0.55405
-0.37551
-0.18495
-0.0043683
0.15549
0.29604
0.4258
0.55189
0.67263
0.77495
0.83816
0.84229
0.77724
0.64818
0.4745
0.2829
0.097523
-0.068036
-0.21324
-0.34664
-0.47753
-0.60745
-0.72601
-0.81311
-0.84679
-0.81293
-0.71218
-0.5607
-0.38428
-0.20849
-0.049549
0.089857
0.21795
0.34588
0.47844
0.60823
0.71624
0.77887
0.77796
0.70919
0.58469
0.42849
0.26698
0.11884
-0.010849
-0.1295
-0.24974
-0.37956
-0.51488
-0.63839
-0.72536
-0.75384
-0.71431
-0.61422
-0.47508
-0.32354
-0.18058
-0.054039
0.062121
0.18145
0.31485
0.46174
0.60695
0.72513
0.7907
0.78863
0.7209
0.60553
0.46854
0.33279
0.20882
0.092396
-0.030547
-0.17368
-0.34012
-0.51742
-0.6802
-0.79955
-0.85465
-0.84119
-0.77247
-0.67267
-0.56553
-0.46392
-0.36522
-0.25486
-0.11615
0.058477
0.26033
0.46519
0.64172
0.76363
0.81992
0.81822
0.77973
0.72815
0.67802
0.62809
0.56306
0.46264
0.31379
0.1198
-0.098137
-0.30797
-0.47911
-0.59428
-0.65529
-0.67984
-0.69117
-0.70535
-0.72266
-0.72719
-0.69492
-0.60644
-0.45808
-0.26591
-0.060592
0.12473
0.26762
0.3645
0.42974
0.48623
0.55212
0.63005
0.70445
0.74813
0.73519
0.65397
0.51376
0.34179
0.17201
0.030785
-0.073567
-0.15238
-0.22867
-0.32341
-0.44293
-0.57351
-0.68609
-0.74888
-0.7419
-0.6664
-0.54458
-0.40957
-0.29054
-0.19996
-0.12927
-0.055014
0.047506
0.18976
0.3618
0.53453
0.67146
0.74451
0.74617
0.6922
0.61349
0.5409
0.49051
0.45633
0.41413
0.33457
0.1993
0.012117
-0.20036
-0.39899
-0.54868
-0.63313
-0.66089
-0.65955
-0.66094
-0.6845
-0.72691
-0.76309
-0.75831
-0.68548
-0.53944
-0.34103
-0.12892
0.056981
0.19284
0.28031
0.34373
0.41618
0.52135
0.65987
0.807
0.92292
0.9709
0.93445
0.82534
0.67838
0.53527
0.42539
0.35267
0.29496
0.21638
0.086634
-0.10197
-0.3283
-0.55012
-0.72223
-0.81645
-0.83381
-0.80292
-0.76531
-0.75454
-0.77941
-0.81929
-0.83412
-0.7843
-0.651
-0.44687
-0.21195
0.0037059
0.16222
0.25448
0.30286
0.34877
0.43089
0.56454
0.73243
0.89124
0.99132
1
0.91731
0.77634
0.62791
0.51677
0.4606
0.44226
0.41895
0.34422
0.19213
-0.028068
-0.27412
-0.48899
-0.62663
-0.67289
-0.65137
-0.61135
-0.60321
-0.65326
-0.75017
-0.84967
-0.89562
-0.84742
-0.70054
-0.49009
-0.27551
-0.11331
-0.030999
-0.014823
-0.017257
0.018926
0.13158
0.3191
0.53925
0.72779
0.82824
0.81848
0.72145
0.59434
0.50129
0.48254
0.53482
0.61275
0.65078
0.59543
0.43238
0.19514
-0.049157
-0.23044
-0.30823
-0.29052
-0.22946
-0.19585
-0.24418
-0.38515
-0.57906
-0.75351
-0.83746
-0.79532
-0.64473
-0.4491
-0.28812
-0.22006
-0.25391
-0.3449
-0.41603
-0.39555
-0.25263
-0.013949
0.24714
0.44415
0.51797
0.46496
0.33891
0.2255
0.20105
0.29519
0.47548
0.66175
0.7638
0.72475
0.54927
0.30282
0.081795
-0.03164
-0.0086459
0.1122
0.24297
0.28849
0.19269
-0.032985
-0.31309
-0.5425
-0.63566
-0.56746
-0.3859
-0.1901
-0.083526
-0.12432
-0.29662
-0.51683
-0.67259
-0.67626
-0.50768
-0.2255
0.05889
0.23308
0.23678
0.09094
-0.11132
-0.24847
-0.22866
-0.034643
0.26608
0.55145
0.70163
0.65586
0.44228
0.16597
-0.039691
-0.076055
0.073335
0.33355
0.57246
0.66285
0
0
0
0
0
0
0
0
0
0
0
0
0
0
0
0
0
0
0
0
0
0
0
0
0
0
0
0
0
0
0
0
0
0
0
0
0
0
0
0
0
0
0
0
0
0
0
0
0
0
0
0
0
0
0
0
0
0
0
0
0
0
0
0
0
0
0
0
0
0
0
0
0
0
0
0
0
0
0
0
0
0
0
0
0
0
0
0
0
0
0
0
0
0
0
0
0
0
0
0
0
0
0
0
0
0
0
0
0
0
0
0
0
0
0
0
0
0
0
0
0
0
0
0
0
0
0
0
0
0
0
0
0
0
0
0
0
0
0
0
0
0
0
0
0
0
0
0
0
0
0
0
0
0
0
0
0
0
0
0
0
0
0
0
0
0
0
0
0
0
0
0
0
0
0
0
0
0
0
0
0
0
0
0
0
0
0
0
0
0
0
0
0
0
0
0
0
0
0
0
0
0
0
0
0
0
0
0
0
0
0
0
0
0
0
0
0
0
0
0
0
0
0
0
0
0
0
0
0
0
0
0
0
0
0
0
0
0
0
0
0
0
0
0
0
0
0
0
0
0
0
0
0
0
0
0
0
0
0
0
0
0
0
0
0
0
0
0
0
0
-0.84119
-0.77247
-0.67267
-0.56553
-0.46392
-0.36522
-0.25486
-0.11615
0.058477
0.26033
0.46519
0.64172
0.76363
0.81992
0.81822
0.77973
0.72815
0.67802
0.62809
0.56306
0.46264
0.31379
0.1198
-0.098137
-0.30797
-0.47911
-0.59428
-0.65529
-0.67984
-0.69117
-0.70535
-0.72266
-0.72719
-0.69492
-0.60644
-0.45808
-0.26591
-0.060592
0.12473
0.26762
0.3645
0.42974
0.48623
0.55212
0.63005
0.70445
0.74813
0.73519
0.65397
0.51376
0.34179
0.17201
0.030785
-0.073567
-0.15238
-0.22867
-0.32341
-0.44293
-0.57351
-0.68609
-0.74888
-0.7419
-0.6664
-0.54458
-0.40957
-0.29054
-0.19996
-0.12927
-0.055014
0.047506
0.18976
0.3618
0.53453
0.67146
0.74451
0.74617
0.6922
0.61349
0.5409
0.49051
0.45633
0.41413
0.33457
0.1993
0.012117
-0.20036
-0.39899
-0.54868
-0.63313
-0.66089
-0.65955
-0.66094
-0.6845
-0.72691
-0.76309
-0.75831
-0.68548
-0.53944
-0.34103
-0.12892
0.056981
0.19284
0.28031
0.34373
0.41618
0.52135
0.65987
0.807
0.92292
0.9709
0.93445
0.82534
0.67838
0.53527
0.42539
0.35267
0.29496
0.21638
0.086634
-0.10197
-0.3283
-0.55012
-0.72223
-0.81645
-0.83381
-0.80292
-0.76531
-0.75454
-0.77941
-0.81929
-0.83412
-0.7843
-0.651
-0.44687
-0.21195
0.0037059
0.16222
0.25448
0.30286
0.34877
0.43089
0.56454
0.73243
0.89124
0.99132
1
0.91731
0.77634
0.62791
0.51677
0.4606
0.44226
0.41895
0.34422
0.19213
-0.028068
-0.27412
-0.48899
-0.62663
-0.67289
-0.65137
-0.61135
-0.60321
-0.65326
-0.75017
-0.84967
-0.89562
-0.84742
-0.70054
-0.49009
-0.27551
-0.11331
-0.030999
-0.014823
-0.017257
0.018926
0.13158
0.3191
0.53925
0.72779
0.82824
0.81848
0.72145
0.59434
0.50129
0.48254
0.53482
0.61275
0.65078
0.59543
0.43238
0.19514
-0.049157
-0.23044
-0.30823
-0.29052
-0.22946
-0.19585
-0.24418
-0.38515
-0.57906
-0.75351
-0.83746
-0.79532
-0.64473
-0.4491
-0.28812
-0.22006
-0.25391
-0.3449
-0.41603
-0.39555
-0.25263
-0.013949
0.24714
0.44415
0.51797
0.46496
0.33891
0.2255
0.20105
0.29519
0.47548
0.66175
0.7638
0.72475
0.54927
0.30282
0.081795
-0.03164
-0.0086459
0.1122
0.24297
0.28849
0.19269
-0.032985
-0.31309
-0.5425
-0.63566
-0.56746
-0.3859
-0.1901
-0.083526
-0.12432
-0.29662
-0.51683
-0.67259
-0.67626
-0.50768
-0.2255
0.05889
0.23308
0.23678
0.09094
-0.11132
-0.24847
-0.22866
-0.034643
0.26608
0.55145
0.70163
0.65586
0.44228
0.16597
-0.039691
-0.076055
0.073335
0.33355
0.57246
0.66285
0.54328
0.24894
-0.10291
-0.36662
-0.43635
-0.29648
-0.030202
0.21859
0.31288
0.18794
-0.11635
-0.4722
-0.72264
-0.75505
-0.55513
-0.21533
0.10699
0.26266
0.18119
-0.094794
-0.4279
-0.64949
-0.63893
-0.38164
0.021892
0.4011
0.59411
0.52366
0.23451
-0.12595
-0.37556
-0.38273
-0.12926
0.27908
0.66003
0.83903
0.73105
0.38188
-0.051242
-0.37145
-0.43359
-0.21275
0.18253
0.55921
0.72888
0.59614
0.20465
-0.28082
-0.64928
-0.74078
-0.52137
-0.10038
0.31875
0.53199
0.42967
0.048813
-0.44206
-0.81939
-0.9075
-0.66066
-0.18586
0.30475
0.59066
0.54472
0.19279
-0.29672
-0.68921
-0.79164
-0.54223
-0.040532
0.49657
0.83325
0.8228
0.47574
-0.043778
-0.49209
-0.65725
-0.45658
0.024326
0.56941
0.93
0.9383
0.58471
0.023387
-0.49692
-0.74556
-0.61503
-0.17049
0.37917
0.77572
0.8289
0.5033
-0.064742
-0.62805
-0.94003
-0.8661
-0.44473
0.1296
0.59399
0.73565
0.48791
-0.039496
-0.60974
-0.96528
-0.94361
-0.55023
0.043863
0.57882
0.82223
0.67278
0.20511
-0.36418
-0.77367
-0.83383
-0.51119
0.057293
0.62574
0.94876
0.89004
0.48181
-0.090542
-0.57146
-0.74843
-0.54517
-0.054067
0.50599
0.88679
0.9199
0.58954
0.037937
-0.49838
-0.7926
-0.72601
-0.338
0.19324
0.62991
0.77834
0.57205
0.098559
-0.44055
-0.81788
-0.87802
-0.60272
-0.11624
0.37019
0.64977
0.60782
0.26861
-0.21766
-0.64069
-0.81992
-0.67983
-0.27954
0.21457
0.60035
0.72473
0.54609
0.14911
-0.29299
-0.59183
-0.6218
-0.37043
0.058621
0.49015
0.75017
0.73659
0.45944
0.03481
-0.3638
-0.57637
-0.52063
-0.22409
0.18843
0.54604
0.70076
0.58669
0.2459
-0.18894
-0.54782
-0.69132
-0.56618
-0.22651
0.18773
0.50652
0.59769
0.42013
0.041039
-0.39012
-0.70077
-0.76436
-0.5518
-0.14455
0.29682
0.59625
0.63319
0.39224
-0.029024
-0.45787
-0.71555
-0.69001
-0.38283
0.08945
0.54093
0.7911
0.73868
0.40428
-0.076272
-0.50587
-0.70614
-0.59091
-0.20275
0.30282
0.71985
0.87586
0.70304
0.26703
-0.25881
-0.66355
-0.78477
-0.57531
-0.12297
0.38493
0.73788
0.78815
0.5111
0.015278
-0.50191
-0.83451
-0.85155
-0.54966
-0.053607
0.43498
0.71955
0.68762
0.35506
-0.14177
-0.60205
-0.84153
-0.76564
-0.40564
0.095809
0.54286
0.76454
0.68128
0.33412
-0.13391
-0.53574
-0.71384
-0.60045
-0.24162
0.22307
0.61614
0.79065
0.68521
0.34518
-0.096981
-0.47343
-0.64454
-0.55038
-0.23137
0.18866
0.54976
0.7155
0.62296
0.30502
-0.12255
-0.50421
-0.70178
-0.64504
-0.35735
0.052763
0.43128
0.63512
0.58506
0.29571
-0.12869
-0.53177
-0.76245
-0.73141
-0.44567
-0.0077092
0.42125
0.68089
0.67246
0.39732
-0.041625
-0.47728
-0.74087
-0.7265
-0.4327
0.035183
0.50372
0.79687
0.80341
0.52032
0.054981
-0.4151
-0.70989
-0.71585
-0.42969
0.040128
0.51478
0.81339
0.82205
0.5368
0.06455
-0.41828
-0.73307
-0.76628
-0.51126
-0.069122
0.39089
0.69566
0.73257
0.48996
0.059208
-0.40108
-0.7246
-0.79798
-0.60036
-0.20849
0.23347
0.56717
0.6766
0.52797
0.17941
-0.24171
-0.5848
-0.72884
-0.6237
-0.3061
0.11424
0.49315
0.70168
0.67007
0.4114
0.017036
-0.37455
-0.62512
-0.64442
-0.42198
-0.031939
0.3914
0.69946
0.78134
0.60374
0.22449
-0.22596
-0.58951
-0.73632
-0.61216
-0.2594
0.1963
0.59002
0.7767
0.6842
0.34059
-0.13478
-0.57364
-0.81962
-0.78508
-0.48321
-0.023407
0.42848
0.71026
0.72196
0.46131
0.023633
-0.43351
-0.7474
-0.80809
-0.59637
-0.18867
0.27188
0.62693
0.75824
0.62733
0.28634
-0.14239
-0.50998
-0.69191
-0.62907
-0.34544
0.062062
0.45743
0.71095
0.74121
0.5406
0.17654
-0.23117
-0.54938
-0.67452
-0.56598
-0.25949
0.14392
0.51009
0.71513
0.68647
0.42792
0.020199
-0.40422
-0.70434
-0.77809
-0.598
-0.2224
0.2226
0.5849
0.73847
0.62739
0.28649
-0.16941
-0.58436
-0.81508
-0.78082
-0.49163
-0.045041
0.40778
0.71444
0.7737
0.56962
0.17585
-0.27097
-0.61872
-0.75139
-0.62713
-0.29024
0.14589
0.53808
0.76094
0.74689
0.50587
0.11967
-0.28632
-0.58375
-0.68137
-0.55223
-0.24044
0.15384
0.50584
0.70451
0.68625
0.45434
0.078218
-0.32719
-0.63632
-0.75176
-0.63533
-0.32153
0.091512
0.47176
0.69489
0.68486
0.44013
0.036129
-0.39766
-0.71931
-0.82135
-0.66705
-0.3038
0.15175
0.55195
0.76715
0.72881
0.45202
0.029994
-0.39751
-0.6907
-0.75547
-0.57306
-0.20438
0.23158
0.59736
0.78094
0.72995
0.46583
0.074558
-0.32185
-0.60344
-0.68802
-0.55428
-0.24625
0.14125
0.49118
0.69847
0.7003
0.49413
0.13863
-0.26276
-0.59158
-0.74894
-0.68558
-0.41797
-0.02529
0.37297
0.65276
0.72402
0.5601
0.20794
-0.22488
-0.60311
-0.80655
-0.76883
-0.49945
-0.081291
0.35556
0.67546
0.78051
0.64126
0.30513
-0.11992
-0.50048
-0.7198
-0.71328
-0.48655
-0.1113
0.29853
0.62217
0.76753
0.69675
0.43488
0.060565
-0.31774
-0.59271
-0.68772
-0.57738
-0.29398
0.081439
0.44126
0.68085
0.72803
0.56438
0.23214
-0.17608
-0.54269
-0.75919
-0.759
-0.53893
-0.16218
0.25923
0.59776
0.74948
0.66664
0.37315
-0.042381
-0.45394
-0.73709
-0.80726
-0.645
-0.30074
0.12204
0.49924
0.72347
0.73496
0.53695
0.19216
-0.19745
-0.52086
-0.68881
-0.65717
-0.43714
-0.090474
0.28795
0.59555
0.74886
0.70537
0.475
0.1184
-0.26824
-0.57826
-0.72369
-0.66063
-0.40335
-0.022502
0.37344
0.66871
0.77432
0.65536
0.34265
-0.075267
-0.47798
-0.74909
-0.81102
-0.64794
-0.30971
0.1039
0.4736
0.69567
0.71126
0.52135
0.184
-0.2042
-0.53614
-0.72334
-0.7184
-0.52546
-0.19717
0.18017
0.509
0.70492
0.71758
0.54333
0.22684
-0.14928
-0.48471
-0.68734
-0.69835
-0.50969
-0.16855
0.23371
0.58573
0.78748
0.77944
0.56083
0.19097
-0.22732
-0.57738
-0.76249
-0.73363
-0.50275
-0.13801
0.25702
0.57347
0.72725
0.68084
0.451
0.10178
-0.27438
-0.58131
-0.74309
-0.72161
-0.52448
-0.20203
0.16522
0.48566
0.67842
0.69316
0.52343
0.20995
-0.16781
-0.51071
-0.72545
-0.75021
-0.573
-0.2369
0.17015
0.539
0.76963
0.79958
0.62171
0.286
-0.1151
-0.4731
-0.69378
-0.72231
-0.55635
-0.24432
0.12968
0.46916
0.68991
0.7398
0.60958
0.33303
-0.022374
-0.37171
-0.63193
-0.74066
-0.6706
-0.43677
-0.094429
0.2726
0.57144
0.72331
0.68483
0.46114
0.10674
-0.28741
-0.61764
-0.79573
-0.77346
-0.55612
-0.20105
0.19853
0.53942
0.73624
0.74336
0.56505
0.2519
-0.11434
-0.44254
-0.65451
-0.70243
-0.57803
-0.31255
0.031551
0.37477
0.63777
0.75851
0.70629
0.4897
0.15648
-0.2158
-0.53704
-0.72648
-0.73387
-0.55406
-0.23022
0.15596
0.5052
0.72692
0.76369
0.60643
0.29628
-0.087311
-0.4484
-0.69967
-0.78395
-0.68658
-0.43635
-0.096051
0.25395
0.53444
0.68426
0.67219
0.50244
0.21322
-0.13103
-0.4525
-0.67626
-0.74698
-0.64274
-0.3823
-0.023014
0.35111
0.64936
0.79732
0.75685
0.5369
0.19201
-0.19182
-0.51963
-0.71221
-0.72578
-0.56174
-0.26411
0.093364
0.42647
0.6604
0.74566
0.66692
0.44407
0.12635
-0.21832
-0.5169
-0.70542
-0.74182
-0.6154
-0.35081
-0.0047571
0.34477
0.6156
0.7411
0.68755
0.46427
0.12276
-0.25535
-0.57879
-0.76995
-0.78439
-0.62127
-0.32204
0.041488
0.38583
0.63583
0.74087
0.68398
0.48283
0.18377
-0.14883
-0.44547
-0.6444
-0.70301
-0.60626
-0.37079
-0.043408
0.30681
0.60219
0.77378
0.77833
0.61031
0.30515
-0.068035
-0.42292
-0.67738
-0.77394
-0.69357
-0.45919
-0.12844
0.22168
0.51364
0.68651
0.70769
0.57722
0.32529
0.00446
-0.32096
-0.58655
-0.73898
-0.74569
-0.60174
-0.33253
0.0090972
0.35203
0.62132
0.75527
0.72094
0.52361
0.20696
-0.15669
-0.48381
-0.70018
-0.75855
-0.64908
-0.39979
-0.067989
0.27439
0.55721
0.72616
0.75183
0.63307
0.39523
0.084578
-0.23971
-0.51532
-0.68732
-0.71866
-0.59872
-0.34779
-0.015388
0.32848
0.60808
0.7595
0.74653
0.57018
0.26896
-0.090487
-0.42969
-0.67704
-0.7837
-0.73298
-0.5414
-0.25243
0.074502
0.37635
0.59772
0.69933
0.66346
0.49627
0.2274
-0.09382
-0.40562
-0.64452
-0.75813
-0.71751
-0.52558
-0.21876
0.13969
0.47359
0.71158
0.80395
0.73388
0.52028
0.21169
-0.1262
-0.42575
-0.63114
-0.70782
-0.64652
-0.4624
-0.19073
0.11936
0.41227
0.63402
0.74089
0.70787
0.5352
0.25105
-0.091696
-0.42486
-0.67931
-0.80086
-0.76342
-0.57548
-0.27811
0.065199
0.38366
0.61507
0.71821
0.67933
0.51188
0.25121
-0.053673
-0.34885
-0.58353
-0.7168
-0.72335
-0.59799
-0.35822
-0.04365
0.28901
0.57569
0.75796
0.7965
0.68118
0.43459
0.10756
-0.23252
-0.51718
-0.692
-0.72744
-0.62287
-0.40391
-0.1148
0.19143
0.46227
0.65323
0.7331
0.68748
0.52102
0.25805
-0.059106
-0.37532
-0.63163
-0.7768
-0.77913
-0.63499
-0.37128
-0.040399
0.2913
0.55848
0.71117
0.72454
0.60212
0.37233
0.080431
-0.22135
-0.48289
-0.66298
-0.7337
-0.68306
-0.51655
-0.25763
0.053733
0.36546
0.62133
0.77163
0.78438
0.65379
0.4033
0.081377
-0.24891
-0.52401
-0.69364
-0.73057
-0.63421
-0.42794
-0.152
0.14546
0.41656
0.6199
0.72478
0.71397
0.58604
0.3569
0.059836
-0.25749
-0.53975
-0.73412
-0.80165
-0.72692
-0.52277
-0.22829
0.099794
0.39974
0.6181
0.71998
0.69385
0.55085
0.31971
0.039899
-0.24508
-0.49297
-0.66686
-0.7388
-0.69363
-0.53274
-0.27664
0.035672
0.35158
0.61412
0.77382
0.79995
0.68788
0.46017
0.16108
-0.15384
-0.42982
-0.62323
-0.70789
-0.67671
-0.53966
-0.3199
-0.049896
0.23205
0.48494
0.66913
0.75176
0.71326
0.55327
0.29365
-0.023314
-0.34212
-0.60533
-0.76597
-0.7975
-0.69864
-0.49187
-0.21674
0.079481
0.35095
0.55984
0.67978
0.6968
0.60925
0.4277
0.1751
-0.1138
-0.39521
-0.62203
-0.75239
-0.75897
-0.63639
-0.40391
-0.1022
0.21532
0.49407
0.68948
0.77461
0.74286
0.60587
0.38856
0.12351
-0.15354
-0.40677
-0.60249
-0.71191
-0.71508
-0.60569
-0.39512
-0.11352
0.19353
0.47298
0.67516
0.76459
0.72746
0.5736
0.33278
0.046899
-0.23924
-0.4856
-0.66164
-0.74781
-0.73526
-0.62522
-0.42919
-0.16956
0.12041
0.39905
0.62186
0.74982
0.75832
0.64376
0.42548
0.14206
-0.15727
-0.42322
-0.61601
-0.71138
-0.70197
-0.59505
-0.40846
-0.16675
0.10118
0.36334
0.58599
0.7365
0.78826
0.72689
0.5556
0.29743
-0.007412
-0.30897
-0.55792
-0.71578
-0.76213
-0.69669
-0.5366
-0.31045
-0.051654
0.2067
0.43458
0.60586
0.69897
0.69848
0.59837
0.40573
0.14314
-0.15236
-0.43455
-0.65687
-0.78232
-0.79149
-0.68609
-0.4872
-0.22902
0.049258
0.31075
0.52547
0.67178
0.73576
0.71038
0.59591
0.40162
0.1479
-0.13339
-0.40177
-0.61457
-0.7357
-0.74398
-0.63836
-0.43809
-0.17772
0.10106
0.35821
0.56182
0.69099
0.73542
0.69322
0.56904
0.37374
0.12549
-0.14906
-0.41545
-0.6353
-0.77312
-0.80434
-0.72187
-0.5387
-0.28526
-0.0025045
0.26717
0.48806
0.63607
0.69965
0.6776
0.57601
0.40596
0.18337
-0.070024
-0.32579
-0.55026
-0.70901
-0.77381
-0.72987
-0.58073
-0.34864
-0.070022
0.21269
0.45996
0.64211
0.74242
0.75628
0.68796
0.54724
0.34762
0.10668
-0.15255
-0.40103
-0.60588
-0.73546
-0.7665
-0.69068
-0.51807
-0.27581
-0.0022097
0.26182
0.48105
0.63139
0.70129
0.68965
0.60222
0.44865
0.2418
-0.001113
-0.25672
-0.4954
-0.68417
-0.79266
-0.80043
-0.70291
-0.51374
-0.26204
0.01423
0.2768
0.49433
0.64637
0.72333
0.72375
0.65096
0.51128
0.31466
0.076835
-0.17863
-0.42084
-0.61544
-0.73147
-0.74888
-0.66404
-0.49098
-0.25782
0.00023835
0.24889
0.46064
0.61726
0.70872
0.73027
0.68007
0.55888
0.3723
0.13396
-0.13242
-0.39421
-0.61484
-0.76143
-0.81248
-0.76284
-0.6242
-0.42092
-0.18319
0.059857
0.28453
0.47351
0.61403
0.69533
0.70756
0.64342
0.50207
0.29327
0.039393
-0.22642
-0.46621
-0.64534
-0.74014
-0.74229
-0.65857
-0.50661
-0.30873
-0.086661
0.14105
0.35833
0.54924
0.69599
0.77953
0.78314
0.69799
0.52817
0.29265
0.02285
-0.24385
-0.47238
-0.63713
-0.72545
-0.73691
-0.6792
-0.56325
-0.39995
-0.19986
0.024469
0.2555
0.4695
0.63866
0.73655
0.74513
0.66041
0.49446
0.27259
0.026953
-0.21121
-0.4175
-0.57671
-0.68135
-0.72798
-0.71391
-0.63629
-0.49438
-0.29366
-0.049508
0.21209
0.45787
0.65414
0.77463
0.80644
0.75189
0.62577
0.44943
0.2445
0.028819
-0.18404
-0.38237
-0.55291
-0.67918
-0.74302
-0.72931
-0.63192
-0.45819
-0.22952
0.022632
0.264
0.46534
0.60789
0.68463
0.69756
0.6528
0.55634
0.41256
0.22618
0.0061795
-0.23071
-0.4595
-0.6504
-0.77552
-0.81618
-0.76797
-0.64136
-0.45783
-0.2431
-0.020549
0.19268
0.38562
0.55026
0.67764
0.7557
0.77069
0.71183
0.57699
0.37683
0.13483
-0.11712
-0.34623
-0.52644
-0.64323
-0.69403
-0.68459
-0.62353
-0.51786
-0.37183
-0.18925
0.022066
0.24662
0.46068
0.63593
0.74626
0.77499
0.71958
0.59172
0.41296
0.20774
-0.0029964
-0.20507
-0.39025
-0.55235
-0.68289
-0.76909
-0.79558
-0.74961
-0.62719
-0.43734
-0.20206
0.048279
0.28251
0.47609
0.61549
0.69801
0.72768
0.70978
0.64671
0.53763
0.38169
0.18323
-0.044055
-0.27663
-0.48504
-0.6411
-0.72539
-0.73197
-0.66838
-0.55121
-0.3993
-0.22793
-0.046378
0.14032
0.32674
0.50251
0.65052
0.74948
0.77994
0.73123
0.60626
0.42171
0.20345
-0.020903
-0.22912
-0.40819
-0.55364
-0.66508
-0.74081
-0.77447
-0.75569
-0.67467
-0.52844
-0.32569
-0.087523
0.15674
0.37697
0.55004
0.66456
0.72092
0.72686
0.6912
0.61881
0.50942
0.36067
0.17377
-0.041414
-0.26472
-0.46881
-0.62616
-0.71683
-0.73385
-0.68386
-0.58281
-0.44897
-0.29651
-0.13262
0.040831
0.22215
0.40425
0.57183
0.70312
0.77586
0.77485
0.69775
0.55636
0.37277
0.17198
-0.025521
-0.20813
-0.37259
-0.5194
-0.64669
-0.74605
-0.80275
-0.80041
-0.72816
-0.58679
-0.39087
-0.16557
0.060573
0.26377
0.43049
0.55811
0.65074
0.71272
0.74315
0.73441
0.67553
0.55875
0.38605
0.17221
-0.057334
-0.27324
-0.45067
-0.5758
-0.64748
-0.67379
-0.66517
-0.62789
-0.56091
-0.45789
-0.31301
-0.12787
0.084427
0.30016
0.49091
0.63203
0.70988
0.72464
0.68763
0.61449
0.51768
0.4019
0.26458
0.10103
-0.088592
-0.29399
-0.49431
-0.66297
-0.77586
-0.81925
-0.79373
-0.71253
-0.59498
-0.45841
-0.3122
-0.1568
0.012048
0.19621
0.38894
0.57297
0.72404
0.81867
0.84252
0.79551
0.69132
0.55145
0.3968
0.24045
0.085327
-0.072729
-0.23794
-0.40751
-0.56821
-0.69853
-0.77572
-0.78449
-0.72326
-0.60501
-0.45221
-0.28833
-0.12965
0.01858
0.16024
0.30171
0.44409
0.57834
0.68591
0.74486
0.73872
0.66377
0.53136
0.36403
0.18712
0.019909
-0.12974
-0.26482
-0.39318
-0.5193
-0.63802
-0.73365
-0.78497
-0.77395
-0.69405
-0.55405
-0.37551
-0.18495
-0.0043683
0.15549
0.29604
0.4258
0.55189
0.67263
0.77495
0.83816
0.84229
0.77724
0.64818
0.4745
0.2829
0.097523
-0.068036
-0.21324
-0.34664
-0.47753
-0.60745
-0.72601
-0.81311
-0.84679
-0.81293
-0.71218
-0.5607
-0.38428
-0.20849
-0.049549
0.089857
0.21795
0.34588
0.47844
0.60823
0.71624
0.77887
0.77796
0.70919
0.58469
0.42849
0.26698
0.11884
-0.010849
-0.1295
-0.24974
-0.37956
-0.51488
-0.63839
-0.72536
-0.75384
-0.71431
-0.61422
-0.47508
-0.32354
-0.18058
-0.054039
0.062121
0.18145
0.31485
0.46174
0.60695
0.72513
0.7907
0.78863
0.7209
0.60553
0.46854
0.33279
0.20882
0.092396
-0.030547
-0.17368
-0.34012
-0.51742
-0.6802
-0.79955
-0.85465
-0.84119
-0.77247
-0.67267
-0.56553
-0.46392
-0.36522
-0.25486
-0.11615
0.058477
0.26033
0.46519
0.64172
0.76363
0.81992
0.81822
0.77973
0.72815
0.67802
0.62809
0.56306
0.46264
0.31379
0.1198
-0.098137
-0.30797
-0.47911
-0.59428
-0.65529
-0.67984
-0.69117
-0.70535
-0.72266
-0.72719
-0.69492
-0.60644
-0.45808
-0.26591
-0.060592
0.12473
0.26762
0.3645
0.42974
0.48623
0.55212
0.63005
0.70445
0.74813
0.73519
0.65397
0.51376
0.34179
0.17201
0.030785
-0.073567
-0.15238
-0.22867
-0.32341
-0.44293
-0.57351
-0.68609
-0.74888
-0.7419
-0.6664
-0.54458
-0.40957
-0.29054
-0.19996
-0.12927
-0.055014
0.047506
0.18976
0.3618
0.53453
0.67146
0.74451
0.74617
0.6922
0.61349
0.5409
0.49051
0.45633
0.41413
0.33457
0.1993
0.012117
-0.20036
-0.39899
-0.54868
-0.63313
-0.66089
-0.65955
-0.66094
-0.6845
-0.72691
-0.76309
-0.75831
-0.68548
-0.53944
-0.34103
-0.12892
0.056981
0.19284
0.28031
0.34373
0.41618
0.52135
0.65987
0.807
0.92292
0.9709
0.93445
0.82534
0.67838
0.53527
0.42539
0.35267
0.29496
0.21638
0.086634
-0.10197
-0.3283
-0.55012
-0.72223
-0.81645
-0.83381
-0.80292
-0.76531
-0.75454
-0.77941
-0.81929
-0.83412
-0.7843
-0.651
-0.44687
-0.21195
0.0037059
0.16222
0.25448
0.30286
0.34877
0.43089
0.56454
0.73243
0.89124
0.99132
1
0.91731
0.77634
0.62791
0.51677
0.4606
0.44226
0.41895
0.34422
0.19213
-0.028068
-0.27412
-0.48899
-0.62663
-0.67289
-0.65137
-0.61135
-0.60321
-0.65326
-0.75017
-0.84967
-0.89562
-0.84742
-0.70054
-0.49009
-0.27551
-0.11331
-0.030999
-0.014823
-0.017257
0.018926
0.13158
0.3191
0.53925
0.72779
0.82824
0.81848
0.72145
0.59434
0.50129
0.48254
0.53482
0.61275
0.65078
0.59543
0.43238
0.19514
-0.049157
-0.23044
-0.30823
-0.29052
-0.22946
-0.19585
-0.24418
-0.38515
-0.57906
-0.75351
-0.83746
-0.79532
-0.64473
-0.4491
-0.28812
-0.22006
-0.25391
-0.3449
-0.41603
-0.39555
-0.25263
-0.013949
0.24714
0.44415
0.51797
0.46496
0.33891
0.2255
0.20105
0.29519
0.47548
0.66175
0.7638
0.72475
0.54927
0.30282
0.081795
-0.03164
-0.0086459
0.1122
0.24297
0.28849
0.19269
-0.032985
-0.31309
-0.5425
-0.63566
-0.56746
-0.3859
-0.1901
-0.083526
-0.12432
-0.29662
-0.51683
-0.67259
-0.67626
-0.50768
-0.2255
0.05889
0.23308
0.23678
0.09094
-0.11132
-0.24847
-0.22866
-0.034643
0.26608
0.55145
0.70163
0.65586
0.44228
0.16597
-0.039691
-0.076055
0.073335
0.33355
0.57246
0.66285
0
0
0
0
0
0
0
0
0
0
0
0
0
0
0
0
0
0
0
0
0
0
0
0
0
0
0
0
0
0
0
0
0
0
0
0
0
0
0
0
0
0
0
0
0
0
0
0
0
0
0
0
0
0
0
0
0
0
0
0
0
0
0
0
0
0
0
0
0
0
0
0
0
0
0
0
0
0
0
0
0
0
0
0
0
0
0
0
0
0
0
0
0
0
0
0
0
0
0
0
0
0
0
0
0
0
0
0
0
0
0
0
0
0
0
0
0
0
0
0
0
0
0
0
0
0
0
0
0
0
0
0
0
0
0
0
0
0
0
0
0
0
0
0
0
0
0
0
0
0
0
0
0
0
0
0
0
0
0
0
0
0
0
0
0
0
0
0
0
0
0
0
0
0
0
0
0
0
0
0
0
0
0
0
0
0
0
0
0
0
0
0
0
0
0
0
0
0
0
0
0
0
0
0
0
0
0
0
0
0
0
0
0
0
0
0
0
0
0
0
0
0
0
0
0
0
0
0
0
0
0
0
0
0
0
0
0
0
0
0
0
0
0
0
0
0
0
0
0
0
0
0
0
0
0
0
0
0
0
0
0
0
0
0
0
0
0
0
0
0
0.84119
0.77247
0.67267
0.56553
0.46392
0.36522
0.25486
0.11615
-0.058477
-0.26033
-0.46519
-0.64172
-0.76363
-0.81992
-0.81822
-0.77973
-0.72815
-0.67802
-0.62809
-0.56306
-0.46264
-0.31379
-0.1198
0.098137
0.30797
0.47911
0.59428
0.65529
0.67984
0.69117
0.70535
0.72266
0.72719
0.69492
0.60644
0.45808
0.26591
0.060592
-0.12473
-0.26762
-0.3645
-0.42974
-0.48623
-0.55212
-0.63005
-0.70445
-0.74813
-0.73519
-0.65397
-0.51376
-0.34179
-0.17201
-0.030785
0.073567
0.15238
0.22867
0.32341
0.44293
0.57351
0.68609
0.74888
0.7419
0.6664
0.54458
0.40957
0.29054
0.19996
0.12927
0.055014
-0.047506
-0.18976
-0.3618
-0.53453
-0.67146
-0.74451
-0.74617
-0.6922
-0.61349
-0.5409
-0.49051
-0.45633
-0.41413
-0.33457
-0.1993
-0.012117
0.20036
0.39899
0.54868
0.63313
0.66089
0.65955
0.66094
0.6845
0.72691
0.76309
0.75831
0.68548
0.53944
0.34103
0.12892
-0.056981
-0.19284
-0.28031
-0.34373
-0.41618
-0.52135
-0.65987
-0.807
-0.92292
-0.9709
-0.93445
-0.82534
-0.67838
-0.53527
-0.42539
-0.35267
-0.29496
-0.21638
-0.086634
0.10197
0.3283
0.55012
0.72223
0.81645
0.83381
0.80292
0.76531
0.75454
0.77941
0.81929
0.83412
0.7843
0.651
0.44687
0.21195
-0.0037059
-0.16222
-0.25448
-0.30286
-0.34877
-0.43089
-0.56454
-0.73243
-0.89124
-0.99132
-1
-0.91731
-0.77634
-0.62791
-0.51677
-0.4606
-0.44226
-0.41895
-0.34422
-0.19213
0.028068
0.27412
0.48899
0.62663
0.67289
0.65137
0.61135
0.60321
0.65326
0.75017
0.84967
0.89562
0.84742
0.70054
0.49009
0.27551
0.11331
0.030999
0.014823
0.017257
-0.018926
-0.13158
-0.3191
-0.53925
-0.72779
-0.82824
-0.81848
-0.72145
-0.59434
-0.50129
-0.48254
-0.53482
-0.61275
-0.65078
-0.59543
-0.43238
-0.19514
0.049157
0.23044
0.30823
0.29052
0.22946
0.19585
0.24418
0.38515
0.57906
0.75351
0.83746
0.79532
0.64473
0.4491
0.28812
0.22006
0.25391
0.3449
0.41603
0.39555
0.25263
0.013949
-0.24714
-0.44415
-0.51797
-0.46496
-0.33891
-0.2255
-0.20105
-0.29519
-0.47548
-0.66175
-0.7638
-0.72475
-0.54927
-0.30282
-0.081795
0.03164
0.0086459
-0.1122
-0.24297
-0.28849
-0.19269
0.032985
0.31309
0.5425
0.63566
0.56746
0.3859
0.1901
0.083526
0.12432
0.29662
0.51683
0.67259
0.67626
0.50768
0.2255
-0.05889
-0.23308
-0.23678
-0.09094
0.11132
0.24847
0.22866
0.034643
-0.26608
-0.55145
-0.70163
-0.65586
-0.44228
-0.16597
0.039691
0.076055
-0.073335
-0.33355
-0.57246
-0.66285
-0.54328
-0.24894
0.10291
0.36662
0.43635
0.29648
0.030202
-0.21859
-0.31288
-0.18794
0.11635
0.4722
0.72264
0.75505
0.55513
0.21533
-0.10699
-0.26266
-0.18119
0.094794
0.4279
0.64949
0.63893
0.38164
-0.021892
-0.4011
-0.59411
-0.52366
-0.23451
0.12595
0.37556
0.38273
0.12926
-0.27908
-0.66003
-0.83903
-0.73105
-0.38188
0.051242
0.37145
0.43359
0.21275
-0.18253
-0.55921
-0.72888
-0.59614
-0.20465
0.28082
0.64928
0.74078
0.52137
0.10038
-0.31875
-0.53199
-0.42967
-0.048813
0.44206
0.81939
0.9075
0.66066
0.18586
-0.30475
-0.59066
-0.54472
-0.19279
0.29672
0.68921
0.79164
0.54223
0.040532
-0.49657
-0.83325
-0.8228
-0.47574
0.043778
0.49209
0.65725
0.45658
-0.024326
-0.56941
-0.93
-0.9383
-0.58471
-0.023387
0.49692
0.74556
0.61503
0.17049
-0.37917
-0.77572
-0.8289
-0.5033
0.064742
0.62805
0.94003
0.8661
0.44473
-0.1296
-0.59399
-0.73565
-0.48791
0.039496
0.60974
0.96528
0.94361
0.55023
-0.043863
-0.57882
-0.82223
-0.67278
-0.20511
0.36418
0.77367
0.83383
0.51119
-0.057293
-0.62574
-0.94876
-0.89004
-0.48181
0.090542
0.57146
0.74843
0.54517
0.054067
-0.50599
-0.88679
-0.9199
-0.58954
-0.037937
0.49838
0.7926
0.72601
0.338
-0.19324
-0.62991
-0.77834
-0.57205
-0.098559
0.44055
0.81788
0.87802
0.60272
0.11624
-0.37019
-0.64977
-0.60782
-0.26861
0.21766
0.64069
0.81992
0.67983
0.27954
-0.21457
-0.60035
-0.72473
-0.54609
-0.14911
0.29299
0.59183
0.6218
0.37043
-0.058621
-0.49015
-0.75017
-0.73659
-0.45944
-0.03481
0.3638
0.57637
0.52063
0.22409
-0.18843
-0.54604
-0.70076
-0.58669
-0.2459
0.18894
0.54782
0.69132
0.56618
0.22651
-0.18773
-0.50652
-0.59769
-0.42013
-0.041039
0.39012
0.70077
0.76436
0.5518
0.14455
-0.29682
-0.59625
-0.63319
-0.39224
0.029024
0.45787
0.71555
0.69001
0.38283
-0.08945
-0.54093
-0.7911
-0.73868
-0.40428
0.076272
0.50587
0.70614
0.59091
0.20275
-0.30282
-0.71985
-0.87586
-0.70304
-0.26703
0.25881
0.66355
0.78477
0.57531
0.12297
-0.38493
-0.73788
-0.78815
-0.5111
-0.015278
0.50191
0.83451
0.85155
0.54966
0.053607
-0.43498
-0.71955
-0.68762
-0.35506
0.14177
0.60205
0.84153
0.76564
0.40564
-0.095809
-0.54286
-0.76454
-0.68128
-0.33412
0.13391
0.53574
0.71384
0.60045
0.24162
-0.22307
-0.61614
-0.79065
-0.68521
-0.34518
0.096981
0.47343
0.64454
0.55038
0.23137
-0.18866
-0.54976
-0.7155
-0.62296
-0.30502
0.12255
0.50421
0.70178
0.64504
0.35735
-0.052763
-0.43128
-0.63512
-0.58506
-0.29571
0.12869
0.53177
0.76245
0.73141
0.44567
0.0077092
-0.42125
-0.68089
-0.67246
-0.39732
0.041625
0.47728
0.74087
0.7265
0.4327
-0.035183
-0.50372
-0.79687
-0.80341
-0.52032
-0.054981
0.4151
0.70989
0.71585
0.42969
-0.040128
-0.51478
-0.81339
-0.82205
-0.5368
-0.06455
0.41828
0.73307
0.76628
0.51126
0.069122
-0.39089
-0.69566
-0.73257
-0.48996
-0.059208
0.40108
0.7246
0.79798
0.60036
0.20849
-0.23347
-0.56717
-0.6766
-0.52797
-0.17941
0.24171
0.5848
0.72884
0.6237
0.3061
-0.11424
-0.49315
-0.70168
-0.67007
-0.4114
-0.017036
0.37455
0.62512
0.64442
0.42198
0.031939
-0.3914
-0.69946
-0.78134
-0.60374
-0.22449
0.22596
0.58951
0.73632
0.61216
0.2594
-0.1963
-0.59002
-0.7767
-0.6842
-0.34059
0.13478
0.57364
0.81962
0.78508
0.48321
0.023407
-0.42848
-0.71026
-0.72196
-0.46131
-0.023633
0.43351
0.7474
0.80809
0.59637
0.18867
-0.27188
-0.62693
-0.75824
-0.62733
-0.28634
0.14239
0.50998
0.69191
0.62907
0.34544
-0.062062
-0.45743
-0.71095
-0.74121
-0.5406
-0.17654
0.23117
0.54938
0.67452
0.56598
0.25949
-0.14392
-0.51009
-0.71513
-0.68647
-0.42792
-0.020199
0.40422
0.70434
0.77809
0.598
0.2224
-0.2226
-0.5849
-0.73847
-0.62739
-0.28649
0.16941
0.58436
0.81508
0.78082
0.49163
0.045041
-0.40778
-0.71444
-0.7737
-0.56962
-0.17585
0.27097
0.61872
0.75139
0.62713
0.29024
-0.14589
-0.53808
-0.76094
-0.74689
-0.50587
-0.11967
0.28632
0.58375
0.68137
0.55223
0.24044
-0.15384
-0.50584
-0.70451
-0.68625
-0.45434
-0.078218
0.32719
0.63632
0.75176
0.63533
0.32153
-0.091512
-0.47176
-0.69489
-0.68486
-0.44013
-0.036129
0.39766
0.71931
0.82135
0.66705
0.3038
-0.15175
-0.55195
-0.76715
-0.72881
-0.45202
-0.029994
0.39751
0.6907
0.75547
0.57306
0.20438
-0.23158
-0.59736
-0.78094
-0.72995
-0.46583
-0.074558
0.32185
0.60344
0.68802
0.55428
0.24625
-0.14125
-0.49118
-0.69847
-0.7003
-0.49413
-0.13863
0.26276
0.59158
0.74894
0.68558
0.41797
0.02529
-0.37297
-0.65276
-0.72402
-0.5601
-0.20794
0.22488
0.60311
0.80655
0.76883
0.49945
0.081291
-0.35556
-0.67546
-0.78051
-0.64126
-0.30513
0.11992
0.50048
0.7198
0.71328
0.48655
0.1113
-0.29853
-0.62217
-0.76753
-0.69675
-0.43488
-0.060565
0.31774
0.59271
0.68772
0.57738
0.29398
-0.081439
-0.44126
-0.68085
-0.72803
-0.56438
-0.23214
0.17608
0.54269
0.75919
0.759
0.53893
0.16218
-0.25923
-0.59776
-0.74948
-0.66664
-0.37315
0.042381
0.45394
0.73709
0.80726
0.645
0.30074
-0.12204
-0.49924
-0.72347
-0.73496
-0.53695
-0.19216
0.19745
0.52086
0.68881
0.65717
0.43714
0.090474
-0.28795
-0.59555
-0.74886
-0.70537
-0.475
-0.1184
0.26824
0.57826
0.72369
0.66063
0.40335
0.022502
-0.37344
-0.66871
-0.77432
-0.65536
-0.34265
0.075267
0.47798
0.74909
0.81102
0.64794
0.30971
-0.1039
-0.4736
-0.69567
-0.71126
-0.52135
-0.184
0.2042
0.53614
0.72334
0.7184
0.52546
0.19717
-0.18017
-0.509
-0.70492
-0.71758
-0.54333
-0.22684
0.14928
0.48471
0.68734
0.69835
0.50969
0.16855
-0.23371
-0.58573
-0.78748
-0.77944
-0.56083
-0.19097
0.22732
0.57738
0.76249
0.73363
0.50275
0.13801
-0.25702
-0.57347
-0.72725
-0.68084
-0.451
-0.10178
0.27438
0.58131
0.74309
0.72161
0.52448
0.20203
-0.16522
-0.48566
-0.67842
-0.69316
-0.52343
-0.20995
0.16781
0.51071
0.72545
0.75021
0.573
0.2369
-0.17015
-0.539
-0.76963
-0.79958
-0.62171
-0.286
0.1151
0.4731
0.69378
0.72231
0.55635
0.24432
-0.12968
-0.46916
-0.68991
-0.7398
-0.60958
-0.33303
0.022374
0.37171
0.63193
0.74066
0.6706
0.43677
0.094429
-0.2726
-0.57144
-0.72331
-0.68483
-0.46114
-0.10674
0.28741
0.61764
0.79573
0.77346
0.55612
0.20105
-0.19853
-0.53942
-0.73624
-0.74336
-0.56505
-0.2519
0.11434
0.44254
0.65451
0.70243
0.57803
0.31255
-0.031551
-0.37477
-0.63777
-0.75851
-0.70629
-0.4897
-0.15648
0.2158
0.53704
0.72648
0.73387
0.55406
0.23022
-0.15596
-0.5052
-0.72692
-0.76369
-0.60643
-0.29628
0.087311
0.4484
0.69967
0.78395
0.68658
0.43635
0.096051
-0.25395
-0.53444
-0.68426
-0.67219
-0.50244
-0.21322
0.13103
0.4525
0.67626
0.74698
0.64274
0.3823
0.023014
-0.35111
-0.64936
-0.79732
-0.75685
-0.5369
-0.19201
0.19182
0.51963
0.71221
0.72578
0.56174
0.26411
-0.093364
-0.42647
-0.6604
-0.74566
-0.66692
-0.44407
-0.12635
0.21832
0.5169
0.70542
0.74182
0.6154
0.35081
0.0047571
-0.34477
-0.6156
-0.7411
-0.68755
-0.46427
-0.12276
0.25535
0.57879
0.76995
0.78439
0.62127
0.32204
-0.041488
-0.38583
-0.63583
-0.74087
-0.68398
-0.48283
-0.18377
0.14883
0.44547
0.6444
0.70301
0.60626
0.37079
0.043408
-0.30681
-0.60219
-0.77378
-0.77833
-0.61031
-0.30515
0.068035
0.42292
0.67738
0.77394
0.69357
0.45919
0.12844
-0.22168
-0.51364
-0.68651
-0.70769
-0.57722
-0.32529
-0.00446
0.32096
0.58655
0.73898
0.74569
0.60174
0.33253
-0.0090972
-0.35203
-0.62132
-0.75527
-0.72094
-0.52361
-0.20696
0.15669
0.48381
0.70018
0.75855
0.64908
0.39979
0.067989
-0.27439
-0.55721
-0.72616
-0.75183
-0.63307
-0.39523
-0.084578
0.23971
0.51532
0.68732
0.71866
0.59872
0.34779
0.015388
-0.32848
-0.60808
-0.7595
-0.74653
-0.57018
-0.26896
0.090487
0.42969
0.67704
0.7837
0.73298
0.5414
0.25243
-0.074502
-0.37635
-0.59772
-0.69933
-0.66346
-0.49627
-0.2274
0.09382
0.40562
0.64452
0.75813
0.71751
0.52558
0.21876
-0.13969
-0.47359
-0.71158
-0.80395
-0.73388
-0.52028
-0.21169
0.1262
0.42575
0.63114
0.70782
0.64652
0.4624
0.19073
-0.11936
-0.41227
-0.63402
-0.74089
-0.70787
-0.5352
-0.25105
0.091696
0.42486
0.67931
0.80086
0.76342
0.57548
0.27811
-0.065199
-0.38366
-0.61507
-0.71821
-0.67933
-0.51188
-0.25121
0.053673
0.34885
0.58353
0.7168
0.72335
0.59799
0.35822
0.04365
-0.28901
-0.57569
-0.75796
-0.7965
-0.68118
-0.43459
-0.10756
0.23252
0.51718
0.692
0.72744
0.62287
0.40391
0.1148
-0.19143
-0.46227
-0.65323
-0.7331
-0.68748
-0.52102
-0.25805
0.059106
0.37532
0.63163
0.7768
0.77913
0.63499
0.37128
0.040399
-0.2913
-0.55848
-0.71117
-0.72454
-0.60212
-0.37233
-0.080431
0.22135
0.48289
0.66298
0.7337
0.68306
0.51655
0.25763
-0.053733
-0.36546
-0.62133
-0.77163
-0.78438
-0.65379
-0.4033
-0.081377
0.24891
0.52401
0.69364
0.73057
0.63421
0.42794
0.152
-0.14546
-0.41656
-0.6199
-0.72478
-0.71397
-0.58604
-0.3569
-0.059836
0.25749
0.53975
0.73412
0.80165
0.72692
0.52277
0.22829
-0.099794
-0.39974
-0.6181
-0.71998
-0.69385
-0.55085
-0.31971
-0.039899
0.24508
0.49297
0.66686
0.7388
0.69363
0.53274
0.27664
-0.035672
-0.35158
-0.61412
-0.77382
-0.79995
-0.68788
-0.46017
-0.16108
0.15384
0.42982
0.62323
0.70789
0.67671
0.53966
0.3199
0.049896
-0.23205
-0.48494
-0.66913
-0.75176
-0.71326
-0.55327
-0.29365
0.023314
0.34212
0.60533
0.76597
0.7975
0.69864
0.49187
0.21674
-0.079481
-0.35095
-0.55984
-0.67978
-0.6968
-0.60925
-0.4277
-0.1751
0.1138
0.39521
0.62203
0.75239
0.75897
0.63639
0.40391
0.1022
-0.21532
-0.49407
-0.68948
-0.77461
-0.74286
-0.60587
-0.38856
-0.12351
0.15354
0.40677
0.60249
0.71191
0.71508
0.60569
0.39512
0.11352
-0.19353
-0.47298
-0.67516
-0.76459
-0.72746
-0.5736
-0.33278
-0.046899
0.23924
0.4856
0.66164
0.74781
0.73526
0.62522
0.42919
0.16956
-0.12041
-0.39905
-0.62186
-0.74982
-0.75832
-0.64376
-0.42548
-0.14206
0.15727
0.42322
0.61601
0.71138
0.70197
0.59505
0.40846
0.16675
-0.10118
-0.36334
-0.58599
-0.7365
-0.78826
-0.72689
-0.5556
-0.29743
0.007412
0.30897
0.55792
0.71578
0.76213
0.69669
0.5366
0.31045
0.051654
-0.2067
-0.43458
-0.60586
-0.69897
-0.69848
-0.59837
-0.40573
-0.14314
0.15236
0.43455
0.65687
0.78232
0.79149
0.68609
0.4872
0.22902
-0.049258
-0.31075
-0.52547
-0.67178
-0.73576
-0.71038
-0.59591
-0.40162
-0.1479
0.13339
0.40177
0.61457
0.7357
0.74398
0.63836
0.43809
0.17772
-0.10106
-0.35821
-0.56182
-0.69099
-0.73542
-0.69322
-0.56904
-0.37374
-0.12549
0.14906
0.41545
0.6353
0.77312
0.80434
0.72187
0.5387
0.28526
0.0025045
-0.26717
-0.48806
-0.63607
-0.69965
-0.6776
-0.57601
-0.40596
-0.18337
0.070024
0.32579
0.55026
0.70901
0.77381
0.72987
0.58073
0.34864
0.070022
-0.21269
-0.45996
-0.64211
-0.74242
-0.75628
-0.68796
-0.54724
-0.34762
-0.10668
0.15255
0.40103
0.60588
0.73546
0.7665
0.69068
0.51807
0.27581
0.0022097
-0.26182
-0.48105
-0.63139
-0.70129
-0.68965
-0.60222
-0.44865
-0.2418
0.001113
0.25672
0.4954
0.68417
0.79266
0.80043
0.70291
0.51374
0.26204
-0.01423
-0.2768
-0.49433
-0.64637
-0.72333
-0.72375
-0.65096
-0.51128
-0.31466
-0.076835
0.17863
0.42084
0.61544
0.73147
0.74888
0.66404
0.49098
0.25782
-0.00023835
-0.24889
-0.46064
-0.61726
-0.70872
-0.73027
-0.68007
-0.55888
-0.3723
-0.13396
0.13242
0.39421
0.61484
0.76143
0.81248
0.76284
0.6242
0.42092
0.18319
-0.059857
-0.28453
-0.47351
-0.61403
-0.69533
-0.70756
-0.64342
-0.50207
-0.29327
-0.039393
0.22642
0.46621
0.64534
0.74014
0.74229
0.65857
0.50661
0.30873
0.086661
-0.14105
-0.35833
-0.54924
-0.69599
-0.77953
-0.78314
-0.69799
-0.52817
-0.29265
-0.02285
0.24385
0.47238
0.63713
0.72545
0.73691
0.6792
0.56325
0.39995
0.19986
-0.024469
-0.2555
-0.4695
-0.63866
-0.73655
-0.74513
-0.66041
-0.49446
-0.27259
-0.026953
0.21121
0.4175
0.57671
0.68135
0.72798
0.71391
0.63629
0.49438
0.29366
0.049508
-0.21209
-0.45787
-0.65414
-0.77463
-0.80644
-0.75189
-0.62577
-0.44943
-0.2445
-0.028819
0.18404
0.38237
0.55291
0.67918
0.74302
0.72931
0.63192
0.45819
0.22952
-0.022632
-0.264
-0.46534
-0.60789
-0.68463
-0.69756
-0.6528
-0.55634
-0.41256
-0.22618
-0.0061795
0.23071
0.4595
0.6504
0.77552
0.81618
0.76797
0.64136
0.45783
0.2431
0.020549
-0.19268
-0.38562
-0.55026
-0.67764
-0.7557
-0.77069
-0.71183
-0.57699
-0.37683
-0.13483
0.11712
0.34623
0.52644
0.64323
0.69403
0.68459
0.62353
0.51786
0.37183
0.18925
-0.022066
-0.24662
-0.46068
-0.63593
-0.74626
-0.77499
-0.71958
-0.59172
-0.41296
-0.20774
0.0029964
0.20507
0.39025
0.55235
0.68289
0.76909
0.79558
0.74961
0.62719
0.43734
0.20206
-0.048279
-0.28251
-0.47609
-0.61549
-0.69801
-0.72768
-0.70978
-0.64671
-0.53763
-0.38169
-0.18323
0.044055
0.27663
0.48504
0.6411
0.72539
0.73197
0.66838
0.55121
0.3993
0.22793
0.046378
-0.14032
-0.32674
-0.50251
-0.65052
-0.74948
-0.77994
-0.73123
-0.60626
-0.42171
-0.20345
0.020903
0.22912
0.40819
0.55364
0.66508
0.74081
0.77447
0.75569
0.67467
0.52844
0.32569
0.087523
-0.15674
-0.37697
-0.55004
-0.66456
-0.72092
-0.72686
-0.6912
-0.61881
-0.50942
-0.36067
-0.17377
0.041414
0.26472
0.46881
0.62616
0.71683
0.73385
0.68386
0.58281
0.44897
0.29651
0.13262
-0.040831
-0.22215
-0.40425
-0.57183
-0.70312
-0.77586
-0.77485
-0.69775
-0.55636
-0.37277
-0.17198
0.025521
0.20813
0.37259
0.5194
0.64669
0.74605
0.80275
0.80041
0.72816
0.58679
0.39087
0.16557
-0.060573
-0.26377
-0.43049
-0.55811
-0.65074
-0.71272
-0.74315
-0.73441
-0.67553
-0.55875
-0.38605
-0.17221
0.057334
0.27324
0.45067
0.5758
0.64748
0.67379
0.66517
0.62789
0.56091
0.45789
0.31301
0.12787
-0.084427
-0.30016
-0.49091
-0.63203
-0.70988
-0.72464
-0.68763
-0.61449
-0.51768
-0.4019
-0.26458
-0.10103
0.088592
0.29399
0.49431
0.66297
0.77586
0.81925
0.79373
0.71253
0.59498
0.45841
0.3122
0.1568
-0.012048
-0.19621
-0.38894
-0.57297
-0.72404
-0.81867
-0.84252
-0.79551
-0.69132
-0.55145
-0.3968
-0.24045
-0.085327
0.072729
0.23794
0.40751
0.56821
0.69853
0.77572
0.78449
0.72326
0.60501
0.45221
0.28833
0.12965
-0.01858
-0.16024
-0.30171
-0.44409
-0.57834
-0.68591
-0.74486
-0.73872
-0.66377
-0.53136
-0.36403
-0.18712
-0.019909
0.12974
0.26482
0.39318
0.5193
0.63802
0.73365
0.78497
0.77395
0.69405
0.55405
0.37551
0.18495
0.0043683
-0.15549
-0.29604
-0.4258
-0.55189
-0.67263
-0.77495
-0.83816
-0.84229
-0.77724
-0.64818
-0.4745
-0.2829
-0.097523
0.068036
0.21324
0.34664
0.47753
0.60745
0.72601
0.81311
0.84679
0.81293
0.71218
0.5607
0.38428
0.20849
0.049549
-0.089857
-0.21795
-0.34588
-0.47844
-0.60823
-0.71624
-0.77887
-0.77796
-0.70919
-0.58469
-0.42849
-0.26698
-0.11884
0.010849
0.1295
0.24974
0.37956
0.51488
0.63839
0.72536
0.75384
0.71431
0.61422
0.47508
0.32354
0.18058
0.054039
-0.062121
-0.18145
-0.31485
-0.46174
-0.60695
-0.72513
-0.7907
-0.78863
-0.7209
-0.60553
-0.46854
-0.33279
-0.20882
-0.092396
0.030547
0.17368
0.34012
0.51742
0.6802
0.79955
0.85465
0.84119
0.77247
0.67267
0.56553
0.46392
0.36522
0.25486
0.11615
-0.058477
-0.26033
-0.46519
-0.64172
-0.76363
-0.81992
-0.81822
-0.77973
-0.72815
-0.67802
-0.62809
-0.56306
-0.46264
-0.31379
-0.1198
0.098137
0.30797
0.47911
0.59428
0.65529
0.67984
0.69117
0.70535
0.72266
0.72719
0.69492
0.60644
0.45808
0.26591
0.060592
-0.12473
-0.26762
-0.3645
-0.42974
-0.48623
-0.55212
-0.63005
-0.70445
-0.74813
-0.73519
-0.65397
-0.51376
-0.34179
-0.17201
-0.030785
0.073567
0.15238
0.22867
0.32341
0.44293
0.57351
0.68609
0.74888
0.7419
0.6664
0.54458
0.40957
0.29054
0.19996
0.12927
0.055014
-0.047506
-0.18976
-0.3618
-0.53453
-0.67146
-0.74451
-0.74617
-0.6922
-0.61349
-0.5409
-0.49051
-0.45633
-0.41413
-0.33457
-0.1993
-0.012117
0.20036
0.39899
0.54868
0.63313
0.66089
0.65955
0.66094
0.6845
0.72691
0.76309
0.75831
0.68548
0.53944
0.34103
0.12892
-0.056981
-0.19284
-0.28031
-0.34373
-0.41618
-0.52135
-0.65987
-0.807
-0.92292
-0.9709
-0.93445
-0.82534
-0.67838
-0.53527
-0.42539
-0.35267
-0.29496
-0.21638
-0.086634
0.10197
0.3283
0.55012
0.72223
0.81645
0.83381
0.80292
0.76531
0.75454
0.77941
0.81929
0.83412
0.7843
0.651
0.44687
0.21195
-0.0037059
-0.16222
-0.25448
-0.30286
-0.34877
-0.43089
-0.56454
-0.73243
-0.89124
-0.99132
-1
-0.91731
-0.77634
-0.62791
-0.51677
-0.4606
-0.44226
-0.41895
-0.34422
-0.19213
0.028068
0.27412
0.48899
0.62663
0.67289
0.65137
0.61135
0.60321
0.65326
0.75017
0.84967
0.89562
0.84742
0.70054
0.49009
0.27551
0.11331
0.030999
0.014823
0.017257
-0.018926
-0.13158
-0.3191
-0.53925
-0.72779
-0.82824
-0.81848
-0.72145
-0.59434
-0.50129
-0.48254
-0.53482
-0.61275
-0.65078
-0.59543
-0.43238
-0.19514
0.049157
0.23044
0.30823
0.29052
0.22946
0.19585
0.24418
0.38515
0.57906
0.75351
0.83746
0.79532
0.64473
0.4491
0.28812
0.22006
0.25391
0.3449
0.41603
0.39555
0.25263
0.013949
-0.24714
-0.44415
-0.51797
-0.46496
-0.33891
-0.2255
-0.20105
-0.29519
-0.47548
-0.66175
-0.7638
-0.72475
-0.54927
-0.30282
-0.081795
0.03164
0.0086459
-0.1122
-0.24297
-0.28849
-0.19269
0.032985
0.31309
0.5425
0.63566
0.56746
0.3859
0.1901
0.083526
0.12432
0.29662
0.51683
0.67259
0.67626
0.50768
0.2255
-0.05889
-0.23308
-0.23678
-0.09094
0.11132
0.24847
0.22866
0.034643
-0.26608
-0.55145
-0.70163
-0.65586
-0.44228
-0.16597
0.039691
0.076055
-0.073335
-0.33355
-0.57246
-0.66285
0
0
0
0
0
0
0
0
0
0
0
0
0
0
0
0
0
0
0
0
0
0
0
0
0
0
0
0
0
0
0
0
0
0
0
0
0
0
0
0
0
0
0
0
0
0
0
0
0
0
0
0
0
0
0
0
0
0
0
0
0
0
0
0
0
0
0
0
0
0
0
0
0
0
0
0
0
0
0
0
0
0
0
0
0
0
0
0
0
0
0
0
0
0
0
0
0
0
0
0
0
0
0
0
0
0
0
0
0
0
0
0
0
0
0
0
0
0
0
0
0
0
0
0
0
0
0
0
0
0
0
0
0
0
0
0
0
0
0
0
0
0
0
0
0
0
0
0
0
0
0
0
0
0
0
0
0
0
0
0
0
0
0
0
0
0
0
0
0
0
0
0
0
0
0
0
0
0
0
0
0
0
0
0
0
0
0
0
0
0
0
0
0
0
0
0
0
0
0
0
0
0
0
0
0
0
0
0
0
0
0
0
0
0
0
0
0
0
0
0
0
0
0
0
0
0
0
0
0
0
0
0
0
0
0
0
0
0
0
0
0
0
0
0
0
0
0
0
0
0
0
0
0
0
0
0
0
0
0
0
0
0
0
0
0
0
0
0
0
0
-0.84119
-0.77247
-0.67267
-0.56553
-0.46392
-0.36522
-0.25486
-0.11615
0.058477
0.26033
0.46519
0.64172
0.76363
0.81992
0.81822
0.77973
0.72815
0.67802
0.62809
0.56306
0.46264
0.31379
0.1198
-0.098137
-0.30797
-0.47911
-0.59428
-0.65529
-0.67984
-0.69117
-0.70535
-0.72266
-0.72719
-0.69492
-0.60644
-0.45808
-0.26591
-0.060592
0.12473
0.26762
0.3645
0.42974
0.48623
0.55212
0.63005
0.70445
0.74813
0.73519
0.65397
0.51376
0.34179
0.17201
0.030785
-0.073567
-0.15238
-0.22867
-0.32341
-0.44293
-0.57351
-0.68609
-0.74888
-0.7419
-0.6664
-0.54458
-0.40957
-0.29054
-0.19996
-0.12927
-0.055014
0.047506
0.18976
0.3618
0.53453
0.67146
0.74451
0.74617
0.6922
0.61349
0.5409
0.49051
0.45633
0.41413
0.33457
0.1993
0.012117
-0.20036
-0.39899
-0.54868
-0.63313
-0.66089
-0.65955
-0.66094
-0.6845
-0.72691
-0.76309
-0.75831
-0.68548
-0.53944
-0.34103
-0.12892
0.056981
0.19284
0.28031
0.34373
0.41618
0.52135
0.65987
0.807
0.92292
0.9709
0.93445
0.82534
0.67838
0.53527
0.42539
0.35267
0.29496
0.21638
0.086634
-0.10197
-0.3283
-0.55012
-0.72223
-0.81645
-0.83381
-0.80292
-0.76531
-0.75454
-0.77941
-0.81929
-0.83412
-0.7843
-0.651
-0.44687
-0.21195
0.0037059
0.16222
0.25448
0.30286
0.34877
0.43089
0.56454
0.73243
0.89124
0.99132
1
0.91731
0.77634
0.62791
0.51677
0.4606
0.44226
0.41895
0.34422
0.19213
-0.028068
-0.27412
-0.48899
-0.62663
-0.67289
-0.65137
-0.61135
-0.60321
-0.65326
-0.75017
-0.84967
-0.89562
-0.84742
-0.70054
-0.49009
-0.27551
-0.11331
-0.030999
-0.014823
-0.017257
0.018926
0.13158
0.3191
0.53925
0.72779
0.82824
0.81848
0.72145
0.59434
0.50129
0.48254
0.53482
0.61275
0.65078
0.59543
0.43238
0.19514
-0.049157
-0.23044
-0.30823
-0.29052
-0.22946
-0.19585
-0.24418
-0.38515
-0.57906
-0.75351
-0.83746
-0.79532
-0.64473
-0.4491
-0.28812
-0.22006
-0.25391
-0.3449
-0.41603
-0.39555
-0.25263
-0.013949
0.24714
0.44415
0.51797
0.46496
0.33891
0.2255
0.20105
0.29519
0.47548
0.66175
0.7638
0.72475
0.54927
0.30282
0.081795
-0.03164
-0.0086459
0.1122
0.24297
0.28849
0.19269
-0.032985
-0.31309
-0.5425
-0.63566
-0.56746
-0.3859
-0.1901
-0.083526
-0.12432
-0.29662
-0.51683
-0.67259
-0.67626
-0.50768
-0.2255
0.05889
0.23308
0.23678
0.09094
-0.11132
-0.24847
-0.22866
-0.034643
0.26608
0.55145
0.70163
0.65586
0.44228
0.16597
-0.039691
-0.076055
0.073335
0.33355
0.57246
0.66285
0.54328
0.24894
-0.10291
-0.36662
-0.43635
-0.29648
-0.030202
0.21859
0.31288
0.18794
-0.11635
-0.4722
-0.72264
-0.75505
-0.55513
-0.21533
0.10699
0.26266
0.18119
-0.094794
-0.4279
-0.64949
-0.63893
-0.38164
0.021892
0.4011
0.59411
0.52366
0.23451
-0.12595
-0.37556
-0.38273
-0.12926
0.27908
0.66003
0.83903
0.73105
0.38188
-0.051242
-0.37145
-0.43359
-0.21275
0.18253
0.55921
0.72888
0.59614
0.20465
-0.28082
-0.64928
-0.74078
-0.52137
-0.10038
0.31875
0.53199
0.42967
0.048813
-0.44206
-0.81939
-0.9075
-0.66066
-0.18586
0.30475
0.59066
0.54472
0.19279
-0.29672
-0.68921
-0.79164
-0.54223
-0.040532
0.49657
0.83325
0.8228
0.47574
-0.043778
-0.49209
-0.65725
-0.45658
0.024326
0.56941
0.93
0.9383
0.58471
0.023387
-0.49692
-0.74556
-0.61503
-0.17049
0.37917
0.77572
0.8289
0.5033
-0.064742
-0.62805
-0.94003
-0.8661
-0.44473
0.1296
0.59399
0.73565
0.48791
-0.039496
-0.60974
-0.96528
-0.94361
-0.55023
0.043863
0.57882
0.82223
0.67278
0.20511
-0.36418
-0.77367
-0.83383
-0.51119
0.057293
0.62574
0.94876
0.89004
0.48181
-0.090542
-0.57146
-0.74843
-0.54517
-0.054067
0.50599
0.88679
0.9199
0.58954
0.037937
-0.49838
-0.7926
-0.72601
-0.338
0.19324
0.62991
0.77834
0.57205
0.098559
-0.44055
-0.81788
-0.87802
-0.60272
-0.11624
0.37019
0.64977
0.60782
0.26861
-0.21766
-0.64069
-0.81992
-0.67983
-0.27954
0.21457
0.60035
0.72473
0.54609
0.14911
-0.29299
-0.59183
-0.6218
-0.37043
0.058621
0.49015
0.75017
0.73659
0.45944
0.03481
-0.3638
-0.57637
-0.52063
-0.22409
0.18843
0.54604
0.70076
0.58669
0.2459
-0.18894
-0.54782
-0.69132
-0.56618
-0.22651
0.18773
0.50652
0.59769
0.42013
0.041039
-0.39012
-0.70077
-0.76436
-0.5518
-0.14455
0.29682
0.59625
0.63319
0.39224
-0.029024
-0.45787
-0.71555
-0.69001
-0.38283
0.08945
0.54093
0.7911
0.73868
0.40428
-0.076272
-0.50587
-0.70614
-0.59091
-0.20275
0.30282
0.71985
0.87586
0.70304
0.26703
-0.25881
-0.66355
-0.78477
-0.57531
-0.12297
0.38493
0.73788
0.78815
0.5111
0.015278
-0.50191
-0.83451
-0.85155
-0.54966
-0.053607
0.43498
0.71955
0.68762
0.35506
-0.14177
-0.60205
-0.84153
-0.76564
-0.40564
0.095809
0.54286
0.76454
0.68128
0.33412
-0.13391
-0.53574
-0.71384
-0.60045
-0.24162
0.22307
0.61614
0.79065
0.68521
0.34518
-0.096981
-0.47343
-0.64454
-0.55038
-0.23137
0.18866
0.54976
0.7155
0.62296
0.30502
-0.12255
-0.50421
-0.70178
-0.64504
-0.35735
0.052763
0.43128
0.63512
0.58506
0.29571
-0.12869
-0.53177
-0.76245
-0.73141
-0.44567
-0.0077092
0.42125
0.68089
0.67246
0.39732
-0.041625
-0.47728
-0.74087
-0.7265
-0.4327
0.035183
0.50372
0.79687
0.80341
0.52032
0.054981
-0.4151
-0.70989
-0.71585
-0.42969
0.040128
0.51478
0.81339
0.82205
0.5368
0.06455
-0.41828
-0.73307
-0.76628
-0.51126
-0.069122
0.39089
0.69566
0.73257
0.48996
0.059208
-0.40108
-0.7246
-0.79798
-0.60036
-0.20849
0.23347
0.56717
0.6766
0.52797
0.17941
-0.24171
-0.5848
-0.72884
-0.6237
-0.3061
0.11424
0.49315
0.70168
0.67007
0.4114
0.017036
-0.37455
-0.62512
-0.64442
-0.42198
-0.031939
0.3914
0.69946
0.78134
0.60374
0.22449
-0.22596
-0.58951
-0.73632
-0.61216
-0.2594
0.1963
0.59002
0.7767
0.6842
0.34059
-0.13478
-0.57364
-0.81962
-0.78508
-0.48321
-0.023407
0.42848
0.71026
0.72196
0.46131
0.023633
-0.43351
-0.7474
-0.80809
-0.59637
-0.18867
0.27188
0.62693
0.75824
0.62733
0.28634
-0.14239
-0.50998
-0.69191
-0.62907
-0.34544
0.062062
0.45743
0.71095
0.74121
0.5406
0.17654
-0.23117
-0.54938
-0.67452
-0.56598
-0.25949
0.14392
0.51009
0.71513
0.68647
0.42792
0.020199
-0.40422
-0.70434
-0.77809
-0.598
-0.2224
0.2226
0.5849
0.73847
0.62739
0.28649
-0.16941
-0.58436
-0.81508
-0.78082
-0.49163
-0.045041
0.40778
0.71444
0.7737
0.56962
0.17585
-0.27097
-0.61872
-0.75139
-0.62713
-0.29024
0.14589
0.53808
0.76094
0.74689
0.50587
0.11967
-0.28632
-0.58375
-0.68137
-0.55223
-0.24044
0.15384
0.50584
0.70451
0.68625
0.45434
0.078218
-0.32719
-0.63632
-0.75176
-0.63533
-0.32153
0.091512
0.47176
0.69489
0.68486
0.44013
0.036129
-0.39766
-0.71931
-0.82135
-0.66705
-0.3038
0.15175
0.55195
0.76715
0.72881
0.45202
0.029994
-0.39751
-0.6907
-0.75547
-0.57306
-0.20438
0.23158
0.59736
0.78094
0.72995
0.46583
0.074558
-0.32185
-0.60344
-0.68802
-0.55428
-0.24625
0.14125
0.49118
0.69847
0.7003
0.49413
0.13863
-0.26276
-0.59158
-0.74894
-0.68558
-0.41797
-0.02529
0.37297
0.65276
0.72402
0.5601
0.20794
-0.22488
-0.60311
-0.80655
-0.76883
-0.49945
-0.081291
0.35556
0.67546
0.78051
0.64126
0.30513
-0.11992
-0.50048
-0.7198
-0.71328
-0.48655
-0.1113
0.29853
0.62217
0.76753
0.69675
0.43488
0.060565
-0.31774
-0.59271
-0.68772
-0.57738
-0.29398
0.081439
0.44126
0.68085
0.72803
0.56438
0.23214
-0.17608
-0.54269
-0.75919
-0.759
-0.53893
-0.16218
0.25923
0.59776
0.74948
0.66664
0.37315
-0.042381
-0.45394
-0.73709
-0.80726
-0.645
-0.30074
0.12204
0.49924
0.72347
0.73496
0.53695
0.19216
-0.19745
-0.52086
-0.68881
-0.65717
-0.43714
-0.090474
0.28795
0.59555
0.74886
0.70537
0.475
0.1184
-0.26824
-0.57826
-0.72369
-0.66063
-0.40335
-0.022502
0.37344
0.66871
0.77432
0.65536
0.34265
-0.075267
-0.47798
-0.74909
-0.81102
-0.64794
-0.30971
0.1039
0.4736
0.69567
0.71126
0.52135
0.184
-0.2042
-0.53614
-0.72334
-0.7184
-0.52546
-0.19717
0.18017
0.509
0.70492
0.71758
0.54333
0.22684
-0.14928
-0.48471
-0.68734
-0.69835
-0.50969
-0.16855
0.23371
0.58573
0.78748
0.77944
0.56083
0.19097
-0.22732
-0.57738
-0.76249
-0.73363
-0.50275
-0.13801
0.25702
0.57347
0.72725
0.68084
0.451
0.10178
-0.27438
-0.58131
-0.74309
-0.72161
-0.52448
-0.20203
0.16522
0.48566
0.67842
0.69316
0.52343
0.20995
-0.16781
-0.51071
-0.72545
-0.75021
-0.573
-0.2369
0.17015
0.539
0.76963
0.79958
0.62171
0.286
-0.1151
-0.4731
-0.69378
-0.72231
-0.55635
-0.24432
0.12968
0.46916
0.68991
0.7398
0.60958
0.33303
-0.022374
-0.37171
-0.63193
-0.74066
-0.6706
-0.43677
-0.094429
0.2726
0.57144
0.72331
0.68483
0.46114
0.10674
-0.28741
-0.61764
-0.79573
-0.77346
-0.55612
-0.20105
0.19853
0.53942
0.73624
0.74336
0.56505
0.2519
-0.11434
-0.44254
-0.65451
-0.70243
-0.57803
-0.31255
0.031551
0.37477
0.63777
0.75851
0.70629
0.4897
0.15648
-0.2158
-0.53704
-0.72648
-0.73387
-0.55406
-0.23022
0.15596
0.5052
0.72692
0.76369
0.60643
0.29628
-0.087311
-0.4484
-0.69967
-0.78395
-0.68658
-0.43635
-0.096051
0.25395
0.53444
0.68426
0.67219
0.50244
0.21322
-0.13103
-0.4525
-0.67626
-0.74698
-0.64274
-0.3823
-0.023014
0.35111
0.64936
0.79732
0.75685
0.5369
0.19201
-0.19182
-0.51963
-0.71221
-0.72578
-0.56174
-0.26411
0.093364
0.42647
0.6604
0.74566
0.66692
0.44407
0.12635
-0.21832
-0.5169
-0.70542
-0.74182
-0.6154
-0.35081
-0.0047571
0.34477
0.6156
0.7411
0.68755
0.46427
0.12276
-0.25535
-0.57879
-0.76995
-0.78439
-0.62127
-0.32204
0.041488
0.38583
0.63583
0.74087
0.68398
0.48283
0.18377
-0.14883
-0.44547
-0.6444
-0.70301
-0.60626
-0.37079
-0.043408
0.30681
0.60219
0.77378
0.77833
0.61031
0.30515
-0.068035
-0.42292
-0.67738
-0.77394
-0.69357
-0.45919
-0.12844
0.22168
0.51364
0.68651
0.70769
0.57722
0.32529
0.00446
-0.32096
-0.58655
-0.73898
-0.74569
-0.60174
-0.33253
0.0090972
0.35203
0.62132
0.75527
0.72094
0.52361
0.20696
-0.15669
-0.48381
-0.70018
-0.75855
-0.64908
-0.39979
-0.067989
0.27439
0.55721
0.72616
0.75183
0.63307
0.39523
0.084578
-0.23971
-0.51532
-0.68732
-0.71866
-0.59872
-0.34779
-0.015388
0.32848
0.60808
0.7595
0.74653
0.57018
0.26896
-0.090487
-0.42969
-0.67704
-0.7837
-0.73298
-0.5414
-0.25243
0.074502
0.37635
0.59772
0.69933
0.66346
0.49627
0.2274
-0.09382
-0.40562
-0.64452
-0.75813
-0.71751
-0.52558
-0.21876
0.13969
0.47359
0.71158
0.80395
0.73388
0.52028
0.21169
-0.1262
-0.42575
-0.63114
-0.70782
-0.64652
-0.4624
-0.19073
0.11936
0.41227
0.63402
0.74089
0.70787
0.5352
0.25105
-0.091696
-0.42486
-0.67931
-0.80086
-0.76342
-0.57548
-0.27811
0.065199
0.38366
0.61507
0.71821
0.67933
0.51188
0.25121
-0.053673
-0.34885
-0.58353
-0.7168
-0.72335
-0.59799
-0.35822
-0.04365
0.28901
0.57569
0.75796
0.7965
0.68118
0.43459
0.10756
-0.23252
-0.51718
-0.692
-0.72744
-0.62287
-0.40391
-0.1148
0.19143
0.46227
0.65323
0.7331
0.68748
0.52102
0.25805
-0.059106
-0.37532
-0.63163
-0.7768
-0.77913
-0.63499
-0.37128
-0.040399
0.2913
0.55848
0.71117
0.72454
0.60212
0.37233
0.080431
-0.22135
-0.48289
-0.66298
-0.7337
-0.68306
-0.51655
-0.25763
0.053733
0.36546
0.62133
0.77163
0.78438
0.65379
0.4033
0.081377
-0.24891
-0.52401
-0.69364
-0.73057
-0.63421
-0.42794
-0.152
0.14546
0.41656
0.6199
0.72478
0.71397
0.58604
0.3569
0.059836
-0.25749
-0.53975
-0.73412
-0.80165
-0.72692
-0.52277
-0.22829
0.099794
0.39974
0.6181
0.71998
0.69385
0.55085
0.31971
0.039899
-0.24508
-0.49297
-0.66686
-0.7388
-0.69363
-0.53274
-0.27664
0.035672
0.35158
0.61412
0.77382
0.79995
0.68788
0.46017
0.16108
-0.15384
-0.42982
-0.62323
-0.70789
-0.67671
-0.53966
-0.3199
-0.049896
0.23205
0.48494
0.66913
0.75176
0.71326
0.55327
0.29365
-0.023314
-0.34212
-0.60533
-0.76597
-0.7975
-0.69864
-0.49187
-0.21674
0.079481
0.35095
0.55984
0.67978
0.6968
0.60925
0.4277
0.1751
-0.1138
-0.39521
-0.62203
-0.75239
-0.75897
-0.63639
-0.40391
-0.1022
0.21532
0.49407
0.68948
0.77461
0.74286
0.60587
0.38856
0.12351
-0.15354
-0.40677
-0.60249
-0.71191
-0.71508
-0.60569
-0.39512
-0.11352
0.19353
0.47298
0.67516
0.76459
0.72746
0.5736
0.33278
0.046899
-0.23924
-0.4856
-0.66164
-0.74781
-0.73526
-0.62522
-0.42919
-0.16956
0.12041
0.39905
0.62186
0.74982
0.75832
0.64376
0.42548
0.14206
-0.15727
-0.42322
-0.61601
-0.71138
-0.70197
-0.59505
-0.40846
-0.16675
0.10118
0.36334
0.58599
0.7365
0.78826
0.72689
0.5556
0.29743
-0.007412
-0.30897
-0.55792
-0.71578
-0.76213
-0.69669
-0.5366
-0.31045
-0.051654
0.2067
0.43458
0.60586
0.69897
0.69848
0.59837
0.40573
0.14314
-0.15236
-0.43455
-0.65687
-0.78232
-0.79149
-0.68609
-0.4872
-0.22902
0.049258
0.31075
0.52547
0.67178
0.73576
0.71038
0.59591
0.40162
0.1479
-0.13339
-0.40177
-0.61457
-0.7357
-0.74398
-0.63836
-0.43809
-0.17772
0.10106
0.35821
0.56182
0.69099
0.73542
0.69322
0.56904
0.37374
0.12549
-0.14906
-0.41545
-0.6353
-0.77312
-0.80434
-0.72187
-0.5387
-0.28526
-0.0025045
0.26717
0.48806
0.63607
0.69965
0.6776
0.57601
0.40596
0.18337
-0.070024
-0.32579
-0.55026
-0.70901
-0.77381
-0.72987
-0.58073
-0.34864
-0.070022
0.21269
0.45996
0.64211
0.74242
0.75628
0.68796
0.54724
0.34762
0.10668
-0.15255
-0.40103
-0.60588
-0.73546
-0.7665
-0.69068
-0.51807
-0.27581
-0.0022097
0.26182
0.48105
0.63139
0.70129
0.68965
0.60222
0.44865
0.2418
-0.001113
-0.25672
-0.4954
-0.68417
-0.79266
-0.80043
-0.70291
-0.51374
-0.26204
0.01423
0.2768
0.49433
0.64637
0.72333
0.72375
0.65096
0.51128
0.31466
0.076835
-0.17863
-0.42084
-0.61544
-0.73147
-0.74888
-0.66404
-0.49098
-0.25782
0.00023835
0.24889
0.46064
0.61726
0.70872
0.73027
0.68007
0.55888
0.3723
0.13396
-0.13242
-0.39421
-0.61484
-0.76143
-0.81248
-0.76284
-0.6242
-0.42092
-0.18319
0.059857
0.28453
0.47351
0.61403
0.69533
0.70756
0.64342
0.50207
0.29327
0.039393
-0.22642
-0.46621
-0.64534
-0.74014
-0.74229
-0.65857
-0.50661
-0.30873
-0.086661
0.14105
0.35833
0.54924
0.69599
0.77953
0.78314
0.69799
0.52817
0.29265
0.02285
-0.24385
-0.47238
-0.63713
-0.72545
-0.73691
-0.6792
-0.56325
-0.39995
-0.19986
0.024469
0.2555
0.4695
0.63866
0.73655
0.74513
0.66041
0.49446
0.27259
0.026953
-0.21121
-0.4175
-0.57671
-0.68135
-0.72798
-0.71391
-0.63629
-0.49438
-0.29366
-0.049508
0.21209
0.45787
0.65414
0.77463
0.80644
0.75189
0.62577
0.44943
0.2445
0.028819
-0.18404
-0.38237
-0.55291
-0.67918
-0.74302
-0.72931
-0.63192
-0.45819
-0.22952
0.022632
0.264
0.46534
0.60789
0.68463
0.69756
0.6528
0.55634
0.41256
0.22618
0.0061795
-0.23071
-0.4595
-0.6504
-0.77552
-0.81618
-0.76797
-0.64136
-0.45783
-0.2431
-0.020549
0.19268
0.38562
0.55026
0.67764
0.7557
0.77069
0.71183
0.57699
0.37683
0.13483
-0.11712
-0.34623
-0.52644
-0.64323
-0.69403
-0.68459
-0.62353
-0.51786
-0.37183
-0.18925
0.022066
0.24662
0.46068
0.63593
0.74626
0.77499
0.71958
0.59172
0.41296
0.20774
-0.0029964
-0.20507
-0.39025
-0.55235
-0.68289
-0.76909
-0.79558
-0.74961
-0.62719
-0.43734
-0.20206
0.048279
0.28251
0.47609
0.61549
0.69801
0.72768
0.70978
0.64671
0.53763
0.38169
0.18323
-0.044055
-0.27663
-0.48504
-0.6411
-0.72539
-0.73197
-0.66838
-0.55121
-0.3993
-0.22793
-0.046378
0.14032
0.32674
0.50251
0.65052
0.74948
0.77994
0.73123
0.60626
0.42171
0.20345
-0.020903
-0.22912
-0.40819
-0.55364
-0.66508
-0.74081
-0.77447
-0.75569
-0.67467
-0.52844
-0.32569
-0.087523
0.15674
0.37697
0.55004
0.66456
0.72092
0.72686
0.6912
0.61881
0.50942
0.36067
0.17377
-0.041414
-0.26472
-0.46881
-0.62616
-0.71683
-0.73385
-0.68386
-0.58281
-0.44897
-0.29651
-0.13262
0.040831
0.22215
0.40425
0.57183
0.70312
0.77586
0.77485
0.69775
0.55636
0.37277
0.17198
-0.025521
-0.20813
-0.37259
-0.5194
-0.64669
-0.74605
-0.80275
-0.80041
-0.72816
-0.58679
-0.39087
-0.16557
0.060573
0.26377
0.43049
0.55811
0.65074
0.71272
0.74315
0.73441
0.67553
0.55875
0.38605
0.17221
-0.057334
-0.27324
-0.45067
-0.5758
-0.64748
-0.67379
-0.66517
-0.62789
-0.56091
-0.45789
-0.31301
-0.12787
0.084427
0.30016
0.49091
0.63203
0.70988
0.72464
0.68763
0.61449
0.51768
0.4019
0.26458
0.10103
-0.088592
-0.29399
-0.49431
-0.66297
-0.77586
-0.81925
-0.79373
-0.71253
-0.59498
-0.45841
-0.3122
-0.1568
0.012048
0.19621
0.38894
0.57297
0.72404
0.81867
0.84252
0.79551
0.69132
0.55145
0.3968
0.24045
0.085327
-0.072729
-0.23794
-0.40751
-0.56821
-0.69853
-0.77572
-0.78449
-0.72326
-0.60501
-0.45221
-0.28833
-0.12965
0.01858
0.16024
0.30171
0.44409
0.57834
0.68591
0.74486
0.73872
0.66377
0.53136
0.36403
0.18712
0.019909
-0.12974
-0.26482
-0.39318
-0.5193
-0.63802
-0.73365
-0.78497
-0.77395
-0.69405
-0.55405
-0.37551
-0.18495
-0.0043683
0.15549
0.29604
0.4258
0.55189
0.67263
0.77495
0.83816
0.84229
0.77724
0.64818
0.4745
0.2829
0.097523
-0.068036
-0.21324
-0.34664
-0.47753
-0.60745
-0.72601
-0.81311
-0.84679
-0.81293
-0.71218
-0.5607
-0.38428
-0.20849
-0.049549
0.089857
0.21795
0.34588
0.47844
0.60823
0.71624
0.77887
0.77796
0.70919
0.58469
0.42849
0.26698
0.11884
-0.010849
-0.1295
-0.24974
-0.37956
-0.51488
-0.63839
-0.72536
-0.75384
-0.71431
-0.61422
-0.47508
-0.32354
-0.18058
-0.054039
0.062121
0.18145
0.31485
0.46174
0.60695
0.72513
0.7907
0.78863
0.7209
0.60553
0.46854
0.33279
0.20882
0.092396
-0.030547
-0.17368
-0.34012
-0.51742
-0.6802
-0.79955
-0.85465
-0.84119
-0.77247
-0.67267
-0.56553
-0.46392
-0.36522
-0.25486
-0.11615
0.058477
0.26033
0.46519
0.64172
0.76363
0.81992
0.81822
0.77973
0.72815
0.67802
0.62809
0.56306
0.46264
0.31379
0.1198
-0.098137
-0.30797
-0.47911
-0.59428
-0.65529
-0.67984
-0.69117
-0.70535
-0.72266
-0.72719
-0.69492
-0.60644
-0.45808
-0.26591
-0.060592
0.12473
0.26762
0.3645
0.42974
0.48623
0.55212
0.63005
0.70445
0.74813
0.73519
0.65397
0.51376
0.34179
0.17201
0.030785
-0.073567
-0.15238
-0.22867
-0.32341
-0.44293
-0.57351
-0.68609
-0.74888
-0.7419
-0.6664
-0.54458
-0.40957
-0.29054
-0.19996
-0.12927
-0.055014
0.047506
0.18976
0.3618
0.53453
0.67146
0.74451
0.74617
0.6922
0.61349
0.5409
0.49051
0.45633
0.41413
0.33457
0.1993
0.012117
-0.20036
-0.39899
-0.54868
-0.63313
-0.66089
-0.65955
-0.66094
-0.6845
-0.72691
-0.76309
-0.75831
-0.68548
-0.53944
-0.34103
-0.12892
0.056981
0.19284
0.28031
0.34373
0.41618
0.52135
0.65987
0.807
0.92292
0.9709
0.93445
0.82534
0.67838
0.53527
0.42539
0.35267
0.29496
0.21638
0.086634
-0.10197
-0.3283
-0.55012
-0.72223
-0.81645
-0.83381
-0.80292
-0.76531
-0.75454
-0.77941
-0.81929
-0.83412
-0.7843
-0.651
-0.44687
-0.21195
0.0037059
0.16222
0.25448
0.30286
0.34877
0.43089
0.56454
0.73243
0.89124
0.99132
1
0.91731
0.77634
0.62791
0.51677
0.4606
0.44226
0.41895
0.34422
0.19213
-0.028068
-0.27412
-0.48899
-0.62663
-0.67289
-0.65137
-0.61135
-0.60321
-0.65326
-0.75017
-0.84967
-0.89562
-0.84742
-0.70054
-0.49009
-0.27551
-0.11331
-0.030999
-0.014823
-0.017257
0.018926
0.13158
0.3191
0.53925
0.72779
0.82824
0.81848
0.72145
0.59434
0.50129
0.48254
0.53482
0.61275
0.65078
0.59543
0.43238
0.19514
-0.049157
-0.23044
-0.30823
-0.29052
-0.22946
-0.19585
-0.24418
-0.38515
-0.57906
-0.75351
-0.83746
-0.79532
-0.64473
-0.4491
-0.28812
-0.22006
-0.25391
-0.3449
-0.41603
-0.39555
-0.25263
-0.013949
0.24714
0.44415
0.51797
0.46496
0.33891
0.2255
0.20105
0.29519
0.47548
0.66175
0.7638
0.72475
0.54927
0.30282
0.081795
-0.03164
-0.0086459
0.1122
0.24297
0.28849
0.19269
-0.032985
-0.31309
-0.5425
-0.63566
-0.56746
-0.3859
-0.1901
-0.083526
-0.12432
-0.29662
-0.51683
-0.67259
-0.67626
-0.50768
-0.2255
0.05889
0.23308
0.23678
0.09094
-0.11132
-0.24847
-0.22866
-0.034643
0.26608
0.55145
0.70163
0.65586
0.44228
0.16597
-0.039691
-0.076055
0.073335
0.33355
0.57246
0.66285
0
0
0
0
0
0
0
0
0
0
0
0
0
0
0
0
0
0
0
0
0
0
0
0
0
0
0
0
0
0
0
0
0
0
0
0
0
0
0
0
0
0
0
0
0
0
0
0
0
0
0
0
0
0
0
0
0
0
0
0
0
0
0
0
0
0
0
0
0
0
0
0
0
0
0
0
0
0
0
0
0
0
0
0
0
0
0
0
0
0
0
0
0
0
0
0
0
0
0
0
0
0
0
0
0
0
0
0
0
0
0
0
0
0
0
0
0
0
0
0
0
0
0
0
0
0
0
0
0
0
0
0
0
0
0
0
0
0
0
0
0
0
0
0
0
0
0
0
0
0
0
0
0
0
0
0
0
0
0
0
0
0
0
0
0
0
0
0
0
0
0
0
0
0
0
0
0
0
0
0
0
0
0
0
0
0
0
0
0
0
0
0
0
0
0
0
0
0
0
0
0
0
0
0
0
0
0
0
0
0
0
0
0
0
0
0
0
0
0
0
0
0
0
0
0
0
0
0
0
0
0
0
0
0
0
0
0
0
0
0
0
0
0
0
0
0
0
0
0
0
0
0
0
0
0
0
0
0
0
0
0
0
0
0
0
0
0
0
0
0
0
0
0
0
0
0
0
0
0
0
0
0
0
0
0
0
0
0
0
0
0
0
0
0
0
0
0
0
0
0
0
0
0
0
0
0
0
0
0
0
0
0
0
0
0
0
0
0
0
0
0
0
0
0
0
0
0
0
0
0
0
0
0
0
0
0
0
0
0
0
0
0
0
0
0
0
0
0
0
0
0
0
0
0
0
0
0
0
0
0
0
0
0
0
0
0
0
0
0
0
0
0
0
0
0
0
0
0
0
0
0
0
0
0
0
0
0
0
0
0
0
0
0
0
0
0
0
0
0
0
0
0
0
0
0
0
0
0
0
0
0
0
0
0
0
0
0
0
0
0
0
0
0
0
0
0
0
0
0
0
0
0
0
0
0
0
0
0
0
0
0
0
0
0
0
0
0
0
0
0
0
0
0
0
0
0
0
0
0
0
0
0
0
0
0
0
0
0
0
0
0
0
0
0
0
0
0
0
0
0
0
0
0
0
0
0
0
0
0
0
0
0
0
0
0
0
0
0
0
0
0
0
0
0
0
0
0
0
0
0
0
0
0
0
0
0
0
0
0
0
0
0
0
0
0
0
0
0
0
0
0
0
0
0
0
0
0
0
0
0
0
0
0
0
0
0
0
0
0
0
0
0
0
0
0
0
0
0
0
0
0
0
0
0
0
0
0
0
0
0
0
0
0
0
0
0
0
0
0
0
0
0
0
0
0
0
0
0
0
0
0
0
0
0
0
0
0
0
0
0
0
0
0
0
0
0
0
0
0
0
0
0
0
0
0
0
0
0
0
0
0
0
0
0
0
0
0
0
0
0
0
0
0
0
0
0
0
0
0
0
0.58032
0.69543
0.62831
0.40147
0.087561
-0.21546
-0.41847
-0.47213
-0.38338
-0.21101
-0.042037
0.042518
-0.00036318
-0.15801
-0.36552
-0.52934
-0.56243
-0.41804
-0.10957
0.29093
0.67528
0.93484
0.99646
0.84622
0.53281
0.14991
-0.19572
-0.41875
-0.4806
-0.39724
-0.22824
-0.052077
0.062321
0.077721
-0.0028724
-0.14273
-0.28883
-0.39254
-0.42532
-0.38444
-0.28791
-0.16254
-0.03137
0.093883
0.21233
0.32674
0.43399
0.51893
0.55553
0.51601
0.38442
0.16889
-0.093775
-0.34432
-0.51744
-0.56299
-0.46442
-0.24721
0.026689
0.27705
0.43057
0.44415
0.31833
0.095969
-0.15314
-0.3561
-0.4606
-0.45025
-0.34629
-0.19604
-0.052777
0.044748
0.085558
0.087592
0.086859
0.11928
0.2027
0.3263
0.45192
0.5269
0.50389
0.36022
0.10955
-0.19875
-0.49269
-0.69882
-0.76466
-0.67465
-0.45472
-0.16397
0.12339
0.34
0.44417
0.42991
0.32557
0.18231
0.05631
-0.0091642
0.0032532
0.080836
0.18602
0.26914
0.28456
0.20554
0.033437
-0.20103
-0.44503
-0.63722
-0.72424
-0.67569
-0.49335
-0.21228
0.10716
0.39422
0.58608
0.64433
0.56519
0.38021
0.14706
-0.067041
-0.20461
-0.23398
-0.1575
-0.0092187
0.15683
0.28408
0.33067
0.2811
0.14879
-0.030784
-0.21326
-0.35986
-0.44796
-0.47426
-0.45039
-0.3935
-0.31666
-0.22332
-0.10854
0.033808
0.20142
0.37649
0.52538
0.60676
0.58586
0.44983
0.21767
-0.060101
-0.31351
-0.47374
-0.49561
-0.37369
-0.14589
0.11762
0.33686
0.4483
0.42551
0.28686
0.087272
-0.10303
-0.22481
-0.25151
-0.19793
-0.11279
-0.057716
-0.080798
-0.19492
-0.36938
-0.53862
-0.62519
-0.5688
-0.3508
-0.0046607
0.39157
0.73881
0.94827
0.96977
0.80717
0.51581
0.1832
-0.10009
-0.269
-0.30247
-0.22612
-0.099184
0.0086579
0.042066
-0.022214
-0.16997
-0.35713
-0.52642
-0.62646
-0.62655
-0.52317
-0.33719
-0.10475
0.13392
0.34358
0.49874
0.58419
0.59349
0.52768
0.39574
0.2163
0.018518
-0.16011
-0.28058
-0.31271
-0.246
-0.096485
0.094059
0.2679
0.36796
0.35606
0.22643
0.0091332
-0.23836
-0.44917
-0.5683
-0.5698
-0.4635
-0.28912
-0.1001
0.056342
0.1552
0.19944
0.21372
0.229
0.26489
0.31774
0.35996
0.35159
0.25963
0.077143
-0.16652
-0.40977
-0.57702
-0.6052
-0.46868
-0.19271
0.15076
0.4645
0.65781
0.67723
0.52515
0.25875
-0.030483
-0.24969
-0.33789
-0.28735
-0.14496
0.0069638
0.083443
0.030862
-0.15051
-0.40417
-0.63646
-0.7501
-0.68025
-0.41965
-0.023735
0.4062
0.75582
0.93495
0.90592
0.69365
0.37457
0.048932
-0.19286
-0.29826
-0.26557
-0.13855
0.013695
0.1234
0.1471
0.077296
-0.060109
-0.21979
-0.35566
-0.43656
-0.45321
-0.41521
-0.34105
-0.24672
-0.13877
-0.014824
0.12907
0.28855
0.44413
0.56192
0.60303
0.53867
0.36485
0.11021
-0.16761
-0.397
-0.51446
-0.48603
-0.32016
-0.066795
0.19753
0.39389
0.46605
0.39774
0.21622
-0.018868
-0.23705
-0.38094
-0.42391
-0.37564
-0.27397
-0.16702
-0.092914
-0.064922
-0.067792
-0.066308
-0.022453
0.085809
0.25171
0.43807
0.58797
0.64398
0.56917
0.36211
0.060581
-0.26787
-0.54523
-0.70603
-0.71637
-0.58312
-0.35038
-0.084951
0.14426
0.28636
0.32175
0.26522
0.15826
0.053804
-0.001567
0.0175
0.10749
0.23752
0.35915
0.42144
0.38679
0.24312
0.0090657
-0.26941
-0.53003
-0.71008
-0.76317
-0.67211
-0.4545
-0.15917
0.146
0.39161
0.5252
0.52511
0.40587
0.21328
0.010491
-0.1407
-0.19786
-0.14955
-0.017238
0.15301
0.30594
0.3945
0.39333
0.30425
0.15252
-0.024114
-0.18892
-0.3171
-0.40024
-0.44335
-0.45666
-0.44647
-0.40969
-0.33496
-0.21025
-0.033393
0.17923
0.39096
0.55218
0.61527
0.55212
0.36767
0.10325
-0.17255
-0.38372
-0.4708
-0.41079
-0.22558
0.024759
0.26184
0.41527
0.44607
0.35866
0.19708
0.026705
-0.091462
-0.12447
-0.079808
-0.0017245
0.047289
0.012939
-0.12664
-0.34839
-0.58876
-0.76415
-0.8001
-0.65893
-0.35548
0.044836
0.44545
0.74876
0.88659
0.84057
0.6456
0.37586
0.11858
-0.054763
-0.11013
-0.058464
0.052351
0.15731
0.19809
0.14248
-0.0067976
-0.21554
-0.43141
-0.60125
-0.68624
-0.67031
-0.56035
-0.38015
-0.16167
0.062679
0.26447
0.42054
0.5129
0.52937
0.46622
0.33209
0.15077
-0.039739
-0.19393
-0.27031
-0.24468
-0.12034
0.069411
0.26863
0.41461
0.45747
0.37673
0.1888
-0.057842
-0.29826
-0.47222
-0.5432
-0.50832
-0.39591
-0.25185
-0.12045
-0.027722
0.026378
0.063599
0.11312
0.19368
0.3002
0.40134
0.44993
0.40273
0.24179
-0.011826
-0.2986
-0.53667
-0.64875
-0.59011
-0.36712
-0.038521
0.30196
0.55628
0.65511
0.58139
0.37536
0.11902
-0.094471
-0.19537
-0.16297
-0.032669
0.11837
0.20165
0.15267
-0.042249
-0.33765
-0.64276
-0.85246
-0.8844
-0.70885
-0.36039
0.072435
0.476
0.74835
0.83106
0.72543
0.48795
0.20786
-0.024562
-0.14733
-0.14387
-0.042954
0.096791
0.2109
0.25204
0.20383
0.081718
-0.077659
-0.23295
-0.35302
-0.42465
-0.45095
-0.4428
-0.40859
-0.3477
-0.25145
-0.11085
0.072563
0.27866
0.46839
0.5929
0.60975
0.50018
0.28039
0.0015399
-0.26313
-0.44014
-0.47946
-0.37152
-0.15122
0.1129
0.34076
0.46652
0.45893
0.32942
0.12536
-0.088477
-0.25321
-0.3352
-0.33467
-0.28095
-0.21696
-0.1794
-0.18273
-0.21306
-0.23445
-0.20495
-0.095951
0.092623
0.32762
0.55051
0.69537
0.71086
0.57836
0.32
-0.006413
-0.32382
-0.55838
-0.66069
-0.61889
-0.46014
-0.24015
-0.024938
0.12945
0.19278
0.1675
0.085255
-0.0054693
-0.056088
-0.034009
0.066761
0.22335
0.39047
0.51356
0.54486
0.45785
0.25621
-0.025324
-0.32852
-0.58594
-0.73823
-0.74992
-0.61932
-0.37961
-0.090514
0.17755
0.36241
0.42693
0.36866
0.21944
0.035001
-0.12231
-0.20228
-0.18121
-0.067698
0.102
0.27681
0.40746
0.46106
0.42895
0.32576
0.18079
0.025817
-0.11563
-0.23349
-0.32916
-0.40809
-0.47085
-0.50752
-0.49876
-0.42371
-0.27191
-0.053857
0.19505
0.42029
0.56314
0.58006
0.45953
0.22972
-0.047058
-0.29212
-0.43506
-0.43664
-0.30185
-0.078007
0.16177
0.34397
0.41995
0.38173
0.26258
0.12216
0.021903
-7.2577e-05
0.055277
0.14767
0.21321
0.19028
0.045924
-0.20745
-0.51187
-0.78072
-0.92721
-0.8943
-0.6754
-0.31831
0.089133
0.44666
0.67293
0.72982
0.63164
0.4367
0.22503
0.070374
0.016504
0.065378
0.1804
0.30236
0.37146
0.34751
0.2216
0.016346
-0.22374
-0.44732
-0.61077
-0.6877
-0.67153
-0.57222
-0.4101
-0.21018
0.0012464
0.19767
0.3529
0.44304
0.45112
0.37334
0.22438
0.038446
-0.13628
-0.24955
-0.26425
-0.16974
0.011942
0.23029
0.42053
0.52364
0.50536
0.36737
0.1465
-0.098023
-0.30469
-0.42975
-0.4598
-0.41251
-0.32554
-0.23864
-0.17642
-0.13906
-0.10492
-0.04384
0.064587
0.216
0.37667
0.4924
0.50847
0.39305
0.15474
-0.15376
-0.44879
-0.64183
-0.66994
-0.51898
-0.23077
0.10946
0.40132
0.56346
0.56132
0.41801
0.20429
0.011061
-0.085513
-0.053165
0.083956
0.25432
0.36641
0.34442
0.15894
-0.1589
-0.5253
-0.83108
-0.97872
-0.91587
-0.65339
-0.26178
0.15241
0.48165
0.65135
0.64114
0.48682
0.26353
0.05721
-0.064904
-0.074441
0.013484
0.15116
0.27914
0.34836
0.33535
0.24584
0.10712
-0.046039
-0.18534
-0.29668
-0.37949
-0.43906
-0.4769
-0.48468
-0.44532
-0.34151
-0.16783
0.059374
0.29983
0.49747
0.59715
0.56415
0.39918
0.14233
-0.13643
-0.3579
-0.45861
-0.41138
-0.23423
0.01586
0.26202
0.4328
0.48473
0.41434
0.25581
0.065819
-0.098405
-0.19933
-0.23031
-0.21391
-0.1888
-0.19063
-0.235
-0.30911
-0.37565
-0.3874
-0.30708
-0.12464
0.13455
0.41423
0.64319
0.75735
0.72042
0.53616
0.24808
-0.073303
-0.35123
-0.52487
-0.56578
-0.48389
-0.32162
-0.13868
0.0074053
0.078627
0.066764
-0.0061677
-0.09682
-0.15559
-0.1431
-0.043287
0.13076
0.3395
0.52743
0.63843
0.63175
0.49421
0.24548
-0.065472
-0.37191
-0.60604
-0.71668
-0.68285
-0.51961
-0.2741
-0.012585
0.1979
0.30809
0.29985
0.1902
0.024876
-0.13651
-0.23904
-0.24875
-0.16169
-0.0030306
0.18291
0.34779
0.45411
0.48481
0.44459
0.35361
0.23671
0.11315
-0.0088387
-0.13066
-0.25619
-0.38278
-0.4951
-0.56583
-0.56377
-0.46712
-0.27635
-0.020892
0.24429
0.45266
0.54662
0.49742
0.31717
0.057673
-0.20448
-0.39192
-0.45164
-0.37216
-0.1865
0.040381
0.23524
0.34278
0.34464
0.26422
0.15545
0.079706
0.079898
0.16155
0.28859
0.39574
0.41334
0.29538
0.040259
-0.304
-0.65234
-0.90925
-1
-0.89561
-0.62271
-0.25492
0.1111
0.38652
0.51741
0.499
0.373
0.20965
0.081803
0.040107
0.097821
0.22951
0.38285
0.49826
0.52893
0.45453
0.28483
0.053637
-0.19345
-0.41221
-0.56954
-0.64757
-0.64265
-0.5617
-0.41878
-0.23335
-0.030296
0.16033
0.3059
0.37721
0.35706
0.2483
0.077582
-0.10823
-0.25336
-0.30946
-0.25175
-0.088938
0.13725
0.36381
0.52589
0.57738
0.50545
0.3336
0.11229
-0.099438
-0.25434
-0.33153
-0.33993
-0.30977
-0.27587
-0.26026
-0.2615
-0.25568
-0.20886
-0.095874
0.082759
0.29363
0.47729
0.56768
0.51744
0.31921
0.014067
-0.31758
-0.58032
-0.69543
-0.62831
-0.40147
-0.087561
0.21546
0.41847
0.47213
0.38338
0.21101
0.042037
-0.042518
0.00036318
0.15801
0.36552
0.52934
0.56243
0.41804
0.10957
-0.29093
-0.67528
-0.93484
-0.99646
-0.84622
-0.53281
-0.14991
0.19572
0.41875
0.4806
0.39724
0.22824
0.052077
-0.062321
-0.077721
0.0028724
0.14273
0.28883
0.39254
0.42532
0.38444
0.28791
0.16254
0.03137
-0.093883
-0.21233
-0.32674
-0.43399
-0.51893
-0.55553
-0.51601
-0.38442
-0.16889
0.093775
0.34432
0.51744
0.56299
0.46442
0.24721
-0.026689
-0.27705
-0.43057
-0.44415
-0.31833
-0.095969
0.15314
0.3561
0.4606
0.45025
0.34629
0.19604
0.052777
-0.044748
-0.085558
-0.087592
-0.086859
-0.11928
-0.2027
-0.3263
-0.45192
-0.5269
-0.50389
-0.36022
-0.10955
0.19875
0.49269
0.69882
0.76466
0.67465
0.45472
0.16397
-0.12339
-0.34
-0.44417
-0.42991
-0.32557
-0.18231
-0.05631
0.0091642
-0.0032532
-0.080836
-0.18602
-0.26914
-0.28456
-0.20554
-0.033437
0.20103
0.44503
0.63722
0.72424
0.67569
0.49335
0.21228
-0.10716
-0.39422
-0.58608
-0.64433
-0.56519
-0.38021
-0.14706
0.067041
0.20461
0.23398
0.1575
0.0092187
-0.15683
-0.28408
-0.33067
-0.2811
-0.14879
0.030784
0.21326
0.35986
0.44796
0.47426
0.45039
0.3935
0.31666
0.22332
0.10854
-0.033808
-0.20142
-0.37649
-0.52538
-0.60676
-0.58586
-0.44983
-0.21767
0.060101
0.31351
0.47374
0.49561
0.37369
0.14589
-0.11762
-0.33686
-0.4483
-0.42551
-0.28686
-0.087272
0.10303
0.22481
0.25151
0.19793
0.11279
0.057716
0.080798
0.19492
0.36938
0.53862
0.62519
0.5688
0.3508
0.0046607
-0.39157
-0.73881
-0.94827
-0.96977
-0.80717
-0.51581
-0.1832
0.10009
0.269
0.30247
0.22612
0.099184
-0.0086579
-0.042066
0.022214
0.16997
0.35713
0.52642
0.62646
0.62655
0.52317
0.33719
0.10475
-0.13392
-0.34358
-0.49874
-0.58419
-0.59349
-0.52768
-0.39574
-0.2163
-0.018518
0.16011
0.28058
0.31271
0.246
0.096485
-0.094059
-0.2679
-0.36796
-0.35606
-0.22643
-0.0091332
0.23836
0.44917
0.5683
0.5698
0.4635
0.28912
0.1001
-0.056342
-0.1552
-0.19944
-0.21372
-0.229
-0.26489
-0.31774
-0.35996
-0.35159
-0.25963
-0.077143
0.16652
0.40977
0.57702
0.6052
0.46868
0.19271
-0.15076
-0.4645
-0.65781
-0.67723
-0.52515
-0.25875
0.030483
0.24969
0.33789
0.28735
0.14496
-0.0069638
-0.083443
-0.030862
0.15051
0.40417
0.63646
0.7501
0.68025
0.41965
0.023735
-0.4062
-0.75582
-0.93495
-0.90592
-0.69365
-0.37457
-0.048932
0.19286
0.29826
0.26557
0.13855
-0.013695
-0.1234
-0.1471
-0.077296
0.060109
0.21979
0.35566
0.43656
0.45321
0.41521
0.34105
0.24672
0.13877
0.014824
-0.12907
-0.28855
-0.44413
-0.56192
-0.60303
-0.53867
-0.36485
-0.11021
0.16761
0.397
0.51446
0.48603
0.32016
0.066795
-0.19753
-0.39389
-0.46605
-0.39774
-0.21622
0.018868
0.23705
0.38094
0.42391
0.37564
0.27397
0.16702
0.092914
0.064922
0.067792
0.066308
0.022453
-0.085809
-0.25171
-0.43807
-0.58797
-0.64398
-0.56917
-0.36211
-0.060581
0.26787
0.54523
0.70603
0.71637
0.58312
0.35038
0.084951
-0.14426
-0.28636
-0.32175
-0.26522
-0.15826
-0.053804
0.001567
-0.0175
-0.10749
-0.23752
-0.35915
-0.42144
-0.38679
-0.24312
-0.0090657
0.26941
0.53003
0.71008
0.76317
0.67211
0.4545
0.15917
-0.146
-0.39161
-0.5252
-0.52511
-0.40587
-0.21328
-0.010491
0.1407
0.19786
0.14955
0.017238
-0.15301
-0.30594
-0.3945
-0.39333
-0.30425
-0.15252
0.024114
0.18892
0.3171
0.40024
0.44335
0.45666
0.44647
0.40969
0.33496
0.21025
0.033393
-0.17923
-0.39096
-0.55218
-0.61527
-0.55212
-0.36767
-0.10325
0.17255
0.38372
0.4708
0.41079
0.22558
-0.024759
-0.26184
-0.41527
-0.44607
-0.35866
-0.19708
-0.026705
0.091462
0.12447
0.079808
0.0017245
-0.047289
-0.012939
0.12664
0.34839
0.58876
0.76415
0.8001
0.65893
0.35548
-0.044836
-0.44545
-0.74876
-0.88659
-0.84057
-0.6456
-0.37586
-0.11858
0.054763
0.11013
0.058464
-0.052351
-0.15731
-0.19809
-0.14248
0.0067976
0.21554
0.43141
0.60125
0.68624
0.67031
0.56035
0.38015
0.16167
-0.062679
-0.26447
-0.42054
-0.5129
-0.52937
-0.46622
-0.33209
-0.15077
0.039739
0.19393
0.27031
0.24468
0.12034
-0.069411
-0.26863
-0.41461
-0.45747
-0.37673
-0.1888
0.057842
0.29826
0.47222
0.5432
0.50832
0.39591
0.25185
0.12045
0.027722
-0.026378
-0.063599
-0.11312
-0.19368
-0.3002
-0.40134
-0.44993
-0.40273
-0.24179
0.011826
0.2986
0.53667
0.64875
0.59011
0.36712
0.038521
-0.30196
-0.55628
-0.65511
-0.58139
-0.37536
-0.11902
0.094471
0.19537
0.16297
0.032669
-0.11837
-0.20165
-0.15267
0.042249
0.33765
0.64276
0.85246
0.8844
0.70885
0.36039
-0.072435
-0.476
-0.74835
-0.83106
-0.72543
-0.48795
-0.20786
0.024562
0.14733
0.14387
0.042954
-0.096791
-0.2109
-0.25204
-0.20383
-0.081718
0.077659
0.23295
0.35302
0.42465
0.45095
0.4428
0.40859
0.3477
0.25145
0.11085
-0.072563
-0.27866
-0.46839
-0.5929
-0.60975
-0.50018
-0.28039
-0.0015399
0.26313
0.44014
0.47946
0.37152
0.15122
-0.1129
-0.34076
-0.46652
-0.45893
-0.32942
-0.12536
0.088477
0.25321
0.3352
0.33467
0.28095
0.21696
0.1794
0.18273
0.21306
0.23445
0.20495
0.095951
-0.092623
-0.32762
-0.55051
-0.69537
-0.71086
-0.57836
-0.32
0.006413
0.32382
0.55838
0.66069
0.61889
0.46014
0.24015
0.024938
-0.12945
-0.19278
-0.1675
-0.085255
0.0054693
0.056088
0.034009
-0.066761
-0.22335
-0.39047
-0.51356
-0.54486
-0.45785
-0.25621
0.025324
0.32852
0.58594
0.73823
0.74992
0.61932
0.37961
0.090514
-0.17755
-0.36241
-0.42693
-0.36866
-0.21944
-0.035001
0.12231
0.20228
0.18121
0.067698
-0.102
-0.27681
-0.40746
-0.46106
-0.42895
-0.32576
-0.18079
-0.025817
0.11563
0.23349
0.32916
0.40809
0.47085
0.50752
0.49876
0.42371
0.27191
0.053857
-0.19505
-0.42029
-0.56314
-0.58006
-0.45953
-0.22972
0.047058
0.29212
0.43506
0.43664
0.30185
0.078007
-0.16177
-0.34397
-0.41995
-0.38173
-0.26258
-0.12216
-0.021903
7.2577e-05
-0.055277
-0.14767
-0.21321
-0.19028
-0.045924
0.20745
0.51187
0.78072
0.92721
0.8943
0.6754
0.31831
-0.089133
-0.44666
-0.67293
-0.72982
-0.63164
-0.4367
-0.22503
-0.070374
-0.016504
-0.065378
-0.1804
-0.30236
-0.37146
-0.34751
-0.2216
-0.016346
0.22374
0.44732
0.61077
0.6877
0.67153
0.57222
0.4101
0.21018
-0.0012464
-0.19767
-0.3529
-0.44304
-0.45112
-0.37334
-0.22438
-0.038446
0.13628
0.24955
0.26425
0.16974
-0.011942
-0.23029
-0.42053
-0.52364
-0.50536
-0.36737
-0.1465
0.098023
0.30469
0.42975
0.4598
0.41251
0.32554
0.23864
0.17642
0.13906
0.10492
0.04384
-0.064587
-0.216
-0.37667
-0.4924
-0.50847
-0.39305
-0.15474
0.15376
0.44879
0.64183
0.66994
0.51898
0.23077
-0.10946
-0.40132
-0.56346
-0.56132
-0.41801
-0.20429
-0.011061
0.085513
0.053165
-0.083956
-0.25432
-0.36641
-0.34442
-0.15894
0.1589
0.5253
0.83108
0.97872
0.91587
0.65339
0.26178
-0.15241
-0.48165
-0.65135
-0.64114
-0.48682
-0.26353
-0.05721
0.064904
0.074441
-0.013484
-0.15116
-0.27914
-0.34836
-0.33535
-0.24584
-0.10712
0.046039
0.18534
0.29668
0.37949
0.43906
0.4769
0.48468
0.44532
0.34151
0.16783
-0.059374
-0.29983
-0.49747
-0.59715
-0.56415
-0.39918
-0.14233
0.13643
0.3579
0.45861
0.41138
0.23423
-0.01586
-0.26202
-0.4328
-0.48473
-0.41434
-0.25581
-0.065819
0.098405
0.19933
0.23031
0.21391
0.1888
0.19063
0.235
0.30911
0.37565
0.3874
0.30708
0.12464
-0.13455
-0.41423
-0.64319
-0.75735
-0.72042
-0.53616
-0.24808
0.073303
0.35123
0.52487
0.56578
0.48389
0.32162
0.13868
-0.0074053
-0.078627
-0.066764
0.0061677
0.09682
0.15559
0.1431
0.043287
-0.13076
-0.3395
-0.52743
-0.63843
-0.63175
-0.49421
-0.24548
0.065472
0.37191
0.60604
0.71668
0.68285
0.51961
0.2741
0.012585
-0.1979
-0.30809
-0.29985
-0.1902
-0.024876
0.13651
0.23904
0.24875
0.16169
0.0030306
-0.18291
-0.34779
-0.45411
-0.48481
-0.44459
-0.35361
-0.23671
-0.11315
0.0088387
0.13066
0.25619
0.38278
0.4951
0.56583
0.56377
0.46712
0.27635
0.020892
-0.24429
-0.45266
-0.54662
-0.49742
-0.31717
-0.057673
0.20448
0.39192
0.45164
0.37216
0.1865
-0.040381
-0.23524
-0.34278
-0.34464
-0.26422
-0.15545
-0.079706
-0.079898
-0.16155
-0.28859
-0.39574
-0.41334
-0.29538
-0.040259
0.304
0.65234
0.90925
1
0.89561
0.62271
0.25492
-0.1111
-0.38652
-0.51741
-0.499
-0.373
-0.20965
-0.081803
-0.040107
-0.097821
-0.22951
-0.38285
-0.49826
-0.52893
-0.45453
-0.28483
-0.053637
0.19345
0.41221
0.56954
0.64757
0.64265
0.5617
0.41878
0.23335
0.030296
-0.16033
-0.3059
-0.37721
-0.35706
-0.2483
-0.077582
0.10823
0.25336
0.30946
0.25175
0.088938
-0.13725
-0.36381
-0.52589
-0.57738
-0.50545
-0.3336
-0.11229
0.099438
0.25434
0.33153
0.33993
0.30977
0.27587
0.26026
0.2615
0.25568
0.20886
0.095874
-0.082759
-0.29363
-0.47729
-0.56768
-0.51744
-0.31921
-0.014067
0.31758
