0.58032
0.69543
0.62831
0.40147
0.087561
-0.21546
-0.41847
-0.47213
-0.38338
-0.21101
-0.042037
0.042518
-0.00036318
-0.15801
-0.36552
-0.52934
-0.56243
-0.41804
-0.10957
0.29093
0.67528
0.93484
0.99646
0.84622
0.53281
0.14991
-0.19572
-0.41875
-0.4806
-0.39724
-0.22824
-0.052077
0.062321
0.077721
-0.0028724
-0.14273
-0.28883
-0.39254
-0.42532
-0.38444
-0.28791
-0.16254
-0.03137
0.093883
0.21233
0.32674
0.43399
0.51893
0.55553
0.51601
0.38442
0.16889
-0.093775
-0.34432
-0.51744
-0.56299
-0.46442
-0.24721
0.026689
0.27705
0.43057
0.44415
0.31833
0.095969
-0.15314
-0.3561
-0.4606
-0.45025
-0.34629
-0.19604
-0.052777
0.044748
0.085558
0.087592
0.086859
0.11928
0.2027
0.3263
0.45192
0.5269
0.50389
0.36022
0.10955
-0.19875
-0.49269
-0.69882
-0.76466
-0.67465
-0.45472
-0.16397
0.12339
0.34
0.44417
0.42991
0.32557
0.18231
0.05631
-0.0091642
0.0032532
0.080836
0.18602
0.26914
0.28456
0.20554
0.033437
-0.20103
-0.44503
-0.63722
-0.72424
-0.67569
-0.49335
-0.21228
0.10716
0.39422
0.58608
0.64433
0.56519
0.38021
0.14706
-0.067041
-0.20461
-0.23398
-0.1575
-0.0092187
0.15683
0.28408
0.33067
0.2811
0.14879
-0.030784
-0.21326
-0.35986
-0.44796
-0.47426
-0.45039
-0.3935
-0.31666
-0.22332
-0.10854
0.033808
0.20142
0.37649
0.52538
0.60676
0.58586
0.44983
0.21767
-0.060101
-0.31351
-0.47374
-0.49561
-0.37369
-0.14589
0.11762
0.33686
0.4483
0.42551
0.28686
0.087272
-0.10303
-0.22481
-0.25151
-0.19793
-0.11279
-0.057716
-0.080798
-0.19492
-0.36938
-0.53862
-0.62519
-0.5688
-0.3508
-0.0046607
0.39157
0.73881
0.94827
0.96977
0.80717
0.51581
0.1832
-0.10009
-0.269
-0.30247
-0.22612
-0.099184
0.0086579
0.042066
-0.022214
-0.16997
-0.35713
-0.52642
-0.62646
-0.62655
-0.52317
-0.33719
-0.10475
0.13392
0.34358
0.49874
0.58419
0.59349
0.52768
0.39574
0.2163
0.018518
-0.16011
-0.28058
-0.31271
-0.246
-0.096485
0.094059
0.2679
0.36796
0.35606
0.22643
0.0091332
-0.23836
-0.44917
-0.5683
-0.5698
-0.4635
-0.28912
-0.1001
0.056342
0.1552
0.19944
0.21372
0.229
0.26489
0.31774
0.35996
0.35159
0.25963
0.077143
-0.16652
-0.40977
-0.57702
-0.6052
-0.46868
-0.19271
0.15076
0.4645
0.65781
0.67723
0.52515
0.25875
-0.030483
-0.24969
-0.33789
-0.28735
-0.14496
0.0069638
0.083443
0.030862
-0.15051
-0.40417
-0.63646
-0.7501
-0.68025
-0.41965
-0.023735
0.4062
0.75582
0.93495
0.90592
0.69365
0.37457
0.048932
-0.19286
-0.29826
-0.26557
-0.13855
0.013695
0.1234
0.1471
0.077296
-0.060109
-0.21979
-0.35566
-0.43656
-0.45321
-0.41521
-0.34105
-0.24672
-0.13877
-0.014824
0.12907
0.28855
0.44413
0.56192
0.60303
0.53867
0.36485
0.11021
-0.16761
-0.397
-0.51446
-0.48603
-0.32016
-0.066795
0.19753
0.39389
0.46605
0.39774
0.21622
-0.018868
-0.23705
-0.38094
-0.42391
-0.37564
-0.27397
-0.16702
-0.092914
-0.064922
-0.067792
-0.066308
-0.022453
0.085809
0.25171
0.43807
0.58797
0.64398
0.56917
0.36211
0.060581
-0.26787
-0.54523
-0.70603
-0.71637
-0.58312
-0.35038
-0.084951
0.14426
0.28636
0.32175
0.26522
0.15826
0.053804
-0.001567
0.0175
0.10749
0.23752
0.35915
0.42144
0.38679
0.24312
0.0090657
-0.26941
-0.53003
-0.71008
-0.76317
-0.67211
-0.4545
-0.15917
0.146
0.39161
0.5252
0.52511
0.40587
0.21328
0.010491
-0.1407
-0.19786
-0.14955
-0.017238
0.15301
0.30594
0.3945
0.39333
0.30425
0.15252
-0.024114
-0.18892
-0.3171
-0.40024
-0.44335
-0.45666
-0.44647
-0.40969
-0.33496
-0.21025
-0.033393
0.17923
0.39096
0.55218
0.61527
0.55212
0.36767
0.10325
-0.17255
-0.38372
-0.4708
-0.41079
-0.22558
0.024759
0.26184
0.41527
0.44607
0.35866
0.19708
0.026705
-0.091462
-0.12447
-0.079808
-0.0017245
0.047289
0.012939
-0.12664
-0.34839
-0.58876
-0.76415
-0.8001
-0.65893
-0.35548
0.044836
0.44545
0.74876
0.88659
0.84057
0.6456
0.37586
0.11858
-0.054763
-0.11013
-0.058464
0.052351
0.15731
0.19809
0.14248
-0.0067976
-0.21554
-0.43141
-0.60125
-0.68624
-0.67031
-0.56035
-0.38015
-0.16167
0.062679
0.26447
0.42054
0.5129
0.52937
0.46622
0.33209
0.15077
-0.039739
-0.19393
-0.27031
-0.24468
-0.12034
0.069411
0.26863
0.41461
0.45747
0.37673
0.1888
-0.057842
-0.29826
-0.47222
-0.5432
-0.50832
-0.39591
-0.25185
-0.12045
-0.027722
0.026378
0.063599
0.11312
0.19368
0.3002
0.40134
0.44993
0.40273
0.24179
-0.011826
-0.2986
-0.53667
-0.64875
-0.59011
-0.36712
-0.038521
0.30196
0.55628
0.65511
0.58139
0.37536
0.11902
-0.094471
-0.19537
-0.16297
-0.032669
0.11837
0.20165
0.15267
-0.042249
-0.33765
-0.64276
-0.85246
-0.8844
-0.70885
-0.36039
0.072435
0.476
0.74835
0.83106
0.72543
0.48795
0.20786
-0.024562
-0.14733
-0.14387
-0.042954
0.096791
0.2109
0.25204
0.20383
0.081718
-0.077659
-0.23295
-0.35302
-0.42465
-0.45095
-0.4428
-0.40859
-0.3477
-0.25145
-0.11085
0.072563
0.27866
0.46839
0.5929
0.60975
0.50018
0.28039
0.0015399
-0.26313
-0.44014
-0.47946
-0.37152
-0.15122
0.1129
0.34076
0.46652
0.45893
0.32942
0.12536
-0.088477
-0.25321
-0.3352
-0.33467
-0.28095
-0.21696
-0.1794
-0.18273
-0.21306
-0.23445
-0.20495
-0.095951
0.092623
0.32762
0.55051
0.69537
0.71086
0.57836
0.32
-0.006413
-0.32382
-0.55838
-0.66069
-0.61889
-0.46014
-0.24015
-0.024938
0.12945
0.19278
0.1675
0.085255
-0.0054693
-0.056088
-0.034009
0.066761
0.22335
0.39047
0.51356
0.54486
0.45785
0.25621
-0.025324
-0.32852
-0.58594
-0.73823
-0.74992
-0.61932
-0.37961
-0.090514
0.17755
0.36241
0.42693
0.36866
0.21944
0.035001
-0.12231
-0.20228
-0.18121
-0.067698
0.102
0.27681
0.40746
0.46106
0.42895
0.32576
0.18079
0.025817
-0.11563
-0.23349
-0.32916
-0.40809
-0.47085
-0.50752
-0.49876
-0.42371
-0.27191
-0.053857
0.19505
0.42029
0.56314
0.58006
0.45953
0.22972
-0.047058
-0.29212
-0.43506
-0.43664
-0.30185
-0.078007
0.16177
0.34397
0.41995
0.38173
0.26258
0.12216
0.021903
-7.2577e-05
0.055277
0.14767
0.21321
0.19028
0.045924
-0.20745
-0.51187
-0.78072
-0.92721
-0.8943
-0.6754
-0.31831
0.089133
0.44666
0.67293
0.72982
0.63164
0.4367
0.22503
0.070374
0.016504
0.065378
0.1804
0.30236
0.37146
0.34751
0.2216
0.016346
-0.22374
-0.44732
-0.61077
-0.6877
-0.67153
-0.57222
-0.4101
-0.21018
0.0012464
0.19767
0.3529
0.44304
0.45112
0.37334
0.22438
0.038446
-0.13628
-0.24955
-0.26425
-0.16974
0.011942
0.23029
0.42053
0.52364
0.50536
0.36737
0.1465
-0.098023
-0.30469
-0.42975
-0.4598
-0.41251
-0.32554
-0.23864
-0.17642
-0.13906
-0.10492
-0.04384
0.064587
0.216
0.37667
0.4924
0.50847
0.39305
0.15474
-0.15376
-0.44879
-0.64183
-0.66994
-0.51898
-0.23077
0.10946
0.40132
0.56346
0.56132
0.41801
0.20429
0.011061
-0.085513
-0.053165
0.083956
0.25432
0.36641
0.34442
0.15894
-0.1589
-0.5253
-0.83108
-0.97872
-0.91587
-0.65339
-0.26178
0.15241
0.48165
0.65135
0.64114
0.48682
0.26353
0.05721
-0.064904
-0.074441
0.013484
0.15116
0.27914
0.34836
0.33535
0.24584
0.10712
-0.046039
-0.18534
-0.29668
-0.37949
-0.43906
-0.4769
-0.48468
-0.44532
-0.34151
-0.16783
0.059374
0.29983
0.49747
0.59715
0.56415
0.39918
0.14233
-0.13643
-0.3579
-0.45861
-0.41138
-0.23423
0.01586
0.26202
0.4328
0.48473
0.41434
0.25581
0.065819
-0.098405
-0.19933
-0.23031
-0.21391
-0.1888
-0.19063
-0.235
-0.30911
-0.37565
-0.3874
-0.30708
-0.12464
0.13455
0.41423
0.64319
0.75735
0.72042
0.53616
0.24808
-0.073303
-0.35123
-0.52487
-0.56578
-0.48389
-0.32162
-0.13868
0.0074053
0.078627
0.066764
-0.0061677
-0.09682
-0.15559
-0.1431
-0.043287
0.13076
0.3395
0.52743
0.63843
0.63175
0.49421
0.24548
-0.065472
-0.37191
-0.60604
-0.71668
-0.68285
-0.51961
-0.2741
-0.012585
0.1979
0.30809
0.29985
0.1902
0.024876
-0.13651
-0.23904
-0.24875
-0.16169
-0.0030306
0.18291
0.34779
0.45411
0.48481
0.44459
0.35361
0.23671
0.11315
-0.0088387
-0.13066
-0.25619
-0.38278
-0.4951
-0.56583
-0.56377
-0.46712
-0.27635
-0.020892
0.24429
0.45266
0.54662
0.49742
0.31717
0.057673
-0.20448
-0.39192
-0.45164
-0.37216
-0.1865
0.040381
0.23524
0.34278
0.34464
0.26422
0.15545
0.079706
0.079898
0.16155
0.28859
0.39574
0.41334
0.29538
0.040259
-0.304
-0.65234
-0.90925
-1
-0.89561
-0.62271
-0.25492
0.1111
0.38652
0.51741
0.499
0.373
0.20965
0.081803
0.040107
0.097821
0.22951
0.38285
0.49826
0.52893
0.45453
0.28483
0.053637
-0.19345
-0.41221
-0.56954
-0.64757
-0.64265
-0.5617
-0.41878
-0.23335
-0.030296
0.16033
0.3059
0.37721
0.35706
0.2483
0.077582
-0.10823
-0.25336
-0.30946
-0.25175
-0.088938
0.13725
0.36381
0.52589
0.57738
0.50545
0.3336
0.11229
-0.099438
-0.25434
-0.33153
-0.33993
-0.30977
-0.27587
-0.26026
-0.2615
-0.25568
-0.20886
-0.095874
0.082759
0.29363
0.47729
0.56768
0.51744
0.31921
0.014067
-0.31758
-0.58032
-0.69543
-0.62831
-0.40147
-0.087561
0.21546
0.41847
0.47213
0.38338
0.21101
0.042037
-0.042518
0.00036318
0.15801
0.36552
0.52934
0.56243
0.41804
0.10957
-0.29093
-0.67528
-0.93484
-0.99646
-0.84622
-0.53281
-0.14991
0.19572
0.41875
0.4806
0.39724
0.22824
0.052077
-0.062321
-0.077721
0.0028724
0.14273
0.28883
0.39254
0.42532
0.38444
0.28791
0.16254
0.03137
-0.093883
-0.21233
-0.32674
-0.43399
-0.51893
-0.55553
-0.51601
-0.38442
-0.16889
0.093775
0.34432
0.51744
0.56299
0.46442
0.24721
-0.026689
-0.27705
-0.43057
-0.44415
-0.31833
-0.095969
0.15314
0.3561
0.4606
0.45025
0.34629
0.19604
0.052777
-0.044748
-0.085558
-0.087592
-0.086859
-0.11928
-0.2027
-0.3263
-0.45192
-0.5269
-0.50389
-0.36022
-0.10955
0.19875
0.49269
0.69882
0.76466
0.67465
0.45472
0.16397
-0.12339
-0.34
-0.44417
-0.42991
-0.32557
-0.18231
-0.05631
0.0091642
-0.0032532
-0.080836
-0.18602
-0.26914
-0.28456
-0.20554
-0.033437
0.20103
0.44503
0.63722
0.72424
0.67569
0.49335
0.21228
-0.10716
-0.39422
-0.58608
-0.64433
-0.56519
-0.38021
-0.14706
0.067041
0.20461
0.23398
0.1575
0.0092187
-0.15683
-0.28408
-0.33067
-0.2811
-0.14879
0.030784
0.21326
0.35986
0.44796
0.47426
0.45039
0.3935
0.31666
0.22332
0.10854
-0.033808
-0.20142
-0.37649
-0.52538
-0.60676
-0.58586
-0.44983
-0.21767
0.060101
0.31351
0.47374
0.49561
0.37369
0.14589
-0.11762
-0.33686
-0.4483
-0.42551
-0.28686
-0.087272
0.10303
0.22481
0.25151
0.19793
0.11279
0.057716
0.080798
0.19492
0.36938
0.53862
0.62519
0.5688
0.3508
0.0046607
-0.39157
-0.73881
-0.94827
-0.96977
-0.80717
-0.51581
-0.1832
0.10009
0.269
0.30247
0.22612
0.099184
-0.0086579
-0.042066
0.022214
0.16997
0.35713
0.52642
0.62646
0.62655
0.52317
0.33719
0.10475
-0.13392
-0.34358
-0.49874
-0.58419
-0.59349
-0.52768
-0.39574
-0.2163
-0.018518
0.16011
0.28058
0.31271
0.246
0.096485
-0.094059
-0.2679
-0.36796
-0.35606
-0.22643
-0.0091332
0.23836
0.44917
0.5683
0.5698
0.4635
0.28912
0.1001
-0.056342
-0.1552
-0.19944
-0.21372
-0.229
-0.26489
-0.31774
-0.35996
-0.35159
-0.25963
-0.077143
0.16652
0.40977
0.57702
0.6052
0.46868
0.19271
-0.15076
-0.4645
-0.65781
-0.67723
-0.52515
-0.25875
0.030483
0.24969
0.33789
0.28735
0.14496
-0.0069638
-0.083443
-0.030862
0.15051
0.40417
0.63646
0.7501
0.68025
0.41965
0.023735
-0.4062
-0.75582
-0.93495
-0.90592
-0.69365
-0.37457
-0.048932
0.19286
0.29826
0.26557
0.13855
-0.013695
-0.1234
-0.1471
-0.077296
0.060109
0.21979
0.35566
0.43656
0.45321
0.41521
0.34105
0.24672
0.13877
0.014824
-0.12907
-0.28855
-0.44413
-0.56192
-0.60303
-0.53867
-0.36485
-0.11021
0.16761
0.397
0.51446
0.48603
0.32016
0.066795
-0.19753
-0.39389
-0.46605
-0.39774
-0.21622
0.018868
0.23705
0.38094
0.42391
0.37564
0.27397
0.16702
0.092914
0.064922
0.067792
0.066308
0.022453
-0.085809
-0.25171
-0.43807
-0.58797
-0.64398
-0.56917
-0.36211
-0.060581
0.26787
0.54523
0.70603
0.71637
0.58312
0.35038
0.084951
-0.14426
-0.28636
-0.32175
-0.26522
-0.15826
-0.053804
0.001567
-0.0175
-0.10749
-0.23752
-0.35915
-0.42144
-0.38679
-0.24312
-0.0090657
0.26941
0.53003
0.71008
0.76317
0.67211
0.4545
0.15917
-0.146
-0.39161
-0.5252
-0.52511
-0.40587
-0.21328
-0.010491
0.1407
0.19786
0.14955
0.017238
-0.15301
-0.30594
-0.3945
-0.39333
-0.30425
-0.15252
0.024114
0.18892
0.3171
0.40024
0.44335
0.45666
0.44647
0.40969
0.33496
0.21025
0.033393
-0.17923
-0.39096
-0.55218
-0.61527
-0.55212
-0.36767
-0.10325
0.17255
0.38372
0.4708
0.41079
0.22558
-0.024759
-0.26184
-0.41527
-0.44607
-0.35866
-0.19708
-0.026705
0.091462
0.12447
0.079808
0.0017245
-0.047289
-0.012939
0.12664
0.34839
0.58876
0.76415
0.8001
0.65893
0.35548
-0.044836
-0.44545
-0.74876
-0.88659
-0.84057
-0.6456
-0.37586
-0.11858
0.054763
0.11013
0.058464
-0.052351
-0.15731
-0.19809
-0.14248
0.0067976
0.21554
0.43141
0.60125
0.68624
0.67031
0.56035
0.38015
0.16167
-0.062679
-0.26447
-0.42054
-0.5129
-0.52937
-0.46622
-0.33209
-0.15077
0.039739
0.19393
0.27031
0.24468
0.12034
-0.069411
-0.26863
-0.41461
-0.45747
-0.37673
-0.1888
0.057842
0.29826
0.47222
0.5432
0.50832
0.39591
0.25185
0.12045
0.027722
-0.026378
-0.063599
-0.11312
-0.19368
-0.3002
-0.40134
-0.44993
-0.40273
-0.24179
0.011826
0.2986
0.53667
0.64875
0.59011
0.36712
0.038521
-0.30196
-0.55628
-0.65511
-0.58139
-0.37536
-0.11902
0.094471
0.19537
0.16297
0.032669
-0.11837
-0.20165
-0.15267
0.042249
0.33765
0.64276
0.85246
0.8844
0.70885
0.36039
-0.072435
-0.476
-0.74835
-0.83106
-0.72543
-0.48795
-0.20786
0.024562
0.14733
0.14387
0.042954
-0.096791
-0.2109
-0.25204
-0.20383
-0.081718
0.077659
0.23295
0.35302
0.42465
0.45095
0.4428
0.40859
0.3477
0.25145
0.11085
-0.072563
-0.27866
-0.46839
-0.5929
-0.60975
-0.50018
-0.28039
-0.0015399
0.26313
0.44014
0.47946
0.37152
0.15122
-0.1129
-0.34076
-0.46652
-0.45893
-0.32942
-0.12536
0.088477
0.25321
0.3352
0.33467
0.28095
0.21696
0.1794
0.18273
0.21306
0.23445
0.20495
0.095951
-0.092623
-0.32762
-0.55051
-0.69537
-0.71086
-0.57836
-0.32
0.006413
0.32382
0.55838
0.66069
0.61889
0.46014
0.24015
0.024938
-0.12945
-0.19278
-0.1675
-0.085255
0.0054693
0.056088
0.034009
-0.066761
-0.22335
-0.39047
-0.51356
-0.54486
-0.45785
-0.25621
0.025324
0.32852
0.58594
0.73823
0.74992
0.61932
0.37961
0.090514
-0.17755
-0.36241
-0.42693
-0.36866
-0.21944
-0.035001
0.12231
0.20228
0.18121
0.067698
-0.102
-0.27681
-0.40746
-0.46106
-0.42895
-0.32576
-0.18079
-0.025817
0.11563
0.23349
0.32916
0.40809
0.47085
0.50752
0.49876
0.42371
0.27191
0.053857
-0.19505
-0.42029
-0.56314
-0.58006
-0.45953
-0.22972
0.047058
0.29212
0.43506
0.43664
0.30185
0.078007
-0.16177
-0.34397
-0.41995
-0.38173
-0.26258
-0.12216
-0.021903
7.2577e-05
-0.055277
-0.14767
-0.21321
-0.19028
-0.045924
0.20745
0.51187
0.78072
0.92721
0.8943
0.6754
0.31831
-0.089133
-0.44666
-0.67293
-0.72982
-0.63164
-0.4367
-0.22503
-0.070374
-0.016504
-0.065378
-0.1804
-0.30236
-0.37146
-0.34751
-0.2216
-0.016346
0.22374
0.44732
0.61077
0.6877
0.67153
0.57222
0.4101
0.21018
-0.0012464
-0.19767
-0.3529
-0.44304
-0.45112
-0.37334
-0.22438
-0.038446
0.13628
0.24955
0.26425
0.16974
-0.011942
-0.23029
-0.42053
-0.52364
-0.50536
-0.36737
-0.1465
0.098023
0.30469
0.42975
0.4598
0.41251
0.32554
0.23864
0.17642
0.13906
0.10492
0.04384
-0.064587
-0.216
-0.37667
-0.4924
-0.50847
-0.39305
-0.15474
0.15376
0.44879
0.64183
0.66994
0.51898
0.23077
-0.10946
-0.40132
-0.56346
-0.56132
-0.41801
-0.20429
-0.011061
0.085513
0.053165
-0.083956
-0.25432
-0.36641
-0.34442
-0.15894
0.1589
0.5253
0.83108
0.97872
0.91587
0.65339
0.26178
-0.15241
-0.48165
-0.65135
-0.64114
-0.48682
-0.26353
-0.05721
0.064904
0.074441
-0.013484
-0.15116
-0.27914
-0.34836
-0.33535
-0.24584
-0.10712
0.046039
0.18534
0.29668
0.37949
0.43906
0.4769
0.48468
0.44532
0.34151
0.16783
-0.059374
-0.29983
-0.49747
-0.59715
-0.56415
-0.39918
-0.14233
0.13643
0.3579
0.45861
0.41138
0.23423
-0.01586
-0.26202
-0.4328
-0.48473
-0.41434
-0.25581
-0.065819
0.098405
0.19933
0.23031
0.21391
0.1888
0.19063
0.235
0.30911
0.37565
0.3874
0.30708
0.12464
-0.13455
-0.41423
-0.64319
-0.75735
-0.72042
-0.53616
-0.24808
0.073303
0.35123
0.52487
0.56578
0.48389
0.32162
0.13868
-0.0074053
-0.078627
-0.066764
0.0061677
0.09682
0.15559
0.1431
0.043287
-0.13076
-0.3395
-0.52743
-0.63843
-0.63175
-0.49421
-0.24548
0.065472
0.37191
0.60604
0.71668
0.68285
0.51961
0.2741
0.012585
-0.1979
-0.30809
-0.29985
-0.1902
-0.024876
0.13651
0.23904
0.24875
0.16169
0.0030306
-0.18291
-0.34779
-0.45411
-0.48481
-0.44459
-0.35361
-0.23671
-0.11315
0.0088387
0.13066
0.25619
0.38278
0.4951
0.56583
0.56377
0.46712
0.27635
0.020892
-0.24429
-0.45266
-0.54662
-0.49742
-0.31717
-0.057673
0.20448
0.39192
0.45164
0.37216
0.1865
-0.040381
-0.23524
-0.34278
-0.34464
-0.26422
-0.15545
-0.079706
-0.079898
-0.16155
-0.28859
-0.39574
-0.41334
-0.29538
-0.040259
0.304
0.65234
0.90925
1
0.89561
0.62271
0.25492
-0.1111
-0.38652
-0.51741
-0.499
-0.373
-0.20965
-0.081803
-0.040107
-0.097821
-0.22951
-0.38285
-0.49826
-0.52893
-0.45453
-0.28483
-0.053637
0.19345
0.41221
0.56954
0.64757
0.64265
0.5617
0.41878
0.23335
0.030296
-0.16033
-0.3059
-0.37721
-0.35706
-0.2483
-0.077582
0.10823
0.25336
0.30946
0.25175
0.088938
-0.13725
-0.36381
-0.52589
-0.57738
-0.50545
-0.3336
-0.11229
0.099438
0.25434
0.33153
0.33993
0.30977
0.27587
0.26026
0.2615
0.25568
0.20886
0.095874
-0.082759
-0.29363
-0.47729
-0.56768
-0.51744
-0.31921
-0.014067
0.31758
