-0.18917
-0.278
-0.26543
-0.15062
0.037744
0.24695
0.41442
0.48642
0.43513
0.2681
0.026465
-0.22799
-0.4325
-0.54283
-0.54587
-0.46085
-0.32894
-0.19585
-0.093962
-0.031378
0.007957
0.053303
0.12998
0.24345
0.37184
0.47074
0.48934
0.39213
0.17743
-0.11505
-0.41196
-0.62771
-0.6928
-0.57882
-0.31081
0.038322
0.37023
0.59306
0.6518
0.54618
0.32959
0.089061
-0.086681
-0.13958
-0.063399
0.094194
0.24953
0.31448
0.23034
-0.0083066
-0.34845
-0.69442
-0.93913
-1
-0.84701
-0.51323
-0.084354
0.32883
0.62541
0.74477
0.68257
0.48755
0.24152
0.030207
-0.084432
-0.08139
0.017683
0.16123
0.289
0.35341
0.33339
0.23687
0.092521
-0.064368
-0.2055
-0.31711
-0.39919
-0.45793
-0.4961
-0.50652
-0.4726
-0.37603
-0.20861
0.017366
0.26559
0.48201
0.60985
0.60863
0.47017
0.22526
-0.062518
-0.31447
-0.46058
-0.4614
-0.32049
-0.08291
0.17956
0.39168
0.4983
0.48021
0.3572
0.17788
0.00029594
-0.12906
-0.19044
-0.19473
-0.17541
-0.17181
-0.2107
-0.29322
-0.39231
-0.46181
-0.45382
-0.33808
-0.11617
0.17488
0.47115
0.69993
0.8015
0.74745
0.54957
0.25654
-0.060289
-0.32749
-0.48996
-0.52502
-0.44632
-0.29698
-0.13449
-0.012569
0.034792
0.0023318
-0.086446
-0.1878
-0.25198
-0.23884
-0.13055
0.06214
0.3015
0.53199
0.69451
0.74197
0.65236
0.43573
0.13307
-0.19282
-0.47252
-0.64732
-0.68425
-0.58455
-0.3832
-0.13918
0.080765
0.22052
0.24975
0.1714
0.019413
-0.15264
-0.28819
-0.34436
-0.30366
-0.17695
0.0023947
0.19083
0.34871
0.45115
0.49219
0.48146
0.43554
0.36828
0.28429
0.17881
0.043662
-0.12319
-0.30932
-0.48515
-0.60928
-0.64103
-0.55603
-0.35885
-0.087234
0.19503
0.41525
0.51399
0.4646
0.2832
0.024852
-0.23323
-0.41628
-0.47595
-0.40524
-0.23919
-0.040857
0.12235
0.20341
0.19248
0.11952
0.041585
0.019437
0.092125
0.25902
0.47638
0.67014
0.76091
0.69236
0.45299
0.083356
-0.33425
-0.70018
-0.92799
-0.97059
-0.83358
-0.57142
-0.26822
-0.010111
0.14149
0.16686
0.090295
-0.03197
-0.13326
-0.15945
-0.085764
0.077428
0.2907
0.50004
0.65398
0.71753
0.67905
0.5492
0.35412
0.1266
-0.10139
-0.30269
-0.45579
-0.54435
-0.55739
-0.49165
-0.35526
-0.17072
0.025601
0.18917
0.278
0.26543
0.15062
-0.037744
-0.24695
-0.41442
-0.48642
-0.43513
-0.2681
-0.026465
0.22799
0.4325
0.54283
0.54587
0.46085
0.32894
0.19585
0.093962
0.031378
-0.007957
-0.053303
-0.12998
-0.24345
-0.37184
-0.47074
-0.48934
-0.39213
-0.17743
0.11505
0.41196
0.62771
0.6928
0.57882
0.31081
-0.038322
-0.37023
-0.59306
-0.6518
-0.54618
-0.32959
-0.089061
0.086681
0.13958
0.063399
-0.094194
-0.24953
-0.31448
-0.23034
0.0083066
0.34845
0.69442
0.93913
1
0.84701
0.51323
0.084354
-0.32883
-0.62541
-0.74477
-0.68257
-0.48755
-0.24152
-0.030207
0.084432
0.08139
-0.017683
-0.16123
-0.289
-0.35341
-0.33339
-0.23687
-0.092521
0.064368
0.2055
0.31711
0.39919
0.45793
0.4961
0.50652
0.4726
0.37603
0.20861
-0.017366
-0.26559
-0.48201
-0.60985
-0.60863
-0.47017
-0.22526
0.062518
0.31447
0.46058
0.4614
0.32049
0.08291
-0.17956
-0.39168
-0.4983
-0.48021
-0.3572
-0.17788
-0.00029594
0.12906
0.19044
0.19473
0.17541
0.17181
0.2107
0.29322
0.39231
0.46181
0.45382
0.33808
0.11617
-0.17488
-0.47115
-0.69993
-0.8015
-0.74745
-0.54957
-0.25654
0.060289
0.32749
0.48996
0.52502
0.44632
0.29698
0.13449
0.012569
-0.034792
-0.0023318
0.086446
0.1878
0.25198
0.23884
0.13055
-0.06214
-0.3015
-0.53199
-0.69451
-0.74197
-0.65236
-0.43573
-0.13307
0.19282
0.47252
0.64732
0.68425
0.58455
0.3832
0.13918
-0.080765
-0.22052
-0.24975
-0.1714
-0.019413
0.15264
0.28819
0.34436
0.30366
0.17695
-0.0023947
-0.19083
-0.34871
-0.45115
-0.49219
-0.48146
-0.43554
-0.36828
-0.28429
-0.17881
-0.043662
0.12319
0.30932
0.48515
0.60928
0.64103
0.55603
0.35885
0.087234
-0.19503
-0.41525
-0.51399
-0.4646
-0.2832
-0.024852
0.23323
0.41628
0.47595
0.40524
0.23919
0.040857
-0.12235
-0.20341
-0.19248
-0.11952
-0.041585
-0.019437
-0.092125
-0.25902
-0.47638
-0.67014
-0.76091
-0.69236
-0.45299
-0.083356
0.33425
0.70018
0.92799
0.97059
0.83358
0.57142
0.26822
0.010111
-0.14149
-0.16686
-0.090295
0.03197
0.13326
0.15945
0.085764
-0.077428
-0.2907
-0.50004
-0.65398
-0.71753
-0.67905
-0.5492
-0.35412
-0.1266
0.10139
0.30269
0.45579
0.54435
0.55739
0.49165
0.35526
0.17072
-0.025601
-0.18917
-0.278
-0.26543
-0.15062
0.037744
0.24695
0.41442
0.48642
0.43513
0.2681
0.026465
-0.22799
-0.4325
-0.54283
-0.54587
-0.46085
-0.32894
-0.19585
-0.093962
-0.031378
0.007957
0.053303
0.12998
0.24345
0.37184
0.47074
0.48934
0.39213
0.17743
-0.11505
-0.41196
-0.62771
-0.6928
-0.57882
-0.31081
0.038322
0.37023
0.59306
0.6518
0.54618
0.32959
0.089061
-0.086681
-0.13958
-0.063399
0.094194
0.24953
0.31448
0.23034
-0.0083066
-0.34845
-0.69442
-0.93913
-1
-0.84701
-0.51323
-0.084354
0.32883
0.62541
0.74477
0.68257
0.48755
0.24152
0.030207
-0.084432
-0.08139
0.017683
0.16123
0.289
0.35341
0.33339
0.23687
0.092521
-0.064368
-0.2055
-0.31711
-0.39919
-0.45793
-0.4961
-0.50652
-0.4726
-0.37603
-0.20861
0.017366
0.26559
0.48201
0.60985
0.60863
0.47017
0.22526
-0.062518
-0.31447
-0.46058
-0.4614
-0.32049
-0.08291
0.17956
0.39168
0.4983
0.48021
0.3572
0.17788
0.00029594
-0.12906
-0.19044
-0.19473
-0.17541
-0.17181
-0.2107
-0.29322
-0.39231
-0.46181
-0.45382
-0.33808
-0.11617
0.17488
0.47115
0.69993
0.8015
0.74745
0.54957
0.25654
-0.060289
-0.32749
-0.48996
-0.52502
-0.44632
-0.29698
-0.13449
-0.012569
0.034792
0.0023318
-0.086446
-0.1878
-0.25198
-0.23884
-0.13055
0.06214
0.3015
0.53199
0.69451
0.74197
0.65236
0.43573
0.13307
-0.19282
-0.47252
-0.64732
-0.68425
-0.58455
-0.3832
-0.13918
0.080765
0.22052
0.24975
0.1714
0.019413
-0.15264
-0.28819
-0.34436
-0.30366
-0.17695
0.0023947
0.19083
0.34871
0.45115
0.49219
0.48146
0.43554
0.36828
0.28429
0.17881
0.043662
-0.12319
-0.30932
-0.48515
-0.60928
-0.64103
-0.55603
-0.35885
-0.087234
0.19503
0.41525
0.51399
0.4646
0.2832
0.024852
-0.23323
-0.41628
-0.47595
-0.40524
-0.23919
-0.040857
0.12235
0.20341
0.19248
0.11952
0.041585
0.019437
0.092125
0.25902
0.47638
0.67014
0.76091
0.69236
0.45299
0.083356
-0.33425
-0.70018
-0.92799
-0.97059
-0.83358
-0.57142
-0.26822
-0.010111
0.14149
0.16686
0.090295
-0.03197
-0.13326
-0.15945
-0.085764
0.077428
0.2907
0.50004
0.65398
0.71753
0.67905
0.5492
0.35412
0.1266
-0.10139
-0.30269
-0.45579
-0.54435
-0.55739
-0.49165
-0.35526
-0.17072
0.025601
0.18917
0.278
0.26543
0.15062
-0.037744
-0.24695
-0.41442
-0.48642
-0.43513
-0.2681
-0.026465
0.22799
0.4325
0.54283
0.54587
0.46085
0.32894
0.19585
0.093962
0.031378
-0.007957
-0.053303
-0.12998
-0.24345
-0.37184
-0.47074
-0.48934
-0.39213
-0.17743
0.11505
0.41196
0.62771
0.6928
0.57882
0.31081
-0.038322
-0.37023
-0.59306
-0.6518
-0.54618
-0.32959
-0.089061
0.086681
0.13958
0.063399
-0.094194
-0.24953
-0.31448
-0.23034
0.0083066
0.34845
0.69442
0.93913
1
0.84701
0.51323
0.084354
-0.32883
-0.62541
-0.74477
-0.68257
-0.48755
-0.24152
-0.030207
0.084432
0.08139
-0.017683
-0.16123
-0.289
-0.35341
-0.33339
-0.23687
-0.092521
0.064368
0.2055
0.31711
0.39919
0.45793
0.4961
0.50652
0.4726
0.37603
0.20861
-0.017366
-0.26559
-0.48201
-0.60985
-0.60863
-0.47017
-0.22526
0.062518
0.31447
0.46058
0.4614
0.32049
0.08291
-0.17956
-0.39168
-0.4983
-0.48021
-0.3572
-0.17788
-0.00029594
0.12906
0.19044
0.19473
0.17541
0.17181
0.2107
0.29322
0.39231
0.46181
0.45382
0.33808
0.11617
-0.17488
-0.47115
-0.69993
-0.8015
-0.74745
-0.54957
-0.25654
0.060289
0.32749
0.48996
0.52502
0.44632
0.29698
0.13449
0.012569
-0.034792
-0.0023318
0.086446
0.1878
0.25198
0.23884
0.13055
-0.06214
-0.3015
-0.53199
-0.69451
-0.74197
-0.65236
-0.43573
-0.13307
0.19282
0.47252
0.64732
0.68425
0.58455
0.3832
0.13918
-0.080765
-0.22052
-0.24975
-0.1714
-0.019413
0.15264
0.28819
0.34436
0.30366
0.17695
-0.0023947
-0.19083
-0.34871
-0.45115
-0.49219
-0.48146
-0.43554
-0.36828
-0.28429
-0.17881
-0.043662
0.12319
0.30932
0.48515
0.60928
0.64103
0.55603
0.35885
0.087234
-0.19503
-0.41525
-0.51399
-0.4646
-0.2832
-0.024852
0.23323
0.41628
0.47595
0.40524
0.23919
0.040857
-0.12235
-0.20341
-0.19248
-0.11952
-0.041585
-0.019437
-0.092125
-0.25902
-0.47638
-0.67014
-0.76091
-0.69236
-0.45299
-0.083356
0.33425
0.70018
0.92799
0.97059
0.83358
0.57142
0.26822
0.010111
-0.14149
-0.16686
-0.090295
0.03197
0.13326
0.15945
0.085764
-0.077428
-0.2907
-0.50004
-0.65398
-0.71753
-0.67905
-0.5492
-0.35412
-0.1266
0.10139
0.30269
0.45579
0.54435
0.55739
0.49165
0.35526
0.17072
-0.025601
-0.18917
-0.278
-0.26543
-0.15062
0.037744
0.24695
0.41442
0.48642
0.43513
0.2681
0.026465
-0.22799
-0.4325
-0.54283
-0.54587
-0.46085
-0.32894
-0.19585
-0.093962
-0.031378
0.007957
0.053303
0.12998
0.24345
0.37184
0.47074
0.48934
0.39213
0.17743
-0.11505
-0.41196
-0.62771
-0.6928
-0.57882
-0.31081
0.038322
0.37023
0.59306
0.6518
0.54618
0.32959
0.089061
-0.086681
-0.13958
-0.063399
0.094194
0.24953
0.31448
0.23034
-0.0083066
-0.34845
-0.69442
-0.93913
-1
-0.84701
-0.51323
-0.084354
0.32883
0.62541
0.74477
0.68257
0.48755
0.24152
0.030207
-0.084432
-0.08139
0.017683
0.16123
0.289
0.35341
0.33339
0.23687
0.092521
-0.064368
-0.2055
-0.31711
-0.39919
-0.45793
-0.4961
-0.50652
-0.4726
-0.37603
-0.20861
0.017366
0.26559
0.48201
0.60985
0.60863
0.47017
0.22526
-0.062518
-0.31447
-0.46058
-0.4614
-0.32049
-0.08291
0.17956
0.39168
0.4983
0.48021
0.3572
0.17788
0.00029594
-0.12906
-0.19044
-0.19473
-0.17541
-0.17181
-0.2107
-0.29322
-0.39231
-0.46181
-0.45382
-0.33808
-0.11617
0.17488
0.47115
0.69993
0.8015
0.74745
0.54957
0.25654
-0.060289
-0.32749
-0.48996
-0.52502
-0.44632
-0.29698
-0.13449
-0.012569
0.034792
0.0023318
-0.086446
-0.1878
-0.25198
-0.23884
-0.13055
0.06214
0.3015
0.53199
0.69451
0.74197
0.65236
0.43573
0.13307
-0.19282
-0.47252
-0.64732
-0.68425
-0.58455
-0.3832
-0.13918
0.080765
0.22052
0.24975
0.1714
0.019413
-0.15264
-0.28819
-0.34436
-0.30366
-0.17695
0.0023947
0.19083
0.34871
0.45115
0.49219
0.48146
0.43554
0.36828
0.28429
0.17881
0.043662
-0.12319
-0.30932
-0.48515
-0.60928
-0.64103
-0.55603
-0.35885
-0.087234
0.19503
0.41525
0.51399
0.4646
0.2832
0.024852
-0.23323
-0.41628
-0.47595
-0.40524
-0.23919
-0.040857
0.12235
0.20341
0.19248
0.11952
0.041585
0.019437
0.092125
0.25902
0.47638
0.67014
0.76091
0.69236
0.45299
0.083356
-0.33425
-0.70018
-0.92799
-0.97059
-0.83358
-0.57142
-0.26822
-0.010111
0.14149
0.16686
0.090295
-0.03197
-0.13326
-0.15945
-0.085764
0.077428
0.2907
0.50004
0.65398
0.71753
0.67905
0.5492
0.35412
0.1266
-0.10139
-0.30269
-0.45579
-0.54435
-0.55739
-0.49165
-0.35526
-0.17072
0.025601
0.18917
0.278
0.26543
0.15062
-0.037744
-0.24695
-0.41442
-0.48642
-0.43513
-0.2681
-0.026465
0.22799
0.4325
0.54283
0.54587
0.46085
0.32894
0.19585
0.093962
0.031378
-0.007957
-0.053303
-0.12998
-0.24345
-0.37184
-0.47074
-0.48934
-0.39213
-0.17743
0.11505
0.41196
0.62771
0.6928
0.57882
0.31081
-0.038322
-0.37023
-0.59306
-0.6518
-0.54618
-0.32959
-0.089061
0.086681
0.13958
0.063399
-0.094194
-0.24953
-0.31448
-0.23034
0.0083066
0.34845
0.69442
0.93913
1
0.84701
0.51323
0.084354
-0.32883
-0.62541
-0.74477
-0.68257
-0.48755
-0.24152
-0.030207
0.084432
0.08139
-0.017683
-0.16123
-0.289
-0.35341
-0.33339
-0.23687
-0.092521
0.064368
0.2055
0.31711
0.39919
0.45793
0.4961
0.50652
0.4726
0.37603
0.20861
-0.017366
-0.26559
-0.48201
-0.60985
-0.60863
-0.47017
-0.22526
0.062518
0.31447
0.46058
0.4614
0.32049
0.08291
-0.17956
-0.39168
-0.4983
-0.48021
-0.3572
-0.17788
-0.00029594
0.12906
0.19044
0.19473
0.17541
0.17181
0.2107
0.29322
0.39231
0.46181
0.45382
0.33808
0.11617
-0.17488
-0.47115
-0.69993
-0.8015
-0.74745
-0.54957
-0.25654
0.060289
0.32749
0.48996
0.52502
0.44632
0.29698
0.13449
0.012569
-0.034792
-0.0023318
0.086446
0.1878
0.25198
0.23884
0.13055
-0.06214
-0.3015
-0.53199
-0.69451
-0.74197
-0.65236
-0.43573
-0.13307
0.19282
0.47252
0.64732
0.68425
0.58455
0.3832
0.13918
-0.080765
-0.22052
-0.24975
-0.1714
-0.019413
0.15264
0.28819
0.34436
0.30366
0.17695
-0.0023947
-0.19083
-0.34871
-0.45115
-0.49219
-0.48146
-0.43554
-0.36828
-0.28429
-0.17881
-0.043662
0.12319
0.30932
0.48515
0.60928
0.64103
0.55603
0.35885
0.087234
-0.19503
-0.41525
-0.51399
-0.4646
-0.2832
-0.024852
0.23323
0.41628
0.47595
0.40524
0.23919
0.040857
-0.12235
-0.20341
-0.19248
-0.11952
-0.041585
-0.019437
-0.092125
-0.25902
-0.47638
-0.67014
-0.76091
-0.69236
-0.45299
-0.083356
0.33425
0.70018
0.92799
0.97059
0.83358
0.57142
0.26822
0.010111
-0.14149
-0.16686
-0.090295
0.03197
0.13326
0.15945
0.085764
-0.077428
-0.2907
-0.50004
-0.65398
-0.71753
-0.67905
-0.5492
-0.35412
-0.1266
0.10139
0.30269
0.45579
0.54435
0.55739
0.49165
0.35526
0.17072
-0.025601
-0.18917
-0.278
-0.26543
-0.15062
0.037744
0.24695
0.41442
0.48642
0.43513
0.2681
0.026465
-0.22799
-0.4325
-0.54283
-0.54587
-0.46085
-0.32894
-0.19585
-0.093962
-0.031378
0.007957
0.053303
0.12998
0.24345
0.37184
0.47074
0.48934
0.39213
0.17743
-0.11505
-0.41196
-0.62771
-0.6928
-0.57882
-0.31081
0.038322
0.37023
0.59306
0.6518
0.54618
0.32959
0.089061
-0.086681
-0.13958
-0.063399
0.094194
0.24953
0.31448
0.23034
-0.0083066
-0.34845
-0.69442
-0.93913
-1
-0.84701
-0.51323
-0.084354
0.32883
0.62541
0.74477
0.68257
0.48755
0.24152
0.030207
-0.084432
-0.08139
0.017683
0.16123
0.289
0.35341
0.33339
0.23687
0.092521
-0.064368
-0.2055
-0.31711
-0.39919
-0.45793
-0.4961
-0.50652
-0.4726
-0.37603
-0.20861
0.017366
0.26559
0.48201
0.60985
0.60863
0.47017
0.22526
-0.062518
-0.31447
-0.46058
-0.4614
-0.32049
-0.08291
0.17956
0.39168
0.4983
0.48021
0.3572
0.17788
0.00029594
-0.12906
-0.19044
-0.19473
-0.17541
-0.17181
-0.2107
-0.29322
-0.39231
-0.46181
-0.45382
-0.33808
-0.11617
0.17488
0.47115
0.69993
0.8015
0.74745
0.54957
0.25654
-0.060289
-0.32749
-0.48996
-0.52502
-0.44632
-0.29698
-0.13449
-0.012569
0.034792
0.0023318
-0.086446
-0.1878
-0.25198
-0.23884
-0.13055
0.06214
0.3015
0.53199
0.69451
0.74197
0.65236
0.43573
0.13307
-0.19282
-0.47252
-0.64732
-0.68425
-0.58455
-0.3832
-0.13918
0.080765
0.22052
0.24975
0.1714
0.019413
-0.15264
-0.28819
-0.34436
-0.30366
-0.17695
0.0023947
0.19083
0.34871
0.45115
0.49219
0.48146
0.43554
0.36828
0.28429
0.17881
0.043662
-0.12319
-0.30932
-0.48515
-0.60928
-0.64103
-0.55603
-0.35885
-0.087234
0.19503
0.41525
0.51399
0.4646
0.2832
0.024852
-0.23323
-0.41628
-0.47595
-0.40524
-0.23919
-0.040857
0.12235
0.20341
0.19248
0.11952
0.041585
0.019437
0.092125
0.25902
0.47638
0.67014
0.76091
0.69236
0.45299
0.083356
-0.33425
-0.70018
-0.92799
-0.97059
-0.83358
-0.57142
-0.26822
-0.010111
0.14149
0.16686
0.090295
-0.03197
-0.13326
-0.15945
-0.085764
0.077428
0.2907
0.50004
0.65398
0.71753
0.67905
0.5492
0.35412
0.1266
-0.10139
-0.30269
-0.45579
-0.54435
-0.55739
-0.49165
-0.35526
-0.17072
0.025601
0.18917
0.278
0.26543
0.15062
-0.037744
-0.24695
-0.41442
-0.48642
-0.43513
-0.2681
-0.026465
0.22799
0.4325
0.54283
0.54587
0.46085
0.32894
0.19585
0.093962
0.031378
-0.007957
-0.053303
-0.12998
-0.24345
-0.37184
-0.47074
-0.48934
-0.39213
-0.17743
0.11505
0.41196
0.62771
0.6928
0.57882
0.31081
-0.038322
-0.37023
-0.59306
-0.6518
-0.54618
-0.32959
-0.089061
0.086681
0.13958
0.063399
-0.094194
-0.24953
-0.31448
-0.23034
0.0083066
0.34845
0.69442
0.93913
1
0.84701
0.51323
0.084354
-0.32883
-0.62541
-0.74477
-0.68257
-0.48755
-0.24152
-0.030207
0.084432
0.08139
-0.017683
-0.16123
-0.289
-0.35341
-0.33339
-0.23687
-0.092521
0.064368
0.2055
0.31711
0.39919
0.45793
0.4961
0.50652
0.4726
0.37603
0.20861
-0.017366
-0.26559
-0.48201
-0.60985
-0.60863
-0.47017
-0.22526
0.062518
0.31447
0.46058
0.4614
0.32049
0.08291
-0.17956
-0.39168
-0.4983
-0.48021
-0.3572
-0.17788
-0.00029594
0.12906
0.19044
0.19473
0.17541
0.17181
0.2107
0.29322
0.39231
0.46181
0.45382
0.33808
0.11617
-0.17488
-0.47115
-0.69993
-0.8015
-0.74745
-0.54957
-0.25654
0.060289
0.32749
0.48996
0.52502
0.44632
0.29698
0.13449
0.012569
-0.034792
-0.0023318
0.086446
0.1878
0.25198
0.23884
0.13055
-0.06214
-0.3015
-0.53199
-0.69451
-0.74197
-0.65236
-0.43573
-0.13307
0.19282
0.47252
0.64732
0.68425
0.58455
0.3832
0.13918
-0.080765
-0.22052
-0.24975
-0.1714
-0.019413
0.15264
0.28819
0.34436
0.30366
0.17695
-0.0023947
-0.19083
-0.34871
-0.45115
-0.49219
-0.48146
-0.43554
-0.36828
-0.28429
-0.17881
-0.043662
0.12319
0.30932
0.48515
0.60928
0.64103
0.55603
0.35885
0.087234
-0.19503
-0.41525
-0.51399
-0.4646
-0.2832
-0.024852
0.23323
0.41628
0.47595
0.40524
0.23919
0.040857
-0.12235
-0.20341
-0.19248
-0.11952
-0.041585
-0.019437
-0.092125
-0.25902
-0.47638
-0.67014
-0.76091
-0.69236
-0.45299
-0.083356
0.33425
0.70018
0.92799
0.97059
0.83358
0.57142
0.26822
0.010111
-0.14149
-0.16686
-0.090295
0.03197
0.13326
0.15945
0.085764
-0.077428
-0.2907
-0.50004
-0.65398
-0.71753
-0.67905
-0.5492
-0.35412
-0.1266
0.10139
0.30269
0.45579
0.54435
0.55739
0.49165
0.35526
0.17072
-0.025601
