0.52462
0.36761
0.15459
-0.057561
-0.22066
-0.31027
-0.33078
-0.309
-0.2791
-0.26558
-0.2713
-0.27604
-0.24641
-0.15319
0.011068
0.22212
0.42685
0.55906
0.56317
0.41689
0.14413
-0.18806
-0.4884
-0.67042
-0.68142
-0.52102
-0.24193
0.067627
0.31423
0.43138
0.4021
0.26344
0.091414
-0.028516
-0.034486
0.087293
0.29578
0.50878
0.63236
0.59538
0.37687
0.016058
-0.39836
-0.75631
-0.96186
-0.96372
-0.7707
-0.44685
-0.088877
0.20593
0.36997
0.38376
0.27707
0.11371
-0.033428
-0.10761
-0.085165
0.021075
0.1713
0.31622
0.41512
0.44768
0.41599
0.33769
0.2344
0.12144
0.0034323
-0.1226
-0.25882
-0.39764
-0.51729
-0.58527
-0.56919
-0.45114
-0.23961
0.026905
0.28711
0.47386
0.53529
0.4529
0.24957
-0.015704
-0.26539
-0.42738
-0.45742
-0.3522
-0.14875
0.089303
0.29377
0.41405
0.43184
0.36359
0.25041
0.13988
0.066909
0.040903
0.044007
0.040657
-0.0054335
-0.11365
-0.27515
-0.45244
-0.5903
-0.6344
-0.55098
-0.34065
-0.041201
0.28168
0.55291
0.70973
0.71966
0.58914
0.36031
0.097438
-0.13255
-0.27917
-0.3215
-0.27162
-0.1681
-0.061995
-2.4306e-15
-0.0098203
-0.091966
-0.21996
-0.34859
-0.42754
-0.4166
-0.29809
-0.083318
0.18876
0.46044
0.66947
0.76505
0.72135
0.54514
0.27494
-0.028098
-0.29565
-0.46985
-0.51841
-0.44282
-0.27712
-0.077639
0.093622
0.18685
0.17826
0.075771
-0.085037
-0.25314
-0.37822
-0.4255
-0.3844
-0.26883
-0.10958
0.057761
0.20452
0.31597
0.39154
0.43883
0.46474
0.46829
0.43865
0.35989
0.22074
0.024993
-0.20235
-0.41702
-0.56623
-0.60527
-0.51429
-0.30868
-0.038459
0.22443
0.40737
0.45999
0.37072
0.17093
-0.075323
-0.29263
-0.41944
-0.42819
-0.33306
-0.18267
-0.04033
0.040908
0.038944
-0.028653
-0.11145
-0.14616
-0.08251
0.094615
0.35537
0.63153
0.83763
0.89958
0.7806
0.49539
0.10729
-0.29065
-0.60433
-0.76724
-0.75947
-0.61101
-0.38902
-0.17371
-0.03184
0.0036227
-0.05897
-0.17656
-0.28886
-0.33989
-0.29606
-0.15519
0.055431
0.28985
0.49834
0.64097
0.69567
0.6597
0.54562
0.37498
0.1728
-0.035515
-0.22505
-0.37157
-0.4533
-0.45503
-0.37398
-0.22474
-0.040269
0.13322
0.24733
0.26579
0.1772
0.0013137
-0.21442
-0.40776
-0.52039
-0.51632
-0.39339
-0.18371
0.057273
0.26941
0.40722
0.45323
0.42032
0.34275
0.25969
0.19814
0.16234
0.13395
0.083148
-0.014188
-0.16056
-0.32952
-0.47093
-0.52792
-0.45943
-0.25982
0.032987
0.3449
0.58744
0.6866
0.60878
0.37395
0.050615
-0.26617
-0.48659
-0.55627
-0.47418
-0.2914
-0.091194
0.042542
0.05705
-0.049115
-0.22497
-0.38568
-0.44432
-0.34511
-0.086302
0.27604
0.64474
0.91306
1
0.87709
0.57746
0.18436
-0.19641
-0.47036
-0.58283
-0.53271
-0.36779
-0.1645
3.6401e-06
0.073078
0.040928
-0.071879
-0.21589
-0.33701
-0.39533
-0.37608
-0.28958
-0.16212
-0.02269
0.10814
0.22271
0.32299
0.41214
0.48578
0.52813
0.51557
0.42693
0.25615
0.021531
-0.23338
-0.44922
-0.56814
-0.55346
-0.40417
-0.15854
0.11534
0.33964
0.45083
0.41958
0.25961
0.022369
-0.22054
-0.40087
-0.4751
-0.43623
-0.31243
-0.15362
-0.011455
0.079605
0.11323
0.1104
0.10758
0.13895
0.21972
0.33713
0.45289
0.5162
0.4828
0.33299
0.081981
-0.22133
-0.50722
-0.70544
-0.76617
-0.67506
-0.45732
-0.16993
0.11548
0.33338
0.44229
0.43469
0.33629
0.19562
0.067447
-0.0044071
-4.635e-15
0.071759
0.17703
0.26827
0.29937
0.24008
0.086004
-0.13872
-0.38665
-0.59883
-0.72005
-0.71372
-0.57236
-0.32087
-0.01139
0.28917
0.51588
0.62245
0.59324
0.4472
0.23222
0.011593
-0.15391
-0.22294
-0.18455
-0.060019
0.10499
0.25516
0.34252
0.34011
0.24824
0.091758
-0.090091
-0.25724
-0.38068
-0.44873
-0.46586
-0.44553
-0.40079
-0.33688
-0.24957
-0.12989
0.026881
0.21215
0.39972
0.54923
0.61739
0.57344
0.4132
0.16568
-0.11126
-0.34604
-0.47489
-0.46258
-0.31491
-0.078081
0.17558
0.37088
0.45419
0.41047
0.26671
0.080516
-0.081995
-0.171
-0.17119
-0.10671
-0.030658
-0.0031609
-0.066033
-0.22367
-0.43765
-0.63757
-0.74463
-0.69979
-0.4864
-0.13902
0.26507
0.62888
0.86563
0.9253
0.80901
0.56649
0.27817
0.028271
-0.12175
-0.15055
-0.07996
0.036365
0.13378
0.15928
0.088254
-0.069635
-0.27619
-0.47882
-0.62738
-0.68787
-0.64917
-0.52192
-0.3319
-0.11128
0.10866
0.30137
0.44595
0.52664
0.53327
0.46352
0.32656
0.14569
-0.042598
-0.19478
-0.27106
-0.24789
-0.1277
0.058371
0.25706
0.40758
0.46021
0.39233
0.21647
-0.023196
-0.26481
-0.44861
-0.53559
-0.51834
-0.42031
-0.28416
-0.15394
-0.058256
-0.0011156
0.035996
0.081864
0.15845
0.26647
0.38026
0.45494
0.44388
0.31974
0.090673
-0.19573
-0.46354
-0.6319
-0.6427
-0.48259
-0.19053
0.15258
0.44944
0.61836
0.62051
0.47246
0.23921
0.010001
-0.13447
-0.15158
-0.052165
0.10395
0.23086
0.24966
0.11957
-0.1443
-0.47333
-0.76724
-0.92786
-0.8929
-0.6579
-0.27854
0.14707
0.50998
0.72461
0.75407
0.61832
0.38339
0.13638
-0.044432
-0.11371
-0.06992
0.049732
0.18682
0.28424
0.3053
0.24286
0.11673
-0.038147
-0.18672
-0.30561
-0.38734
-0.4364
-0.46021
-0.46026
-0.42818
-0.34924
-0.21183
-0.018502
0.20693
0.4207
0.56967
0.60838
0.51636
0.30885
0.036287
-0.22869
-0.41269
-0.46462
-0.37218
-0.16599
0.090274
0.32056
0.46064
0.47761
0.37812
0.20288
0.010005
-0.14634
-0.23421
-0.25246
-0.22705
-0.19703
-0.19615
-0.23717
-0.30529
-0.36312
-0.36533
-0.27758
-0.092482
0.16349
0.43504
0.65365
0.75853
0.71596
0.53062
0.24495
-0.072905
-0.34881
-0.52362
-0.56891
-0.49294
-0.33556
-0.15409
-0.0050255
0.072712
0.068228
8.9592e-15
-0.091662
-0.15839
-0.15943
-0.074778
0.088025
0.29497
0.49426
0.63013
0.65812
0.55787
0.33988
0.044396
-0.26757
-0.52903
-0.6839
-0.70147
-0.58462
-0.36913
-0.11402
0.1144
0.26073
0.29531
0.22166
0.07415
-0.093378
-0.22424
-0.27582
-0.23126
-0.10277
0.074435
0.25463
0.39624
0.47337
0.48061
0.43008
0.34285
0.23854
0.12798
0.011676
-0.11534
-0.25496
-0.39791
-0.52077
-0.59028
-0.57438
-0.4561
-0.24474
0.020917
0.27998
0.46603
0.52783
0.44716
0.24681
-0.014638
-0.2603
-0.41924
-0.44918
-0.34969
-0.16105
0.051012
0.21919
0.29863
0.28216
0.2012
0.11197
0.072009
0.11592
0.23954
0.39883
0.52432
0.54629
0.42153
0.15201
-0.2117
-0.584
-0.87026
-0.99666
-0.93354
-0.70425
-0.37687
-0.041663
0.21762
0.34903
0.34589
0.24475
0.10946
0.0075418
-0.012636
0.063598
0.21508
0.39454
0.54578
0.62172
0.5974
0.47446
0.27709
0.04243
-0.19032
-0.38825
-0.52864
-0.59901
-0.59515
-0.51974
-0.38258
-0.20222
-0.006802
0.16794
0.28498
0.31573
0.25012
0.10324
-0.085187
-0.25975
-0.36485
-0.36199
-0.24307
-0.034457
0.21018
0.42619
0.55821
0.57716
0.48803
0.32582
0.14117
-0.018463
-0.12505
-0.1773
-0.19657
-0.21325
-0.24972
-0.30723
-0.36266
-0.3772
-0.31387
-0.15681
0.075732
0.3312
0.53662
0.62256
0.54873
0.32148
-0.0041079
-0.33933
-0.58973
-0.68622
-0.60832
-0.39095
-0.11189
0.13589
0.27725
0.28137
0.17182
0.016722
-0.097886
-0.10151
0.032612
0.27521
0.54918
0.7557
0.80901
0.66745
0.3497
-0.069591
-0.48318
-0.78545
-0.90558
-0.82835
-0.59605
-0.2916
-0.0094927
0.17493
0.22734
0.16081
0.025803
-0.11126
-0.19232
-0.18609
-0.094755
0.051869
0.21099
0.34353
0.42618
0.45488
0.43964
0.39445
0.32785
0.23876
0.11975
-0.034224
-0.21599
-0.40077
-0.5488
-0.61648
-0.57224
-0.41117
-0.1621
0.11667
0.35285
0.48196
0.46829
0.31743
0.075511
-0.18483
-0.38728
-0.47571
-0.43091
-0.27458
-0.059642
0.14932
0.29828
0.36058
0.34268
0.27743
0.20786
0.16825
0.16982
0.19645
0.21203
0.1764
0.063765
-0.12365
-0.35201
-0.56419
-0.69723
-0.70308
-0.56549
-0.30708
0.015765
0.32865
0.56043
0.66323
0.62503
0.47118
0.25484
0.039875
-0.11838
-0.18851
-0.17028
-0.092082
-8.0265e-15
0.057871
0.046966
-0.042802
-0.19361
-0.36456
-0.50316
-0.56028
-0.50448
-0.33189
-0.068895
0.23306
0.50958
0.69928
0.75956
0.678
0.47614
0.20434
-0.071223
-0.28595
-0.39401
-0.38032
-0.26371
-0.090539
0.07969
0.19208
0.21214
0.1349
-0.015467
-0.19478
-0.3535
-0.45186
-0.47028
-0.41221
-0.299
-0.1595
-0.019003
0.10819
0.2198
0.32037
0.41269
0.49045
0.53585
0.52433
0.43507
0.26306
0.027628
-0.22733
-0.44278
-0.56164
-0.5478
-0.40043
-0.1575
0.11354
0.33562
0.4462
0.41731
0.26435
0.04035
-0.18271
-0.33885
-0.3905
-0.34034
-0.22803
-0.11334
-0.051636
-0.071178
-0.16078
-0.27273
-0.34036
-0.30385
-0.135
0.14849
0.48481
0.7858
0.96492
0.96566
0.78061
0.45459
0.070654
-0.27604
-0.50756
-0.58594
-0.52188
-0.36741
-0.19558
-0.074836
-0.047031
-0.11591
-0.24922
-0.39242
-0.48833
-0.49566
-0.40042
-0.21747
0.01689
0.2573
0.46191
0.60106
0.66034
0.63895
0.54575
0.39572
0.20838
0.0077847
-0.17754
-0.31694
-0.38319
-0.36043
-0.25173
-0.082658
0.10189
0.24818
0.30897
0.25891
0.10434
-0.11645
-0.3436
-0.51371
-0.57953
-0.52462
-0.36761
-0.15459
0.057561
0.22066
0.31027
0.33078
0.309
0.2791
0.26558
0.2713
0.27604
0.24641
0.15319
-0.011068
-0.22212
-0.42685
-0.55906
-0.56317
-0.41689
-0.14413
0.18806
0.4884
0.67042
0.68142
0.52102
0.24193
-0.067627
-0.31423
-0.43138
-0.4021
-0.26344
-0.091414
0.028516
0.034486
-0.087293
-0.29578
-0.50878
-0.63236
-0.59538
-0.37687
-0.016058
0.39836
0.75631
0.96186
0.96372
0.7707
0.44685
0.088877
-0.20593
-0.36997
-0.38376
-0.27707
-0.11371
0.033428
0.10761
0.085165
-0.021075
-0.1713
-0.31622
-0.41512
-0.44768
-0.41599
-0.33769
-0.2344
-0.12144
-0.0034323
0.1226
0.25882
0.39764
0.51729
0.58527
0.56919
0.45114
0.23961
-0.026905
-0.28711
-0.47386
-0.53529
-0.4529
-0.24957
0.015704
0.26539
0.42738
0.45742
0.3522
0.14875
-0.089303
-0.29377
-0.41405
-0.43184
-0.36359
-0.25041
-0.13988
-0.066909
-0.040903
-0.044007
-0.040657
0.0054335
0.11365
0.27515
0.45244
0.5903
0.6344
0.55098
0.34065
0.041201
-0.28168
-0.55291
-0.70973
-0.71966
-0.58914
-0.36031
-0.097438
0.13255
0.27917
0.3215
0.27162
0.1681
0.061995
2.4306e-15
0.0098203
0.091966
0.21996
0.34859
0.42754
0.4166
0.29809
0.083318
-0.18876
-0.46044
-0.66947
-0.76505
-0.72135
-0.54514
-0.27494
0.028098
0.29565
0.46985
0.51841
0.44282
0.27712
0.077639
-0.093622
-0.18685
-0.17826
-0.075771
0.085037
0.25314
0.37822
0.4255
0.3844
0.26883
0.10958
-0.057761
-0.20452
-0.31597
-0.39154
-0.43883
-0.46474
-0.46829
-0.43865
-0.35989
-0.22074
-0.024993
0.20235
0.41702
0.56623
0.60527
0.51429
0.30868
0.038459
-0.22443
-0.40737
-0.45999
-0.37072
-0.17093
0.075323
0.29263
0.41944
0.42819
0.33306
0.18267
0.04033
-0.040908
-0.038944
0.028653
0.11145
0.14616
0.08251
-0.094615
-0.35537
-0.63153
-0.83763
-0.89958
-0.7806
-0.49539
-0.10729
0.29065
0.60433
0.76724
0.75947
0.61101
0.38902
0.17371
0.03184
-0.0036227
0.05897
0.17656
0.28886
0.33989
0.29606
0.15519
-0.055431
-0.28985
-0.49834
-0.64097
-0.69567
-0.6597
-0.54562
-0.37498
-0.1728
0.035515
0.22505
0.37157
0.4533
0.45503
0.37398
0.22474
0.040269
-0.13322
-0.24733
-0.26579
-0.1772
-0.0013137
0.21442
0.40776
0.52039
0.51632
0.39339
0.18371
-0.057273
-0.26941
-0.40722
-0.45323
-0.42032
-0.34275
-0.25969
-0.19814
-0.16234
-0.13395
-0.083148
0.014188
0.16056
0.32952
0.47093
0.52792
0.45943
0.25982
-0.032987
-0.3449
-0.58744
-0.6866
-0.60878
-0.37395
-0.050615
0.26617
0.48659
0.55627
0.47418
0.2914
0.091194
-0.042542
-0.05705
0.049115
0.22497
0.38568
0.44432
0.34511
0.086302
-0.27604
-0.64474
-0.91306
-1
-0.87709
-0.57746
-0.18436
0.19641
0.47036
0.58283
0.53271
0.36779
0.1645
-3.6401e-06
-0.073078
-0.040928
0.071879
0.21589
0.33701
0.39533
0.37608
0.28958
0.16212
0.02269
-0.10814
-0.22271
-0.32299
-0.41214
-0.48578
-0.52813
-0.51557
-0.42693
-0.25615
-0.021531
0.23338
0.44922
0.56814
0.55346
0.40417
0.15854
-0.11534
-0.33964
-0.45083
-0.41958
-0.25961
-0.022369
0.22054
0.40087
0.4751
0.43623
0.31243
0.15362
0.011455
-0.079605
-0.11323
-0.1104
-0.10758
-0.13895
-0.21972
-0.33713
-0.45289
-0.5162
-0.4828
-0.33299
-0.081981
0.22133
0.50722
0.70544
0.76617
0.67506
0.45732
0.16993
-0.11548
-0.33338
-0.44229
-0.43469
-0.33629
-0.19562
-0.067447
0.0044071
4.635e-15
-0.071759
-0.17703
-0.26827
-0.29937
-0.24008
-0.086004
0.13872
0.38665
0.59883
0.72005
0.71372
0.57236
0.32087
0.01139
-0.28917
-0.51588
-0.62245
-0.59324
-0.4472
-0.23222
-0.011593
0.15391
0.22294
0.18455
0.060019
-0.10499
-0.25516
-0.34252
-0.34011
-0.24824
-0.091758
0.090091
0.25724
0.38068
0.44873
0.46586
0.44553
0.40079
0.33688
0.24957
0.12989
-0.026881
-0.21215
-0.39972
-0.54923
-0.61739
-0.57344
-0.4132
-0.16568
0.11126
0.34604
0.47489
0.46258
0.31491
0.078081
-0.17558
-0.37088
-0.45419
-0.41047
-0.26671
-0.080516
0.081995
0.171
0.17119
0.10671
0.030658
0.0031609
0.066033
0.22367
0.43765
0.63757
0.74463
0.69979
0.4864
0.13902
-0.26507
-0.62888
-0.86563
-0.9253
-0.80901
-0.56649
-0.27817
-0.028271
0.12175
0.15055
0.07996
-0.036365
-0.13378
-0.15928
-0.088254
0.069635
0.27619
0.47882
0.62738
0.68787
0.64917
0.52192
0.3319
0.11128
-0.10866
-0.30137
-0.44595
-0.52664
-0.53327
-0.46352
-0.32656
-0.14569
0.042598
0.19478
0.27106
0.24789
0.1277
-0.058371
-0.25706
-0.40758
-0.46021
-0.39233
-0.21647
0.023196
0.26481
0.44861
0.53559
0.51834
0.42031
0.28416
0.15394
0.058256
0.0011156
-0.035996
-0.081864
-0.15845
-0.26647
-0.38026
-0.45494
-0.44388
-0.31974
-0.090673
0.19573
0.46354
0.6319
0.6427
0.48259
0.19053
-0.15258
-0.44944
-0.61836
-0.62051
-0.47246
-0.23921
-0.010001
0.13447
0.15158
0.052165
-0.10395
-0.23086
-0.24966
-0.11957
0.1443
0.47333
0.76724
0.92786
0.8929
0.6579
0.27854
-0.14707
-0.50998
-0.72461
-0.75407
-0.61832
-0.38339
-0.13638
0.044432
0.11371
0.06992
-0.049732
-0.18682
-0.28424
-0.3053
-0.24286
-0.11673
0.038147
0.18672
0.30561
0.38734
0.4364
0.46021
0.46026
0.42818
0.34924
0.21183
0.018502
-0.20693
-0.4207
-0.56967
-0.60838
-0.51636
-0.30885
-0.036287
0.22869
0.41269
0.46462
0.37218
0.16599
-0.090274
-0.32056
-0.46064
-0.47761
-0.37812
-0.20288
-0.010005
0.14634
0.23421
0.25246
0.22705
0.19703
0.19615
0.23717
0.30529
0.36312
0.36533
0.27758
0.092482
-0.16349
-0.43504
-0.65365
-0.75853
-0.71596
-0.53062
-0.24495
0.072905
0.34881
0.52362
0.56891
0.49294
0.33556
0.15409
0.0050255
-0.072712
-0.068228
-8.9592e-15
0.091662
0.15839
0.15943
0.074778
-0.088025
-0.29497
-0.49426
-0.63013
-0.65812
-0.55787
-0.33988
-0.044396
0.26757
0.52903
0.6839
0.70147
0.58462
0.36913
0.11402
-0.1144
-0.26073
-0.29531
-0.22166
-0.07415
0.093378
0.22424
0.27582
0.23126
0.10277
-0.074435
-0.25463
-0.39624
-0.47337
-0.48061
-0.43008
-0.34285
-0.23854
-0.12798
-0.011676
0.11534
0.25496
0.39791
0.52077
0.59028
0.57438
0.4561
0.24474
-0.020917
-0.27998
-0.46603
-0.52783
-0.44716
-0.24681
0.014638
0.2603
0.41924
0.44918
0.34969
0.16105
-0.051012
-0.21919
-0.29863
-0.28216
-0.2012
-0.11197
-0.072009
-0.11592
-0.23954
-0.39883
-0.52432
-0.54629
-0.42153
-0.15201
0.2117
0.584
0.87026
0.99666
0.93354
0.70425
0.37687
0.041663
-0.21762
-0.34903
-0.34589
-0.24475
-0.10946
-0.0075418
0.012636
-0.063598
-0.21508
-0.39454
-0.54578
-0.62172
-0.5974
-0.47446
-0.27709
-0.04243
0.19032
0.38825
0.52864
0.59901
0.59515
0.51974
0.38258
0.20222
0.006802
-0.16794
-0.28498
-0.31573
-0.25012
-0.10324
0.085187
0.25975
0.36485
0.36199
0.24307
0.034457
-0.21018
-0.42619
-0.55821
-0.57716
-0.48803
-0.32582
-0.14117
0.018463
0.12505
0.1773
0.19657
0.21325
0.24972
0.30723
0.36266
0.3772
0.31387
0.15681
-0.075732
-0.3312
-0.53662
-0.62256
-0.54873
-0.32148
0.0041079
0.33933
0.58973
0.68622
0.60832
0.39095
0.11189
-0.13589
-0.27725
-0.28137
-0.17182
-0.016722
0.097886
0.10151
-0.032612
-0.27521
-0.54918
-0.7557
-0.80901
-0.66745
-0.3497
0.069591
0.48318
0.78545
0.90558
0.82835
0.59605
0.2916
0.0094927
-0.17493
-0.22734
-0.16081
-0.025803
0.11126
0.19232
0.18609
0.094755
-0.051869
-0.21099
-0.34353
-0.42618
-0.45488
-0.43964
-0.39445
-0.32785
-0.23876
-0.11975
0.034224
0.21599
0.40077
0.5488
0.61648
0.57224
0.41117
0.1621
-0.11667
-0.35285
-0.48196
-0.46829
-0.31743
-0.075511
0.18483
0.38728
0.47571
0.43091
0.27458
0.059642
-0.14932
-0.29828
-0.36058
-0.34268
-0.27743
-0.20786
-0.16825
-0.16982
-0.19645
-0.21203
-0.1764
-0.063765
0.12365
0.35201
0.56419
0.69723
0.70308
0.56549
0.30708
-0.015765
-0.32865
-0.56043
-0.66323
-0.62503
-0.47118
-0.25484
-0.039875
0.11838
0.18851
0.17028
0.092082
8.0265e-15
-0.057871
-0.046966
0.042802
0.19361
0.36456
0.50316
0.56028
0.50448
0.33189
0.068895
-0.23306
-0.50958
-0.69928
-0.75956
-0.678
-0.47614
-0.20434
0.071223
0.28595
0.39401
0.38032
0.26371
0.090539
-0.07969
-0.19208
-0.21214
-0.1349
0.015467
0.19478
0.3535
0.45186
0.47028
0.41221
0.299
0.1595
0.019003
-0.10819
-0.2198
-0.32037
-0.41269
-0.49045
-0.53585
-0.52433
-0.43507
-0.26306
-0.027628
0.22733
0.44278
0.56164
0.5478
0.40043
0.1575
-0.11354
-0.33562
-0.4462
-0.41731
-0.26435
-0.04035
0.18271
0.33885
0.3905
0.34034
0.22803
0.11334
0.051636
0.071178
0.16078
0.27273
0.34036
0.30385
0.135
-0.14849
-0.48481
-0.7858
-0.96492
-0.96566
-0.78061
-0.45459
-0.070654
0.27604
0.50756
0.58594
0.52188
0.36741
0.19558
0.074836
0.047031
0.11591
0.24922
0.39242
0.48833
0.49566
0.40042
0.21747
-0.01689
-0.2573
-0.46191
-0.60106
-0.66034
-0.63895
-0.54575
-0.39572
-0.20838
-0.0077847
0.17754
0.31694
0.38319
0.36043
0.25173
0.082658
-0.10189
-0.24818
-0.30897
-0.25891
-0.10434
0.11645
0.3436
0.51371
0.57953
