0
0
0
0
0
0
0
0
0
0
0
0
0
0
0
0
0
0
0
0
0
0
0
0
0
0
0
0
0
0
0
0
0
0
0
0
0
0
0
0
0
0
0
0
0
0
0
0
0
0
0
0
0
0
0
0
0
0
0
0
0
0
0
0
0
0
0
0
0
0
0
0
0
0
0
0
0
0
0
0
0
0
0
0
0
0
0
0
0
0
0
0
0
0
0
0
0
0
0
0
0
0
0
0
0
0
0
0
0
0
0
0
0
0
0
0
0
0
0
0
0
0
0
0
0
0
0
0
0
0
0
0
0
0
0
0
0
0
0
0
0
0
0
0
0
0
0
0
0
0
0
0
0
0
0
0
0
0
0
0
0
0
0
0
0
0
0
0
0
0
0
0
0
0
0
0
0
0
0
0
0
0
0
0
0
0
0
0
0
0
0
0
0
0
0
0
0
0
0
0
0
0
0
0
0
0
0
0
0
0
0
0
0
0
0
0
0
0
0
0
0
0
0
0
0
0
0
0
0
0
0
0
0
0
0
0
0
0
0
0
0
0
0
0
0
0
0
0
0
0
0
0
0
0
0
0
0
0
0
0
0
0
0
0
0
0
0
0
0
0
-0.84119
-0.77247
-0.67267
-0.56553
-0.46392
-0.36522
-0.25486
-0.11615
0.058477
0.26033
0.46519
0.64172
0.76363
0.81992
0.81822
0.77973
0.72815
0.67802
0.62809
0.56306
0.46264
0.31379
0.1198
-0.098137
-0.30797
-0.47911
-0.59428
-0.65529
-0.67984
-0.69117
-0.70535
-0.72266
-0.72719
-0.69492
-0.60644
-0.45808
-0.26591
-0.060592
0.12473
0.26762
0.3645
0.42974
0.48623
0.55212
0.63005
0.70445
0.74813
0.73519
0.65397
0.51376
0.34179
0.17201
0.030785
-0.073567
-0.15238
-0.22867
-0.32341
-0.44293
-0.57351
-0.68609
-0.74888
-0.7419
-0.6664
-0.54458
-0.40957
-0.29054
-0.19996
-0.12927
-0.055014
0.047506
0.18976
0.3618
0.53453
0.67146
0.74451
0.74617
0.6922
0.61349
0.5409
0.49051
0.45633
0.41413
0.33457
0.1993
0.012117
-0.20036
-0.39899
-0.54868
-0.63313
-0.66089
-0.65955
-0.66094
-0.6845
-0.72691
-0.76309
-0.75831
-0.68548
-0.53944
-0.34103
-0.12892
0.056981
0.19284
0.28031
0.34373
0.41618
0.52135
0.65987
0.807
0.92292
0.9709
0.93445
0.82534
0.67838
0.53527
0.42539
0.35267
0.29496
0.21638
0.086634
-0.10197
-0.3283
-0.55012
-0.72223
-0.81645
-0.83381
-0.80292
-0.76531
-0.75454
-0.77941
-0.81929
-0.83412
-0.7843
-0.651
-0.44687
-0.21195
0.0037059
0.16222
0.25448
0.30286
0.34877
0.43089
0.56454
0.73243
0.89124
0.99132
1
0.91731
0.77634
0.62791
0.51677
0.4606
0.44226
0.41895
0.34422
0.19213
-0.028068
-0.27412
-0.48899
-0.62663
-0.67289
-0.65137
-0.61135
-0.60321
-0.65326
-0.75017
-0.84967
-0.89562
-0.84742
-0.70054
-0.49009
-0.27551
-0.11331
-0.030999
-0.014823
-0.017257
0.018926
0.13158
0.3191
0.53925
0.72779
0.82824
0.81848
0.72145
0.59434
0.50129
0.48254
0.53482
0.61275
0.65078
0.59543
0.43238
0.19514
-0.049157
-0.23044
-0.30823
-0.29052
-0.22946
-0.19585
-0.24418
-0.38515
-0.57906
-0.75351
-0.83746
-0.79532
-0.64473
-0.4491
-0.28812
-0.22006
-0.25391
-0.3449
-0.41603
-0.39555
-0.25263
-0.013949
0.24714
0.44415
0.51797
0.46496
0.33891
0.2255
0.20105
0.29519
0.47548
0.66175
0.7638
0.72475
0.54927
0.30282
0.081795
-0.03164
-0.0086459
0.1122
0.24297
0.28849
0.19269
-0.032985
-0.31309
-0.5425
-0.63566
-0.56746
-0.3859
-0.1901
-0.083526
-0.12432
-0.29662
-0.51683
-0.67259
-0.67626
-0.50768
-0.2255
0.05889
0.23308
0.23678
0.09094
-0.11132
-0.24847
-0.22866
-0.034643
0.26608
0.55145
0.70163
0.65586
0.44228
0.16597
-0.039691
-0.076055
0.073335
0.33355
0.57246
0.66285
0.54328
0.24894
-0.10291
-0.36662
-0.43635
-0.29648
-0.030202
0.21859
0.31288
0.18794
-0.11635
-0.4722
-0.72264
-0.75505
-0.55513
-0.21533
0.10699
0.26266
0.18119
-0.094794
-0.4279
-0.64949
-0.63893
-0.38164
0.021892
0.4011
0.59411
0.52366
0.23451
-0.12595
-0.37556
-0.38273
-0.12926
0.27908
0.66003
0.83903
0.73105
0.38188
-0.051242
-0.37145
-0.43359
-0.21275
0.18253
0.55921
0.72888
0.59614
0.20465
-0.28082
-0.64928
-0.74078
-0.52137
-0.10038
0.31875
0.53199
0.42967
0.048813
-0.44206
-0.81939
-0.9075
-0.66066
-0.18586
0.30475
0.59066
0.54472
0.19279
-0.29672
-0.68921
-0.79164
-0.54223
-0.040532
0.49657
0.83325
0.8228
0.47574
-0.043778
-0.49209
-0.65725
-0.45658
0.024326
0.56941
0.93
0.9383
0.58471
0.023387
-0.49692
-0.74556
-0.61503
-0.17049
0.37917
0.77572
0.8289
0.5033
-0.064742
-0.62805
-0.94003
-0.8661
-0.44473
0.1296
0.59399
0.73565
0.48791
-0.039496
-0.60974
-0.96528
-0.94361
-0.55023
0.043863
0.57882
0.82223
0.67278
0.20511
-0.36418
-0.77367
-0.83383
-0.51119
0.057293
0.62574
0.94876
0.89004
0.48181
-0.090542
-0.57146
-0.74843
-0.54517
-0.054067
0.50599
0.88679
0.9199
0.58954
0.037937
-0.49838
-0.7926
-0.72601
-0.338
0.19324
0.62991
0.77834
0.57205
0.098559
-0.44055
-0.81788
-0.87802
-0.60272
-0.11624
0.37019
0.64977
0.60782
0.26861
-0.21766
-0.64069
-0.81992
-0.67983
-0.27954
0.21457
0.60035
0.72473
0.54609
0.14911
-0.29299
-0.59183
-0.6218
-0.37043
0.058621
0.49015
0.75017
0.73659
0.45944
0.03481
-0.3638
-0.57637
-0.52063
-0.22409
0.18843
0.54604
0.70076
0.58669
0.2459
-0.18894
-0.54782
-0.69132
-0.56618
-0.22651
0.18773
0.50652
0.59769
0.42013
0.041039
-0.39012
-0.70077
-0.76436
-0.5518
-0.14455
0.29682
0.59625
0.63319
0.39224
-0.029024
-0.45787
-0.71555
-0.69001
-0.38283
0.08945
0.54093
0.7911
0.73868
0.40428
-0.076272
-0.50587
-0.70614
-0.59091
-0.20275
0.30282
0.71985
0.87586
0.70304
0.26703
-0.25881
-0.66355
-0.78477
-0.57531
-0.12297
0.38493
0.73788
0.78815
0.5111
0.015278
-0.50191
-0.83451
-0.85155
-0.54966
-0.053607
0.43498
0.71955
0.68762
0.35506
-0.14177
-0.60205
-0.84153
-0.76564
-0.40564
0.095809
0.54286
0.76454
0.68128
0.33412
-0.13391
-0.53574
-0.71384
-0.60045
-0.24162
0.22307
0.61614
0.79065
0.68521
0.34518
-0.096981
-0.47343
-0.64454
-0.55038
-0.23137
0.18866
0.54976
0.7155
0.62296
0.30502
-0.12255
-0.50421
-0.70178
-0.64504
-0.35735
0.052763
0.43128
0.63512
0.58506
0.29571
-0.12869
-0.53177
-0.76245
-0.73141
-0.44567
-0.0077092
0.42125
0.68089
0.67246
0.39732
-0.041625
-0.47728
-0.74087
-0.7265
-0.4327
0.035183
0.50372
0.79687
0.80341
0.52032
0.054981
-0.4151
-0.70989
-0.71585
-0.42969
0.040128
0.51478
0.81339
0.82205
0.5368
0.06455
-0.41828
-0.73307
-0.76628
-0.51126
-0.069122
0.39089
0.69566
0.73257
0.48996
0.059208
-0.40108
-0.7246
-0.79798
-0.60036
-0.20849
0.23347
0.56717
0.6766
0.52797
0.17941
-0.24171
-0.5848
-0.72884
-0.6237
-0.3061
0.11424
0.49315
0.70168
0.67007
0.4114
0.017036
-0.37455
-0.62512
-0.64442
-0.42198
-0.031939
0.3914
0.69946
0.78134
0.60374
0.22449
-0.22596
-0.58951
-0.73632
-0.61216
-0.2594
0.1963
0.59002
0.7767
0.6842
0.34059
-0.13478
-0.57364
-0.81962
-0.78508
-0.48321
-0.023407
0.42848
0.71026
0.72196
0.46131
0.023633
-0.43351
-0.7474
-0.80809
-0.59637
-0.18867
0.27188
0.62693
0.75824
0.62733
0.28634
-0.14239
-0.50998
-0.69191
-0.62907
-0.34544
0.062062
0.45743
0.71095
0.74121
0.5406
0.17654
-0.23117
-0.54938
-0.67452
-0.56598
-0.25949
0.14392
0.51009
0.71513
0.68647
0.42792
0.020199
-0.40422
-0.70434
-0.77809
-0.598
-0.2224
0.2226
0.5849
0.73847
0.62739
0.28649
-0.16941
-0.58436
-0.81508
-0.78082
-0.49163
-0.045041
0.40778
0.71444
0.7737
0.56962
0.17585
-0.27097
-0.61872
-0.75139
-0.62713
-0.29024
0.14589
0.53808
0.76094
0.74689
0.50587
0.11967
-0.28632
-0.58375
-0.68137
-0.55223
-0.24044
0.15384
0.50584
0.70451
0.68625
0.45434
0.078218
-0.32719
-0.63632
-0.75176
-0.63533
-0.32153
0.091512
0.47176
0.69489
0.68486
0.44013
0.036129
-0.39766
-0.71931
-0.82135
-0.66705
-0.3038
0.15175
0.55195
0.76715
0.72881
0.45202
0.029994
-0.39751
-0.6907
-0.75547
-0.57306
-0.20438
0.23158
0.59736
0.78094
0.72995
0.46583
0.074558
-0.32185
-0.60344
-0.68802
-0.55428
-0.24625
0.14125
0.49118
0.69847
0.7003
0.49413
0.13863
-0.26276
-0.59158
-0.74894
-0.68558
-0.41797
-0.02529
0.37297
0.65276
0.72402
0.5601
0.20794
-0.22488
-0.60311
-0.80655
-0.76883
-0.49945
-0.081291
0.35556
0.67546
0.78051
0.64126
0.30513
-0.11992
-0.50048
-0.7198
-0.71328
-0.48655
-0.1113
0.29853
0.62217
0.76753
0.69675
0.43488
0.060565
-0.31774
-0.59271
-0.68772
-0.57738
-0.29398
0.081439
0.44126
0.68085
0.72803
0.56438
0.23214
-0.17608
-0.54269
-0.75919
-0.759
-0.53893
-0.16218
0.25923
0.59776
0.74948
0.66664
0.37315
-0.042381
-0.45394
-0.73709
-0.80726
-0.645
-0.30074
0.12204
0.49924
0.72347
0.73496
0.53695
0.19216
-0.19745
-0.52086
-0.68881
-0.65717
-0.43714
-0.090474
0.28795
0.59555
0.74886
0.70537
0.475
0.1184
-0.26824
-0.57826
-0.72369
-0.66063
-0.40335
-0.022502
0.37344
0.66871
0.77432
0.65536
0.34265
-0.075267
-0.47798
-0.74909
-0.81102
-0.64794
-0.30971
0.1039
0.4736
0.69567
0.71126
0.52135
0.184
-0.2042
-0.53614
-0.72334
-0.7184
-0.52546
-0.19717
0.18017
0.509
0.70492
0.71758
0.54333
0.22684
-0.14928
-0.48471
-0.68734
-0.69835
-0.50969
-0.16855
0.23371
0.58573
0.78748
0.77944
0.56083
0.19097
-0.22732
-0.57738
-0.76249
-0.73363
-0.50275
-0.13801
0.25702
0.57347
0.72725
0.68084
0.451
0.10178
-0.27438
-0.58131
-0.74309
-0.72161
-0.52448
-0.20203
0.16522
0.48566
0.67842
0.69316
0.52343
0.20995
-0.16781
-0.51071
-0.72545
-0.75021
-0.573
-0.2369
0.17015
0.539
0.76963
0.79958
0.62171
0.286
-0.1151
-0.4731
-0.69378
-0.72231
-0.55635
-0.24432
0.12968
0.46916
0.68991
0.7398
0.60958
0.33303
-0.022374
-0.37171
-0.63193
-0.74066
-0.6706
-0.43677
-0.094429
0.2726
0.57144
0.72331
0.68483
0.46114
0.10674
-0.28741
-0.61764
-0.79573
-0.77346
-0.55612
-0.20105
0.19853
0.53942
0.73624
0.74336
0.56505
0.2519
-0.11434
-0.44254
-0.65451
-0.70243
-0.57803
-0.31255
0.031551
0.37477
0.63777
0.75851
0.70629
0.4897
0.15648
-0.2158
-0.53704
-0.72648
-0.73387
-0.55406
-0.23022
0.15596
0.5052
0.72692
0.76369
0.60643
0.29628
-0.087311
-0.4484
-0.69967
-0.78395
-0.68658
-0.43635
-0.096051
0.25395
0.53444
0.68426
0.67219
0.50244
0.21322
-0.13103
-0.4525
-0.67626
-0.74698
-0.64274
-0.3823
-0.023014
0.35111
0.64936
0.79732
0.75685
0.5369
0.19201
-0.19182
-0.51963
-0.71221
-0.72578
-0.56174
-0.26411
0.093364
0.42647
0.6604
0.74566
0.66692
0.44407
0.12635
-0.21832
-0.5169
-0.70542
-0.74182
-0.6154
-0.35081
-0.0047571
0.34477
0.6156
0.7411
0.68755
0.46427
0.12276
-0.25535
-0.57879
-0.76995
-0.78439
-0.62127
-0.32204
0.041488
0.38583
0.63583
0.74087
0.68398
0.48283
0.18377
-0.14883
-0.44547
-0.6444
-0.70301
-0.60626
-0.37079
-0.043408
0.30681
0.60219
0.77378
0.77833
0.61031
0.30515
-0.068035
-0.42292
-0.67738
-0.77394
-0.69357
-0.45919
-0.12844
0.22168
0.51364
0.68651
0.70769
0.57722
0.32529
0.00446
-0.32096
-0.58655
-0.73898
-0.74569
-0.60174
-0.33253
0.0090972
0.35203
0.62132
0.75527
0.72094
0.52361
0.20696
-0.15669
-0.48381
-0.70018
-0.75855
-0.64908
-0.39979
-0.067989
0.27439
0.55721
0.72616
0.75183
0.63307
0.39523
0.084578
-0.23971
-0.51532
-0.68732
-0.71866
-0.59872
-0.34779
-0.015388
0.32848
0.60808
0.7595
0.74653
0.57018
0.26896
-0.090487
-0.42969
-0.67704
-0.7837
-0.73298
-0.5414
-0.25243
0.074502
0.37635
0.59772
0.69933
0.66346
0.49627
0.2274
-0.09382
-0.40562
-0.64452
-0.75813
-0.71751
-0.52558
-0.21876
0.13969
0.47359
0.71158
0.80395
0.73388
0.52028
0.21169
-0.1262
-0.42575
-0.63114
-0.70782
-0.64652
-0.4624
-0.19073
0.11936
0.41227
0.63402
0.74089
0.70787
0.5352
0.25105
-0.091696
-0.42486
-0.67931
-0.80086
-0.76342
-0.57548
-0.27811
0.065199
0.38366
0.61507
0.71821
0.67933
0.51188
0.25121
-0.053673
-0.34885
-0.58353
-0.7168
-0.72335
-0.59799
-0.35822
-0.04365
0.28901
0.57569
0.75796
0.7965
0.68118
0.43459
0.10756
-0.23252
-0.51718
-0.692
-0.72744
-0.62287
-0.40391
-0.1148
0.19143
0.46227
0.65323
0.7331
0.68748
0.52102
0.25805
-0.059106
-0.37532
-0.63163
-0.7768
-0.77913
-0.63499
-0.37128
-0.040399
0.2913
0.55848
0.71117
0.72454
0.60212
0.37233
0.080431
-0.22135
-0.48289
-0.66298
-0.7337
-0.68306
-0.51655
-0.25763
0.053733
0.36546
0.62133
0.77163
0.78438
0.65379
0.4033
0.081377
-0.24891
-0.52401
-0.69364
-0.73057
-0.63421
-0.42794
-0.152
0.14546
0.41656
0.6199
0.72478
0.71397
0.58604
0.3569
0.059836
-0.25749
-0.53975
-0.73412
-0.80165
-0.72692
-0.52277
-0.22829
0.099794
0.39974
0.6181
0.71998
0.69385
0.55085
0.31971
0.039899
-0.24508
-0.49297
-0.66686
-0.7388
-0.69363
-0.53274
-0.27664
0.035672
0.35158
0.61412
0.77382
0.79995
0.68788
0.46017
0.16108
-0.15384
-0.42982
-0.62323
-0.70789
-0.67671
-0.53966
-0.3199
-0.049896
0.23205
0.48494
0.66913
0.75176
0.71326
0.55327
0.29365
-0.023314
-0.34212
-0.60533
-0.76597
-0.7975
-0.69864
-0.49187
-0.21674
0.079481
0.35095
0.55984
0.67978
0.6968
0.60925
0.4277
0.1751
-0.1138
-0.39521
-0.62203
-0.75239
-0.75897
-0.63639
-0.40391
-0.1022
0.21532
0.49407
0.68948
0.77461
0.74286
0.60587
0.38856
0.12351
-0.15354
-0.40677
-0.60249
-0.71191
-0.71508
-0.60569
-0.39512
-0.11352
0.19353
0.47298
0.67516
0.76459
0.72746
0.5736
0.33278
0.046899
-0.23924
-0.4856
-0.66164
-0.74781
-0.73526
-0.62522
-0.42919
-0.16956
0.12041
0.39905
0.62186
0.74982
0.75832
0.64376
0.42548
0.14206
-0.15727
-0.42322
-0.61601
-0.71138
-0.70197
-0.59505
-0.40846
-0.16675
0.10118
0.36334
0.58599
0.7365
0.78826
0.72689
0.5556
0.29743
-0.007412
-0.30897
-0.55792
-0.71578
-0.76213
-0.69669
-0.5366
-0.31045
-0.051654
0.2067
0.43458
0.60586
0.69897
0.69848
0.59837
0.40573
0.14314
-0.15236
-0.43455
-0.65687
-0.78232
-0.79149
-0.68609
-0.4872
-0.22902
0.049258
0.31075
0.52547
0.67178
0.73576
0.71038
0.59591
0.40162
0.1479
-0.13339
-0.40177
-0.61457
-0.7357
-0.74398
-0.63836
-0.43809
-0.17772
0.10106
0.35821
0.56182
0.69099
0.73542
0.69322
0.56904
0.37374
0.12549
-0.14906
-0.41545
-0.6353
-0.77312
-0.80434
-0.72187
-0.5387
-0.28526
-0.0025045
0.26717
0.48806
0.63607
0.69965
0.6776
0.57601
0.40596
0.18337
-0.070024
-0.32579
-0.55026
-0.70901
-0.77381
-0.72987
-0.58073
-0.34864
-0.070022
0.21269
0.45996
0.64211
0.74242
0.75628
0.68796
0.54724
0.34762
0.10668
-0.15255
-0.40103
-0.60588
-0.73546
-0.7665
-0.69068
-0.51807
-0.27581
-0.0022097
0.26182
0.48105
0.63139
0.70129
0.68965
0.60222
0.44865
0.2418
-0.001113
-0.25672
-0.4954
-0.68417
-0.79266
-0.80043
-0.70291
-0.51374
-0.26204
0.01423
0.2768
0.49433
0.64637
0.72333
0.72375
0.65096
0.51128
0.31466
0.076835
-0.17863
-0.42084
-0.61544
-0.73147
-0.74888
-0.66404
-0.49098
-0.25782
0.00023835
0.24889
0.46064
0.61726
0.70872
0.73027
0.68007
0.55888
0.3723
0.13396
-0.13242
-0.39421
-0.61484
-0.76143
-0.81248
-0.76284
-0.6242
-0.42092
-0.18319
0.059857
0.28453
0.47351
0.61403
0.69533
0.70756
0.64342
0.50207
0.29327
0.039393
-0.22642
-0.46621
-0.64534
-0.74014
-0.74229
-0.65857
-0.50661
-0.30873
-0.086661
0.14105
0.35833
0.54924
0.69599
0.77953
0.78314
0.69799
0.52817
0.29265
0.02285
-0.24385
-0.47238
-0.63713
-0.72545
-0.73691
-0.6792
-0.56325
-0.39995
-0.19986
0.024469
0.2555
0.4695
0.63866
0.73655
0.74513
0.66041
0.49446
0.27259
0.026953
-0.21121
-0.4175
-0.57671
-0.68135
-0.72798
-0.71391
-0.63629
-0.49438
-0.29366
-0.049508
0.21209
0.45787
0.65414
0.77463
0.80644
0.75189
0.62577
0.44943
0.2445
0.028819
-0.18404
-0.38237
-0.55291
-0.67918
-0.74302
-0.72931
-0.63192
-0.45819
-0.22952
0.022632
0.264
0.46534
0.60789
0.68463
0.69756
0.6528
0.55634
0.41256
0.22618
0.0061795
-0.23071
-0.4595
-0.6504
-0.77552
-0.81618
-0.76797
-0.64136
-0.45783
-0.2431
-0.020549
0.19268
0.38562
0.55026
0.67764
0.7557
0.77069
0.71183
0.57699
0.37683
0.13483
-0.11712
-0.34623
-0.52644
-0.64323
-0.69403
-0.68459
-0.62353
-0.51786
-0.37183
-0.18925
0.022066
0.24662
0.46068
0.63593
0.74626
0.77499
0.71958
0.59172
0.41296
0.20774
-0.0029964
-0.20507
-0.39025
-0.55235
-0.68289
-0.76909
-0.79558
-0.74961
-0.62719
-0.43734
-0.20206
0.048279
0.28251
0.47609
0.61549
0.69801
0.72768
0.70978
0.64671
0.53763
0.38169
0.18323
-0.044055
-0.27663
-0.48504
-0.6411
-0.72539
-0.73197
-0.66838
-0.55121
-0.3993
-0.22793
-0.046378
0.14032
0.32674
0.50251
0.65052
0.74948
0.77994
0.73123
0.60626
0.42171
0.20345
-0.020903
-0.22912
-0.40819
-0.55364
-0.66508
-0.74081
-0.77447
-0.75569
-0.67467
-0.52844
-0.32569
-0.087523
0.15674
0.37697
0.55004
0.66456
0.72092
0.72686
0.6912
0.61881
0.50942
0.36067
0.17377
-0.041414
-0.26472
-0.46881
-0.62616
-0.71683
-0.73385
-0.68386
-0.58281
-0.44897
-0.29651
-0.13262
0.040831
0.22215
0.40425
0.57183
0.70312
0.77586
0.77485
0.69775
0.55636
0.37277
0.17198
-0.025521
-0.20813
-0.37259
-0.5194
-0.64669
-0.74605
-0.80275
-0.80041
-0.72816
-0.58679
-0.39087
-0.16557
0.060573
0.26377
0.43049
0.55811
0.65074
0.71272
0.74315
0.73441
0.67553
0.55875
0.38605
0.17221
-0.057334
-0.27324
-0.45067
-0.5758
-0.64748
-0.67379
-0.66517
-0.62789
-0.56091
-0.45789
-0.31301
-0.12787
0.084427
0.30016
0.49091
0.63203
0.70988
0.72464
0.68763
0.61449
0.51768
0.4019
0.26458
0.10103
-0.088592
-0.29399
-0.49431
-0.66297
-0.77586
-0.81925
-0.79373
-0.71253
-0.59498
-0.45841
-0.3122
-0.1568
0.012048
0.19621
0.38894
0.57297
0.72404
0.81867
0.84252
0.79551
0.69132
0.55145
0.3968
0.24045
0.085327
-0.072729
-0.23794
-0.40751
-0.56821
-0.69853
-0.77572
-0.78449
-0.72326
-0.60501
-0.45221
-0.28833
-0.12965
0.01858
0.16024
0.30171
0.44409
0.57834
0.68591
0.74486
0.73872
0.66377
0.53136
0.36403
0.18712
0.019909
-0.12974
-0.26482
-0.39318
-0.5193
-0.63802
-0.73365
-0.78497
-0.77395
-0.69405
-0.55405
-0.37551
-0.18495
-0.0043683
0.15549
0.29604
0.4258
0.55189
0.67263
0.77495
0.83816
0.84229
0.77724
0.64818
0.4745
0.2829
0.097523
-0.068036
-0.21324
-0.34664
-0.47753
-0.60745
-0.72601
-0.81311
-0.84679
-0.81293
-0.71218
-0.5607
-0.38428
-0.20849
-0.049549
0.089857
0.21795
0.34588
0.47844
0.60823
0.71624
0.77887
0.77796
0.70919
0.58469
0.42849
0.26698
0.11884
-0.010849
-0.1295
-0.24974
-0.37956
-0.51488
-0.63839
-0.72536
-0.75384
-0.71431
-0.61422
-0.47508
-0.32354
-0.18058
-0.054039
0.062121
0.18145
0.31485
0.46174
0.60695
0.72513
0.7907
0.78863
0.7209
0.60553
0.46854
0.33279
0.20882
0.092396
-0.030547
-0.17368
-0.34012
-0.51742
-0.6802
-0.79955
-0.85465
-0.84119
-0.77247
-0.67267
-0.56553
-0.46392
-0.36522
-0.25486
-0.11615
0.058477
0.26033
0.46519
0.64172
0.76363
0.81992
0.81822
0.77973
0.72815
0.67802
0.62809
0.56306
0.46264
0.31379
0.1198
-0.098137
-0.30797
-0.47911
-0.59428
-0.65529
-0.67984
-0.69117
-0.70535
-0.72266
-0.72719
-0.69492
-0.60644
-0.45808
-0.26591
-0.060592
0.12473
0.26762
0.3645
0.42974
0.48623
0.55212
0.63005
0.70445
0.74813
0.73519
0.65397
0.51376
0.34179
0.17201
0.030785
-0.073567
-0.15238
-0.22867
-0.32341
-0.44293
-0.57351
-0.68609
-0.74888
-0.7419
-0.6664
-0.54458
-0.40957
-0.29054
-0.19996
-0.12927
-0.055014
0.047506
0.18976
0.3618
0.53453
0.67146
0.74451
0.74617
0.6922
0.61349
0.5409
0.49051
0.45633
0.41413
0.33457
0.1993
0.012117
-0.20036
-0.39899
-0.54868
-0.63313
-0.66089
-0.65955
-0.66094
-0.6845
-0.72691
-0.76309
-0.75831
-0.68548
-0.53944
-0.34103
-0.12892
0.056981
0.19284
0.28031
0.34373
0.41618
0.52135
0.65987
0.807
0.92292
0.9709
0.93445
0.82534
0.67838
0.53527
0.42539
0.35267
0.29496
0.21638
0.086634
-0.10197
-0.3283
-0.55012
-0.72223
-0.81645
-0.83381
-0.80292
-0.76531
-0.75454
-0.77941
-0.81929
-0.83412
-0.7843
-0.651
-0.44687
-0.21195
0.0037059
0.16222
0.25448
0.30286
0.34877
0.43089
0.56454
0.73243
0.89124
0.99132
1
0.91731
0.77634
0.62791
0.51677
0.4606
0.44226
0.41895
0.34422
0.19213
-0.028068
-0.27412
-0.48899
-0.62663
-0.67289
-0.65137
-0.61135
-0.60321
-0.65326
-0.75017
-0.84967
-0.89562
-0.84742
-0.70054
-0.49009
-0.27551
-0.11331
-0.030999
-0.014823
-0.017257
0.018926
0.13158
0.3191
0.53925
0.72779
0.82824
0.81848
0.72145
0.59434
0.50129
0.48254
0.53482
0.61275
0.65078
0.59543
0.43238
0.19514
-0.049157
-0.23044
-0.30823
-0.29052
-0.22946
-0.19585
-0.24418
-0.38515
-0.57906
-0.75351
-0.83746
-0.79532
-0.64473
-0.4491
-0.28812
-0.22006
-0.25391
-0.3449
-0.41603
-0.39555
-0.25263
-0.013949
0.24714
0.44415
0.51797
0.46496
0.33891
0.2255
0.20105
0.29519
0.47548
0.66175
0.7638
0.72475
0.54927
0.30282
0.081795
-0.03164
-0.0086459
0.1122
0.24297
0.28849
0.19269
-0.032985
-0.31309
-0.5425
-0.63566
-0.56746
-0.3859
-0.1901
-0.083526
-0.12432
-0.29662
-0.51683
-0.67259
-0.67626
-0.50768
-0.2255
0.05889
0.23308
0.23678
0.09094
-0.11132
-0.24847
-0.22866
-0.034643
0.26608
0.55145
0.70163
0.65586
0.44228
0.16597
-0.039691
-0.076055
0.073335
0.33355
0.57246
0.66285
0
0
0
0
0
0
0
0
0
0
0
0
0
0
0
0
0
0
0
0
0
0
0
0
0
0
0
0
0
0
0
0
0
0
0
0
0
0
0
0
0
0
0
0
0
0
0
0
0
0
0
0
0
0
0
0
0
0
0
0
0
0
0
0
0
0
0
0
0
0
0
0
0
0
0
0
0
0
0
0
0
0
0
0
0
0
0
0
0
0
0
0
0
0
0
0
0
0
0
0
0
0
0
0
0
0
0
0
0
0
0
0
0
0
0
0
0
0
0
0
0
0
0
0
0
0
0
0
0
0
0
0
0
0
0
0
0
0
0
0
0
0
0
0
0
0
0
0
0
0
0
0
0
0
0
0
0
0
0
0
0
0
0
0
0
0
0
0
0
0
0
0
0
0
0
0
0
0
0
0
0
0
0
0
0
0
0
0
0
0
0
0
0
0
0
0
0
0
0
0
0
0
0
0
0
0
0
0
0
0
0
0
0
0
0
0
0
0
0
0
0
0
0
0
0
0
0
0
0
0
0
0
0
0
0
0
0
0
0
0
0
0
0
0
0
0
0
0
0
0
0
0
0
0
0
0
0
0
0
0
0
0
0
0
0
0
0
0
0
0
-0.84119
-0.77247
-0.67267
-0.56553
-0.46392
-0.36522
-0.25486
-0.11615
0.058477
0.26033
0.46519
0.64172
0.76363
0.81992
0.81822
0.77973
0.72815
0.67802
0.62809
0.56306
0.46264
0.31379
0.1198
-0.098137
-0.30797
-0.47911
-0.59428
-0.65529
-0.67984
-0.69117
-0.70535
-0.72266
-0.72719
-0.69492
-0.60644
-0.45808
-0.26591
-0.060592
0.12473
0.26762
0.3645
0.42974
0.48623
0.55212
0.63005
0.70445
0.74813
0.73519
0.65397
0.51376
0.34179
0.17201
0.030785
-0.073567
-0.15238
-0.22867
-0.32341
-0.44293
-0.57351
-0.68609
-0.74888
-0.7419
-0.6664
-0.54458
-0.40957
-0.29054
-0.19996
-0.12927
-0.055014
0.047506
0.18976
0.3618
0.53453
0.67146
0.74451
0.74617
0.6922
0.61349
0.5409
0.49051
0.45633
0.41413
0.33457
0.1993
0.012117
-0.20036
-0.39899
-0.54868
-0.63313
-0.66089
-0.65955
-0.66094
-0.6845
-0.72691
-0.76309
-0.75831
-0.68548
-0.53944
-0.34103
-0.12892
0.056981
0.19284
0.28031
0.34373
0.41618
0.52135
0.65987
0.807
0.92292
0.9709
0.93445
0.82534
0.67838
0.53527
0.42539
0.35267
0.29496
0.21638
0.086634
-0.10197
-0.3283
-0.55012
-0.72223
-0.81645
-0.83381
-0.80292
-0.76531
-0.75454
-0.77941
-0.81929
-0.83412
-0.7843
-0.651
-0.44687
-0.21195
0.0037059
0.16222
0.25448
0.30286
0.34877
0.43089
0.56454
0.73243
0.89124
0.99132
1
0.91731
0.77634
0.62791
0.51677
0.4606
0.44226
0.41895
0.34422
0.19213
-0.028068
-0.27412
-0.48899
-0.62663
-0.67289
-0.65137
-0.61135
-0.60321
-0.65326
-0.75017
-0.84967
-0.89562
-0.84742
-0.70054
-0.49009
-0.27551
-0.11331
-0.030999
-0.014823
-0.017257
0.018926
0.13158
0.3191
0.53925
0.72779
0.82824
0.81848
0.72145
0.59434
0.50129
0.48254
0.53482
0.61275
0.65078
0.59543
0.43238
0.19514
-0.049157
-0.23044
-0.30823
-0.29052
-0.22946
-0.19585
-0.24418
-0.38515
-0.57906
-0.75351
-0.83746
-0.79532
-0.64473
-0.4491
-0.28812
-0.22006
-0.25391
-0.3449
-0.41603
-0.39555
-0.25263
-0.013949
0.24714
0.44415
0.51797
0.46496
0.33891
0.2255
0.20105
0.29519
0.47548
0.66175
0.7638
0.72475
0.54927
0.30282
0.081795
-0.03164
-0.0086459
0.1122
0.24297
0.28849
0.19269
-0.032985
-0.31309
-0.5425
-0.63566
-0.56746
-0.3859
-0.1901
-0.083526
-0.12432
-0.29662
-0.51683
-0.67259
-0.67626
-0.50768
-0.2255
0.05889
0.23308
0.23678
0.09094
-0.11132
-0.24847
-0.22866
-0.034643
0.26608
0.55145
0.70163
0.65586
0.44228
0.16597
-0.039691
-0.076055
0.073335
0.33355
0.57246
0.66285
0.54328
0.24894
-0.10291
-0.36662
-0.43635
-0.29648
-0.030202
0.21859
0.31288
0.18794
-0.11635
-0.4722
-0.72264
-0.75505
-0.55513
-0.21533
0.10699
0.26266
0.18119
-0.094794
-0.4279
-0.64949
-0.63893
-0.38164
0.021892
0.4011
0.59411
0.52366
0.23451
-0.12595
-0.37556
-0.38273
-0.12926
0.27908
0.66003
0.83903
0.73105
0.38188
-0.051242
-0.37145
-0.43359
-0.21275
0.18253
0.55921
0.72888
0.59614
0.20465
-0.28082
-0.64928
-0.74078
-0.52137
-0.10038
0.31875
0.53199
0.42967
0.048813
-0.44206
-0.81939
-0.9075
-0.66066
-0.18586
0.30475
0.59066
0.54472
0.19279
-0.29672
-0.68921
-0.79164
-0.54223
-0.040532
0.49657
0.83325
0.8228
0.47574
-0.043778
-0.49209
-0.65725
-0.45658
0.024326
0.56941
0.93
0.9383
0.58471
0.023387
-0.49692
-0.74556
-0.61503
-0.17049
0.37917
0.77572
0.8289
0.5033
-0.064742
-0.62805
-0.94003
-0.8661
-0.44473
0.1296
0.59399
0.73565
0.48791
-0.039496
-0.60974
-0.96528
-0.94361
-0.55023
0.043863
0.57882
0.82223
0.67278
0.20511
-0.36418
-0.77367
-0.83383
-0.51119
0.057293
0.62574
0.94876
0.89004
0.48181
-0.090542
-0.57146
-0.74843
-0.54517
-0.054067
0.50599
0.88679
0.9199
0.58954
0.037937
-0.49838
-0.7926
-0.72601
-0.338
0.19324
0.62991
0.77834
0.57205
0.098559
-0.44055
-0.81788
-0.87802
-0.60272
-0.11624
0.37019
0.64977
0.60782
0.26861
-0.21766
-0.64069
-0.81992
-0.67983
-0.27954
0.21457
0.60035
0.72473
0.54609
0.14911
-0.29299
-0.59183
-0.6218
-0.37043
0.058621
0.49015
0.75017
0.73659
0.45944
0.03481
-0.3638
-0.57637
-0.52063
-0.22409
0.18843
0.54604
0.70076
0.58669
0.2459
-0.18894
-0.54782
-0.69132
-0.56618
-0.22651
0.18773
0.50652
0.59769
0.42013
0.041039
-0.39012
-0.70077
-0.76436
-0.5518
-0.14455
0.29682
0.59625
0.63319
0.39224
-0.029024
-0.45787
-0.71555
-0.69001
-0.38283
0.08945
0.54093
0.7911
0.73868
0.40428
-0.076272
-0.50587
-0.70614
-0.59091
-0.20275
0.30282
0.71985
0.87586
0.70304
0.26703
-0.25881
-0.66355
-0.78477
-0.57531
-0.12297
0.38493
0.73788
0.78815
0.5111
0.015278
-0.50191
-0.83451
-0.85155
-0.54966
-0.053607
0.43498
0.71955
0.68762
0.35506
-0.14177
-0.60205
-0.84153
-0.76564
-0.40564
0.095809
0.54286
0.76454
0.68128
0.33412
-0.13391
-0.53574
-0.71384
-0.60045
-0.24162
0.22307
0.61614
0.79065
0.68521
0.34518
-0.096981
-0.47343
-0.64454
-0.55038
-0.23137
0.18866
0.54976
0.7155
0.62296
0.30502
-0.12255
-0.50421
-0.70178
-0.64504
-0.35735
0.052763
0.43128
0.63512
0.58506
0.29571
-0.12869
-0.53177
-0.76245
-0.73141
-0.44567
-0.0077092
0.42125
0.68089
0.67246
0.39732
-0.041625
-0.47728
-0.74087
-0.7265
-0.4327
0.035183
0.50372
0.79687
0.80341
0.52032
0.054981
-0.4151
-0.70989
-0.71585
-0.42969
0.040128
0.51478
0.81339
0.82205
0.5368
0.06455
-0.41828
-0.73307
-0.76628
-0.51126
-0.069122
0.39089
0.69566
0.73257
0.48996
0.059208
-0.40108
-0.7246
-0.79798
-0.60036
-0.20849
0.23347
0.56717
0.6766
0.52797
0.17941
-0.24171
-0.5848
-0.72884
-0.6237
-0.3061
0.11424
0.49315
0.70168
0.67007
0.4114
0.017036
-0.37455
-0.62512
-0.64442
-0.42198
-0.031939
0.3914
0.69946
0.78134
0.60374
0.22449
-0.22596
-0.58951
-0.73632
-0.61216
-0.2594
0.1963
0.59002
0.7767
0.6842
0.34059
-0.13478
-0.57364
-0.81962
-0.78508
-0.48321
-0.023407
0.42848
0.71026
0.72196
0.46131
0.023633
-0.43351
-0.7474
-0.80809
-0.59637
-0.18867
0.27188
0.62693
0.75824
0.62733
0.28634
-0.14239
-0.50998
-0.69191
-0.62907
-0.34544
0.062062
0.45743
0.71095
0.74121
0.5406
0.17654
-0.23117
-0.54938
-0.67452
-0.56598
-0.25949
0.14392
0.51009
0.71513
0.68647
0.42792
0.020199
-0.40422
-0.70434
-0.77809
-0.598
-0.2224
0.2226
0.5849
0.73847
0.62739
0.28649
-0.16941
-0.58436
-0.81508
-0.78082
-0.49163
-0.045041
0.40778
0.71444
0.7737
0.56962
0.17585
-0.27097
-0.61872
-0.75139
-0.62713
-0.29024
0.14589
0.53808
0.76094
0.74689
0.50587
0.11967
-0.28632
-0.58375
-0.68137
-0.55223
-0.24044
0.15384
0.50584
0.70451
0.68625
0.45434
0.078218
-0.32719
-0.63632
-0.75176
-0.63533
-0.32153
0.091512
0.47176
0.69489
0.68486
0.44013
0.036129
-0.39766
-0.71931
-0.82135
-0.66705
-0.3038
0.15175
0.55195
0.76715
0.72881
0.45202
0.029994
-0.39751
-0.6907
-0.75547
-0.57306
-0.20438
0.23158
0.59736
0.78094
0.72995
0.46583
0.074558
-0.32185
-0.60344
-0.68802
-0.55428
-0.24625
0.14125
0.49118
0.69847
0.7003
0.49413
0.13863
-0.26276
-0.59158
-0.74894
-0.68558
-0.41797
-0.02529
0.37297
0.65276
0.72402
0.5601
0.20794
-0.22488
-0.60311
-0.80655
-0.76883
-0.49945
-0.081291
0.35556
0.67546
0.78051
0.64126
0.30513
-0.11992
-0.50048
-0.7198
-0.71328
-0.48655
-0.1113
0.29853
0.62217
0.76753
0.69675
0.43488
0.060565
-0.31774
-0.59271
-0.68772
-0.57738
-0.29398
0.081439
0.44126
0.68085
0.72803
0.56438
0.23214
-0.17608
-0.54269
-0.75919
-0.759
-0.53893
-0.16218
0.25923
0.59776
0.74948
0.66664
0.37315
-0.042381
-0.45394
-0.73709
-0.80726
-0.645
-0.30074
0.12204
0.49924
0.72347
0.73496
0.53695
0.19216
-0.19745
-0.52086
-0.68881
-0.65717
-0.43714
-0.090474
0.28795
0.59555
0.74886
0.70537
0.475
0.1184
-0.26824
-0.57826
-0.72369
-0.66063
-0.40335
-0.022502
0.37344
0.66871
0.77432
0.65536
0.34265
-0.075267
-0.47798
-0.74909
-0.81102
-0.64794
-0.30971
0.1039
0.4736
0.69567
0.71126
0.52135
0.184
-0.2042
-0.53614
-0.72334
-0.7184
-0.52546
-0.19717
0.18017
0.509
0.70492
0.71758
0.54333
0.22684
-0.14928
-0.48471
-0.68734
-0.69835
-0.50969
-0.16855
0.23371
0.58573
0.78748
0.77944
0.56083
0.19097
-0.22732
-0.57738
-0.76249
-0.73363
-0.50275
-0.13801
0.25702
0.57347
0.72725
0.68084
0.451
0.10178
-0.27438
-0.58131
-0.74309
-0.72161
-0.52448
-0.20203
0.16522
0.48566
0.67842
0.69316
0.52343
0.20995
-0.16781
-0.51071
-0.72545
-0.75021
-0.573
-0.2369
0.17015
0.539
0.76963
0.79958
0.62171
0.286
-0.1151
-0.4731
-0.69378
-0.72231
-0.55635
-0.24432
0.12968
0.46916
0.68991
0.7398
0.60958
0.33303
-0.022374
-0.37171
-0.63193
-0.74066
-0.6706
-0.43677
-0.094429
0.2726
0.57144
0.72331
0.68483
0.46114
0.10674
-0.28741
-0.61764
-0.79573
-0.77346
-0.55612
-0.20105
0.19853
0.53942
0.73624
0.74336
0.56505
0.2519
-0.11434
-0.44254
-0.65451
-0.70243
-0.57803
-0.31255
0.031551
0.37477
0.63777
0.75851
0.70629
0.4897
0.15648
-0.2158
-0.53704
-0.72648
-0.73387
-0.55406
-0.23022
0.15596
0.5052
0.72692
0.76369
0.60643
0.29628
-0.087311
-0.4484
-0.69967
-0.78395
-0.68658
-0.43635
-0.096051
0.25395
0.53444
0.68426
0.67219
0.50244
0.21322
-0.13103
-0.4525
-0.67626
-0.74698
-0.64274
-0.3823
-0.023014
0.35111
0.64936
0.79732
0.75685
0.5369
0.19201
-0.19182
-0.51963
-0.71221
-0.72578
-0.56174
-0.26411
0.093364
0.42647
0.6604
0.74566
0.66692
0.44407
0.12635
-0.21832
-0.5169
-0.70542
-0.74182
-0.6154
-0.35081
-0.0047571
0.34477
0.6156
0.7411
0.68755
0.46427
0.12276
-0.25535
-0.57879
-0.76995
-0.78439
-0.62127
-0.32204
0.041488
0.38583
0.63583
0.74087
0.68398
0.48283
0.18377
-0.14883
-0.44547
-0.6444
-0.70301
-0.60626
-0.37079
-0.043408
0.30681
0.60219
0.77378
0.77833
0.61031
0.30515
-0.068035
-0.42292
-0.67738
-0.77394
-0.69357
-0.45919
-0.12844
0.22168
0.51364
0.68651
0.70769
0.57722
0.32529
0.00446
-0.32096
-0.58655
-0.73898
-0.74569
-0.60174
-0.33253
0.0090972
0.35203
0.62132
0.75527
0.72094
0.52361
0.20696
-0.15669
-0.48381
-0.70018
-0.75855
-0.64908
-0.39979
-0.067989
0.27439
0.55721
0.72616
0.75183
0.63307
0.39523
0.084578
-0.23971
-0.51532
-0.68732
-0.71866
-0.59872
-0.34779
-0.015388
0.32848
0.60808
0.7595
0.74653
0.57018
0.26896
-0.090487
-0.42969
-0.67704
-0.7837
-0.73298
-0.5414
-0.25243
0.074502
0.37635
0.59772
0.69933
0.66346
0.49627
0.2274
-0.09382
-0.40562
-0.64452
-0.75813
-0.71751
-0.52558
-0.21876
0.13969
0.47359
0.71158
0.80395
0.73388
0.52028
0.21169
-0.1262
-0.42575
-0.63114
-0.70782
-0.64652
-0.4624
-0.19073
0.11936
0.41227
0.63402
0.74089
0.70787
0.5352
0.25105
-0.091696
-0.42486
-0.67931
-0.80086
-0.76342
-0.57548
-0.27811
0.065199
0.38366
0.61507
0.71821
0.67933
0.51188
0.25121
-0.053673
-0.34885
-0.58353
-0.7168
-0.72335
-0.59799
-0.35822
-0.04365
0.28901
0.57569
0.75796
0.7965
0.68118
0.43459
0.10756
-0.23252
-0.51718
-0.692
-0.72744
-0.62287
-0.40391
-0.1148
0.19143
0.46227
0.65323
0.7331
0.68748
0.52102
0.25805
-0.059106
-0.37532
-0.63163
-0.7768
-0.77913
-0.63499
-0.37128
-0.040399
0.2913
0.55848
0.71117
0.72454
0.60212
0.37233
0.080431
-0.22135
-0.48289
-0.66298
-0.7337
-0.68306
-0.51655
-0.25763
0.053733
0.36546
0.62133
0.77163
0.78438
0.65379
0.4033
0.081377
-0.24891
-0.52401
-0.69364
-0.73057
-0.63421
-0.42794
-0.152
0.14546
0.41656
0.6199
0.72478
0.71397
0.58604
0.3569
0.059836
-0.25749
-0.53975
-0.73412
-0.80165
-0.72692
-0.52277
-0.22829
0.099794
0.39974
0.6181
0.71998
0.69385
0.55085
0.31971
0.039899
-0.24508
-0.49297
-0.66686
-0.7388
-0.69363
-0.53274
-0.27664
0.035672
0.35158
0.61412
0.77382
0.79995
0.68788
0.46017
0.16108
-0.15384
-0.42982
-0.62323
-0.70789
-0.67671
-0.53966
-0.3199
-0.049896
0.23205
0.48494
0.66913
0.75176
0.71326
0.55327
0.29365
-0.023314
-0.34212
-0.60533
-0.76597
-0.7975
-0.69864
-0.49187
-0.21674
0.079481
0.35095
0.55984
0.67978
0.6968
0.60925
0.4277
0.1751
-0.1138
-0.39521
-0.62203
-0.75239
-0.75897
-0.63639
-0.40391
-0.1022
0.21532
0.49407
0.68948
0.77461
0.74286
0.60587
0.38856
0.12351
-0.15354
-0.40677
-0.60249
-0.71191
-0.71508
-0.60569
-0.39512
-0.11352
0.19353
0.47298
0.67516
0.76459
0.72746
0.5736
0.33278
0.046899
-0.23924
-0.4856
-0.66164
-0.74781
-0.73526
-0.62522
-0.42919
-0.16956
0.12041
0.39905
0.62186
0.74982
0.75832
0.64376
0.42548
0.14206
-0.15727
-0.42322
-0.61601
-0.71138
-0.70197
-0.59505
-0.40846
-0.16675
0.10118
0.36334
0.58599
0.7365
0.78826
0.72689
0.5556
0.29743
-0.007412
-0.30897
-0.55792
-0.71578
-0.76213
-0.69669
-0.5366
-0.31045
-0.051654
0.2067
0.43458
0.60586
0.69897
0.69848
0.59837
0.40573
0.14314
-0.15236
-0.43455
-0.65687
-0.78232
-0.79149
-0.68609
-0.4872
-0.22902
0.049258
0.31075
0.52547
0.67178
0.73576
0.71038
0.59591
0.40162
0.1479
-0.13339
-0.40177
-0.61457
-0.7357
-0.74398
-0.63836
-0.43809
-0.17772
0.10106
0.35821
0.56182
0.69099
0.73542
0.69322
0.56904
0.37374
0.12549
-0.14906
-0.41545
-0.6353
-0.77312
-0.80434
-0.72187
-0.5387
-0.28526
-0.0025045
0.26717
0.48806
0.63607
0.69965
0.6776
0.57601
0.40596
0.18337
-0.070024
-0.32579
-0.55026
-0.70901
-0.77381
-0.72987
-0.58073
-0.34864
-0.070022
0.21269
0.45996
0.64211
0.74242
0.75628
0.68796
0.54724
0.34762
0.10668
-0.15255
-0.40103
-0.60588
-0.73546
-0.7665
-0.69068
-0.51807
-0.27581
-0.0022097
0.26182
0.48105
0.63139
0.70129
0.68965
0.60222
0.44865
0.2418
-0.001113
-0.25672
-0.4954
-0.68417
-0.79266
-0.80043
-0.70291
-0.51374
-0.26204
0.01423
0.2768
0.49433
0.64637
0.72333
0.72375
0.65096
0.51128
0.31466
0.076835
-0.17863
-0.42084
-0.61544
-0.73147
-0.74888
-0.66404
-0.49098
-0.25782
0.00023835
0.24889
0.46064
0.61726
0.70872
0.73027
0.68007
0.55888
0.3723
0.13396
-0.13242
-0.39421
-0.61484
-0.76143
-0.81248
-0.76284
-0.6242
-0.42092
-0.18319
0.059857
0.28453
0.47351
0.61403
0.69533
0.70756
0.64342
0.50207
0.29327
0.039393
-0.22642
-0.46621
-0.64534
-0.74014
-0.74229
-0.65857
-0.50661
-0.30873
-0.086661
0.14105
0.35833
0.54924
0.69599
0.77953
0.78314
0.69799
0.52817
0.29265
0.02285
-0.24385
-0.47238
-0.63713
-0.72545
-0.73691
-0.6792
-0.56325
-0.39995
-0.19986
0.024469
0.2555
0.4695
0.63866
0.73655
0.74513
0.66041
0.49446
0.27259
0.026953
-0.21121
-0.4175
-0.57671
-0.68135
-0.72798
-0.71391
-0.63629
-0.49438
-0.29366
-0.049508
0.21209
0.45787
0.65414
0.77463
0.80644
0.75189
0.62577
0.44943
0.2445
0.028819
-0.18404
-0.38237
-0.55291
-0.67918
-0.74302
-0.72931
-0.63192
-0.45819
-0.22952
0.022632
0.264
0.46534
0.60789
0.68463
0.69756
0.6528
0.55634
0.41256
0.22618
0.0061795
-0.23071
-0.4595
-0.6504
-0.77552
-0.81618
-0.76797
-0.64136
-0.45783
-0.2431
-0.020549
0.19268
0.38562
0.55026
0.67764
0.7557
0.77069
0.71183
0.57699
0.37683
0.13483
-0.11712
-0.34623
-0.52644
-0.64323
-0.69403
-0.68459
-0.62353
-0.51786
-0.37183
-0.18925
0.022066
0.24662
0.46068
0.63593
0.74626
0.77499
0.71958
0.59172
0.41296
0.20774
-0.0029964
-0.20507
-0.39025
-0.55235
-0.68289
-0.76909
-0.79558
-0.74961
-0.62719
-0.43734
-0.20206
0.048279
0.28251
0.47609
0.61549
0.69801
0.72768
0.70978
0.64671
0.53763
0.38169
0.18323
-0.044055
-0.27663
-0.48504
-0.6411
-0.72539
-0.73197
-0.66838
-0.55121
-0.3993
-0.22793
-0.046378
0.14032
0.32674
0.50251
0.65052
0.74948
0.77994
0.73123
0.60626
0.42171
0.20345
-0.020903
-0.22912
-0.40819
-0.55364
-0.66508
-0.74081
-0.77447
-0.75569
-0.67467
-0.52844
-0.32569
-0.087523
0.15674
0.37697
0.55004
0.66456
0.72092
0.72686
0.6912
0.61881
0.50942
0.36067
0.17377
-0.041414
-0.26472
-0.46881
-0.62616
-0.71683
-0.73385
-0.68386
-0.58281
-0.44897
-0.29651
-0.13262
0.040831
0.22215
0.40425
0.57183
0.70312
0.77586
0.77485
0.69775
0.55636
0.37277
0.17198
-0.025521
-0.20813
-0.37259
-0.5194
-0.64669
-0.74605
-0.80275
-0.80041
-0.72816
-0.58679
-0.39087
-0.16557
0.060573
0.26377
0.43049
0.55811
0.65074
0.71272
0.74315
0.73441
0.67553
0.55875
0.38605
0.17221
-0.057334
-0.27324
-0.45067
-0.5758
-0.64748
-0.67379
-0.66517
-0.62789
-0.56091
-0.45789
-0.31301
-0.12787
0.084427
0.30016
0.49091
0.63203
0.70988
0.72464
0.68763
0.61449
0.51768
0.4019
0.26458
0.10103
-0.088592
-0.29399
-0.49431
-0.66297
-0.77586
-0.81925
-0.79373
-0.71253
-0.59498
-0.45841
-0.3122
-0.1568
0.012048
0.19621
0.38894
0.57297
0.72404
0.81867
0.84252
0.79551
0.69132
0.55145
0.3968
0.24045
0.085327
-0.072729
-0.23794
-0.40751
-0.56821
-0.69853
-0.77572
-0.78449
-0.72326
-0.60501
-0.45221
-0.28833
-0.12965
0.01858
0.16024
0.30171
0.44409
0.57834
0.68591
0.74486
0.73872
0.66377
0.53136
0.36403
0.18712
0.019909
-0.12974
-0.26482
-0.39318
-0.5193
-0.63802
-0.73365
-0.78497
-0.77395
-0.69405
-0.55405
-0.37551
-0.18495
-0.0043683
0.15549
0.29604
0.4258
0.55189
0.67263
0.77495
0.83816
0.84229
0.77724
0.64818
0.4745
0.2829
0.097523
-0.068036
-0.21324
-0.34664
-0.47753
-0.60745
-0.72601
-0.81311
-0.84679
-0.81293
-0.71218
-0.5607
-0.38428
-0.20849
-0.049549
0.089857
0.21795
0.34588
0.47844
0.60823
0.71624
0.77887
0.77796
0.70919
0.58469
0.42849
0.26698
0.11884
-0.010849
-0.1295
-0.24974
-0.37956
-0.51488
-0.63839
-0.72536
-0.75384
-0.71431
-0.61422
-0.47508
-0.32354
-0.18058
-0.054039
0.062121
0.18145
0.31485
0.46174
0.60695
0.72513
0.7907
0.78863
0.7209
0.60553
0.46854
0.33279
0.20882
0.092396
-0.030547
-0.17368
-0.34012
-0.51742
-0.6802
-0.79955
-0.85465
-0.84119
-0.77247
-0.67267
-0.56553
-0.46392
-0.36522
-0.25486
-0.11615
0.058477
0.26033
0.46519
0.64172
0.76363
0.81992
0.81822
0.77973
0.72815
0.67802
0.62809
0.56306
0.46264
0.31379
0.1198
-0.098137
-0.30797
-0.47911
-0.59428
-0.65529
-0.67984
-0.69117
-0.70535
-0.72266
-0.72719
-0.69492
-0.60644
-0.45808
-0.26591
-0.060592
0.12473
0.26762
0.3645
0.42974
0.48623
0.55212
0.63005
0.70445
0.74813
0.73519
0.65397
0.51376
0.34179
0.17201
0.030785
-0.073567
-0.15238
-0.22867
-0.32341
-0.44293
-0.57351
-0.68609
-0.74888
-0.7419
-0.6664
-0.54458
-0.40957
-0.29054
-0.19996
-0.12927
-0.055014
0.047506
0.18976
0.3618
0.53453
0.67146
0.74451
0.74617
0.6922
0.61349
0.5409
0.49051
0.45633
0.41413
0.33457
0.1993
0.012117
-0.20036
-0.39899
-0.54868
-0.63313
-0.66089
-0.65955
-0.66094
-0.6845
-0.72691
-0.76309
-0.75831
-0.68548
-0.53944
-0.34103
-0.12892
0.056981
0.19284
0.28031
0.34373
0.41618
0.52135
0.65987
0.807
0.92292
0.9709
0.93445
0.82534
0.67838
0.53527
0.42539
0.35267
0.29496
0.21638
0.086634
-0.10197
-0.3283
-0.55012
-0.72223
-0.81645
-0.83381
-0.80292
-0.76531
-0.75454
-0.77941
-0.81929
-0.83412
-0.7843
-0.651
-0.44687
-0.21195
0.0037059
0.16222
0.25448
0.30286
0.34877
0.43089
0.56454
0.73243
0.89124
0.99132
1
0.91731
0.77634
0.62791
0.51677
0.4606
0.44226
0.41895
0.34422
0.19213
-0.028068
-0.27412
-0.48899
-0.62663
-0.67289
-0.65137
-0.61135
-0.60321
-0.65326
-0.75017
-0.84967
-0.89562
-0.84742
-0.70054
-0.49009
-0.27551
-0.11331
-0.030999
-0.014823
-0.017257
0.018926
0.13158
0.3191
0.53925
0.72779
0.82824
0.81848
0.72145
0.59434
0.50129
0.48254
0.53482
0.61275
0.65078
0.59543
0.43238
0.19514
-0.049157
-0.23044
-0.30823
-0.29052
-0.22946
-0.19585
-0.24418
-0.38515
-0.57906
-0.75351
-0.83746
-0.79532
-0.64473
-0.4491
-0.28812
-0.22006
-0.25391
-0.3449
-0.41603
-0.39555
-0.25263
-0.013949
0.24714
0.44415
0.51797
0.46496
0.33891
0.2255
0.20105
0.29519
0.47548
0.66175
0.7638
0.72475
0.54927
0.30282
0.081795
-0.03164
-0.0086459
0.1122
0.24297
0.28849
0.19269
-0.032985
-0.31309
-0.5425
-0.63566
-0.56746
-0.3859
-0.1901
-0.083526
-0.12432
-0.29662
-0.51683
-0.67259
-0.67626
-0.50768
-0.2255
0.05889
0.23308
0.23678
0.09094
-0.11132
-0.24847
-0.22866
-0.034643
0.26608
0.55145
0.70163
0.65586
0.44228
0.16597
-0.039691
-0.076055
0.073335
0.33355
0.57246
0.66285
0
0
0
0
0
0
0
0
0
0
0
0
0
0
0
0
0
0
0
0
0
0
0
0
0
0
0
0
0
0
0
0
0
0
0
0
0
0
0
0
0
0
0
0
0
0
0
0
0
0
0
0
0
0
0
0
0
0
0
0
0
0
0
0
0
0
0
0
0
0
0
0
0
0
0
0
0
0
0
0
0
0
0
0
0
0
0
0
0
0
0
0
0
0
0
0
0
0
0
0
0
0
0
0
0
0
0
0
0
0
0
0
0
0
0
0
0
0
0
0
0
0
0
0
0
0
0
0
0
0
0
0
0
0
0
0
0
0
0
0
0
0
0
0
0
0
0
0
0
0
0
0
0
0
0
0
0
0
0
0
0
0
0
0
0
0
0
0
0
0
0
0
0
0
0
0
0
0
0
0
0
0
0
0
0
0
0
0
0
0
0
0
0
0
0
0
0
0
0
0
0
0
0
0
0
0
0
0
0
0
0
0
0
0
0
0
0
0
0
0
0
0
0
0
0
0
0
0
0
0
0
0
0
0
0
0
0
0
0
0
0
0
0
0
0
0
0
0
0
0
0
0
0
0
0
0
0
0
0
0
0
0
0
0
0
0
0
0
0
0
0.84119
0.77247
0.67267
0.56553
0.46392
0.36522
0.25486
0.11615
-0.058477
-0.26033
-0.46519
-0.64172
-0.76363
-0.81992
-0.81822
-0.77973
-0.72815
-0.67802
-0.62809
-0.56306
-0.46264
-0.31379
-0.1198
0.098137
0.30797
0.47911
0.59428
0.65529
0.67984
0.69117
0.70535
0.72266
0.72719
0.69492
0.60644
0.45808
0.26591
0.060592
-0.12473
-0.26762
-0.3645
-0.42974
-0.48623
-0.55212
-0.63005
-0.70445
-0.74813
-0.73519
-0.65397
-0.51376
-0.34179
-0.17201
-0.030785
0.073567
0.15238
0.22867
0.32341
0.44293
0.57351
0.68609
0.74888
0.7419
0.6664
0.54458
0.40957
0.29054
0.19996
0.12927
0.055014
-0.047506
-0.18976
-0.3618
-0.53453
-0.67146
-0.74451
-0.74617
-0.6922
-0.61349
-0.5409
-0.49051
-0.45633
-0.41413
-0.33457
-0.1993
-0.012117
0.20036
0.39899
0.54868
0.63313
0.66089
0.65955
0.66094
0.6845
0.72691
0.76309
0.75831
0.68548
0.53944
0.34103
0.12892
-0.056981
-0.19284
-0.28031
-0.34373
-0.41618
-0.52135
-0.65987
-0.807
-0.92292
-0.9709
-0.93445
-0.82534
-0.67838
-0.53527
-0.42539
-0.35267
-0.29496
-0.21638
-0.086634
0.10197
0.3283
0.55012
0.72223
0.81645
0.83381
0.80292
0.76531
0.75454
0.77941
0.81929
0.83412
0.7843
0.651
0.44687
0.21195
-0.0037059
-0.16222
-0.25448
-0.30286
-0.34877
-0.43089
-0.56454
-0.73243
-0.89124
-0.99132
-1
-0.91731
-0.77634
-0.62791
-0.51677
-0.4606
-0.44226
-0.41895
-0.34422
-0.19213
0.028068
0.27412
0.48899
0.62663
0.67289
0.65137
0.61135
0.60321
0.65326
0.75017
0.84967
0.89562
0.84742
0.70054
0.49009
0.27551
0.11331
0.030999
0.014823
0.017257
-0.018926
-0.13158
-0.3191
-0.53925
-0.72779
-0.82824
-0.81848
-0.72145
-0.59434
-0.50129
-0.48254
-0.53482
-0.61275
-0.65078
-0.59543
-0.43238
-0.19514
0.049157
0.23044
0.30823
0.29052
0.22946
0.19585
0.24418
0.38515
0.57906
0.75351
0.83746
0.79532
0.64473
0.4491
0.28812
0.22006
0.25391
0.3449
0.41603
0.39555
0.25263
0.013949
-0.24714
-0.44415
-0.51797
-0.46496
-0.33891
-0.2255
-0.20105
-0.29519
-0.47548
-0.66175
-0.7638
-0.72475
-0.54927
-0.30282
-0.081795
0.03164
0.0086459
-0.1122
-0.24297
-0.28849
-0.19269
0.032985
0.31309
0.5425
0.63566
0.56746
0.3859
0.1901
0.083526
0.12432
0.29662
0.51683
0.67259
0.67626
0.50768
0.2255
-0.05889
-0.23308
-0.23678
-0.09094
0.11132
0.24847
0.22866
0.034643
-0.26608
-0.55145
-0.70163
-0.65586
-0.44228
-0.16597
0.039691
0.076055
-0.073335
-0.33355
-0.57246
-0.66285
-0.54328
-0.24894
0.10291
0.36662
0.43635
0.29648
0.030202
-0.21859
-0.31288
-0.18794
0.11635
0.4722
0.72264
0.75505
0.55513
0.21533
-0.10699
-0.26266
-0.18119
0.094794
0.4279
0.64949
0.63893
0.38164
-0.021892
-0.4011
-0.59411
-0.52366
-0.23451
0.12595
0.37556
0.38273
0.12926
-0.27908
-0.66003
-0.83903
-0.73105
-0.38188
0.051242
0.37145
0.43359
0.21275
-0.18253
-0.55921
-0.72888
-0.59614
-0.20465
0.28082
0.64928
0.74078
0.52137
0.10038
-0.31875
-0.53199
-0.42967
-0.048813
0.44206
0.81939
0.9075
0.66066
0.18586
-0.30475
-0.59066
-0.54472
-0.19279
0.29672
0.68921
0.79164
0.54223
0.040532
-0.49657
-0.83325
-0.8228
-0.47574
0.043778
0.49209
0.65725
0.45658
-0.024326
-0.56941
-0.93
-0.9383
-0.58471
-0.023387
0.49692
0.74556
0.61503
0.17049
-0.37917
-0.77572
-0.8289
-0.5033
0.064742
0.62805
0.94003
0.8661
0.44473
-0.1296
-0.59399
-0.73565
-0.48791
0.039496
0.60974
0.96528
0.94361
0.55023
-0.043863
-0.57882
-0.82223
-0.67278
-0.20511
0.36418
0.77367
0.83383
0.51119
-0.057293
-0.62574
-0.94876
-0.89004
-0.48181
0.090542
0.57146
0.74843
0.54517
0.054067
-0.50599
-0.88679
-0.9199
-0.58954
-0.037937
0.49838
0.7926
0.72601
0.338
-0.19324
-0.62991
-0.77834
-0.57205
-0.098559
0.44055
0.81788
0.87802
0.60272
0.11624
-0.37019
-0.64977
-0.60782
-0.26861
0.21766
0.64069
0.81992
0.67983
0.27954
-0.21457
-0.60035
-0.72473
-0.54609
-0.14911
0.29299
0.59183
0.6218
0.37043
-0.058621
-0.49015
-0.75017
-0.73659
-0.45944
-0.03481
0.3638
0.57637
0.52063
0.22409
-0.18843
-0.54604
-0.70076
-0.58669
-0.2459
0.18894
0.54782
0.69132
0.56618
0.22651
-0.18773
-0.50652
-0.59769
-0.42013
-0.041039
0.39012
0.70077
0.76436
0.5518
0.14455
-0.29682
-0.59625
-0.63319
-0.39224
0.029024
0.45787
0.71555
0.69001
0.38283
-0.08945
-0.54093
-0.7911
-0.73868
-0.40428
0.076272
0.50587
0.70614
0.59091
0.20275
-0.30282
-0.71985
-0.87586
-0.70304
-0.26703
0.25881
0.66355
0.78477
0.57531
0.12297
-0.38493
-0.73788
-0.78815
-0.5111
-0.015278
0.50191
0.83451
0.85155
0.54966
0.053607
-0.43498
-0.71955
-0.68762
-0.35506
0.14177
0.60205
0.84153
0.76564
0.40564
-0.095809
-0.54286
-0.76454
-0.68128
-0.33412
0.13391
0.53574
0.71384
0.60045
0.24162
-0.22307
-0.61614
-0.79065
-0.68521
-0.34518
0.096981
0.47343
0.64454
0.55038
0.23137
-0.18866
-0.54976
-0.7155
-0.62296
-0.30502
0.12255
0.50421
0.70178
0.64504
0.35735
-0.052763
-0.43128
-0.63512
-0.58506
-0.29571
0.12869
0.53177
0.76245
0.73141
0.44567
0.0077092
-0.42125
-0.68089
-0.67246
-0.39732
0.041625
0.47728
0.74087
0.7265
0.4327
-0.035183
-0.50372
-0.79687
-0.80341
-0.52032
-0.054981
0.4151
0.70989
0.71585
0.42969
-0.040128
-0.51478
-0.81339
-0.82205
-0.5368
-0.06455
0.41828
0.73307
0.76628
0.51126
0.069122
-0.39089
-0.69566
-0.73257
-0.48996
-0.059208
0.40108
0.7246
0.79798
0.60036
0.20849
-0.23347
-0.56717
-0.6766
-0.52797
-0.17941
0.24171
0.5848
0.72884
0.6237
0.3061
-0.11424
-0.49315
-0.70168
-0.67007
-0.4114
-0.017036
0.37455
0.62512
0.64442
0.42198
0.031939
-0.3914
-0.69946
-0.78134
-0.60374
-0.22449
0.22596
0.58951
0.73632
0.61216
0.2594
-0.1963
-0.59002
-0.7767
-0.6842
-0.34059
0.13478
0.57364
0.81962
0.78508
0.48321
0.023407
-0.42848
-0.71026
-0.72196
-0.46131
-0.023633
0.43351
0.7474
0.80809
0.59637
0.18867
-0.27188
-0.62693
-0.75824
-0.62733
-0.28634
0.14239
0.50998
0.69191
0.62907
0.34544
-0.062062
-0.45743
-0.71095
-0.74121
-0.5406
-0.17654
0.23117
0.54938
0.67452
0.56598
0.25949
-0.14392
-0.51009
-0.71513
-0.68647
-0.42792
-0.020199
0.40422
0.70434
0.77809
0.598
0.2224
-0.2226
-0.5849
-0.73847
-0.62739
-0.28649
0.16941
0.58436
0.81508
0.78082
0.49163
0.045041
-0.40778
-0.71444
-0.7737
-0.56962
-0.17585
0.27097
0.61872
0.75139
0.62713
0.29024
-0.14589
-0.53808
-0.76094
-0.74689
-0.50587
-0.11967
0.28632
0.58375
0.68137
0.55223
0.24044
-0.15384
-0.50584
-0.70451
-0.68625
-0.45434
-0.078218
0.32719
0.63632
0.75176
0.63533
0.32153
-0.091512
-0.47176
-0.69489
-0.68486
-0.44013
-0.036129
0.39766
0.71931
0.82135
0.66705
0.3038
-0.15175
-0.55195
-0.76715
-0.72881
-0.45202
-0.029994
0.39751
0.6907
0.75547
0.57306
0.20438
-0.23158
-0.59736
-0.78094
-0.72995
-0.46583
-0.074558
0.32185
0.60344
0.68802
0.55428
0.24625
-0.14125
-0.49118
-0.69847
-0.7003
-0.49413
-0.13863
0.26276
0.59158
0.74894
0.68558
0.41797
0.02529
-0.37297
-0.65276
-0.72402
-0.5601
-0.20794
0.22488
0.60311
0.80655
0.76883
0.49945
0.081291
-0.35556
-0.67546
-0.78051
-0.64126
-0.30513
0.11992
0.50048
0.7198
0.71328
0.48655
0.1113
-0.29853
-0.62217
-0.76753
-0.69675
-0.43488
-0.060565
0.31774
0.59271
0.68772
0.57738
0.29398
-0.081439
-0.44126
-0.68085
-0.72803
-0.56438
-0.23214
0.17608
0.54269
0.75919
0.759
0.53893
0.16218
-0.25923
-0.59776
-0.74948
-0.66664
-0.37315
0.042381
0.45394
0.73709
0.80726
0.645
0.30074
-0.12204
-0.49924
-0.72347
-0.73496
-0.53695
-0.19216
0.19745
0.52086
0.68881
0.65717
0.43714
0.090474
-0.28795
-0.59555
-0.74886
-0.70537
-0.475
-0.1184
0.26824
0.57826
0.72369
0.66063
0.40335
0.022502
-0.37344
-0.66871
-0.77432
-0.65536
-0.34265
0.075267
0.47798
0.74909
0.81102
0.64794
0.30971
-0.1039
-0.4736
-0.69567
-0.71126
-0.52135
-0.184
0.2042
0.53614
0.72334
0.7184
0.52546
0.19717
-0.18017
-0.509
-0.70492
-0.71758
-0.54333
-0.22684
0.14928
0.48471
0.68734
0.69835
0.50969
0.16855
-0.23371
-0.58573
-0.78748
-0.77944
-0.56083
-0.19097
0.22732
0.57738
0.76249
0.73363
0.50275
0.13801
-0.25702
-0.57347
-0.72725
-0.68084
-0.451
-0.10178
0.27438
0.58131
0.74309
0.72161
0.52448
0.20203
-0.16522
-0.48566
-0.67842
-0.69316
-0.52343
-0.20995
0.16781
0.51071
0.72545
0.75021
0.573
0.2369
-0.17015
-0.539
-0.76963
-0.79958
-0.62171
-0.286
0.1151
0.4731
0.69378
0.72231
0.55635
0.24432
-0.12968
-0.46916
-0.68991
-0.7398
-0.60958
-0.33303
0.022374
0.37171
0.63193
0.74066
0.6706
0.43677
0.094429
-0.2726
-0.57144
-0.72331
-0.68483
-0.46114
-0.10674
0.28741
0.61764
0.79573
0.77346
0.55612
0.20105
-0.19853
-0.53942
-0.73624
-0.74336
-0.56505
-0.2519
0.11434
0.44254
0.65451
0.70243
0.57803
0.31255
-0.031551
-0.37477
-0.63777
-0.75851
-0.70629
-0.4897
-0.15648
0.2158
0.53704
0.72648
0.73387
0.55406
0.23022
-0.15596
-0.5052
-0.72692
-0.76369
-0.60643
-0.29628
0.087311
0.4484
0.69967
0.78395
0.68658
0.43635
0.096051
-0.25395
-0.53444
-0.68426
-0.67219
-0.50244
-0.21322
0.13103
0.4525
0.67626
0.74698
0.64274
0.3823
0.023014
-0.35111
-0.64936
-0.79732
-0.75685
-0.5369
-0.19201
0.19182
0.51963
0.71221
0.72578
0.56174
0.26411
-0.093364
-0.42647
-0.6604
-0.74566
-0.66692
-0.44407
-0.12635
0.21832
0.5169
0.70542
0.74182
0.6154
0.35081
0.0047571
-0.34477
-0.6156
-0.7411
-0.68755
-0.46427
-0.12276
0.25535
0.57879
0.76995
0.78439
0.62127
0.32204
-0.041488
-0.38583
-0.63583
-0.74087
-0.68398
-0.48283
-0.18377
0.14883
0.44547
0.6444
0.70301
0.60626
0.37079
0.043408
-0.30681
-0.60219
-0.77378
-0.77833
-0.61031
-0.30515
0.068035
0.42292
0.67738
0.77394
0.69357
0.45919
0.12844
-0.22168
-0.51364
-0.68651
-0.70769
-0.57722
-0.32529
-0.00446
0.32096
0.58655
0.73898
0.74569
0.60174
0.33253
-0.0090972
-0.35203
-0.62132
-0.75527
-0.72094
-0.52361
-0.20696
0.15669
0.48381
0.70018
0.75855
0.64908
0.39979
0.067989
-0.27439
-0.55721
-0.72616
-0.75183
-0.63307
-0.39523
-0.084578
0.23971
0.51532
0.68732
0.71866
0.59872
0.34779
0.015388
-0.32848
-0.60808
-0.7595
-0.74653
-0.57018
-0.26896
0.090487
0.42969
0.67704
0.7837
0.73298
0.5414
0.25243
-0.074502
-0.37635
-0.59772
-0.69933
-0.66346
-0.49627
-0.2274
0.09382
0.40562
0.64452
0.75813
0.71751
0.52558
0.21876
-0.13969
-0.47359
-0.71158
-0.80395
-0.73388
-0.52028
-0.21169
0.1262
0.42575
0.63114
0.70782
0.64652
0.4624
0.19073
-0.11936
-0.41227
-0.63402
-0.74089
-0.70787
-0.5352
-0.25105
0.091696
0.42486
0.67931
0.80086
0.76342
0.57548
0.27811
-0.065199
-0.38366
-0.61507
-0.71821
-0.67933
-0.51188
-0.25121
0.053673
0.34885
0.58353
0.7168
0.72335
0.59799
0.35822
0.04365
-0.28901
-0.57569
-0.75796
-0.7965
-0.68118
-0.43459
-0.10756
0.23252
0.51718
0.692
0.72744
0.62287
0.40391
0.1148
-0.19143
-0.46227
-0.65323
-0.7331
-0.68748
-0.52102
-0.25805
0.059106
0.37532
0.63163
0.7768
0.77913
0.63499
0.37128
0.040399
-0.2913
-0.55848
-0.71117
-0.72454
-0.60212
-0.37233
-0.080431
0.22135
0.48289
0.66298
0.7337
0.68306
0.51655
0.25763
-0.053733
-0.36546
-0.62133
-0.77163
-0.78438
-0.65379
-0.4033
-0.081377
0.24891
0.52401
0.69364
0.73057
0.63421
0.42794
0.152
-0.14546
-0.41656
-0.6199
-0.72478
-0.71397
-0.58604
-0.3569
-0.059836
0.25749
0.53975
0.73412
0.80165
0.72692
0.52277
0.22829
-0.099794
-0.39974
-0.6181
-0.71998
-0.69385
-0.55085
-0.31971
-0.039899
0.24508
0.49297
0.66686
0.7388
0.69363
0.53274
0.27664
-0.035672
-0.35158
-0.61412
-0.77382
-0.79995
-0.68788
-0.46017
-0.16108
0.15384
0.42982
0.62323
0.70789
0.67671
0.53966
0.3199
0.049896
-0.23205
-0.48494
-0.66913
-0.75176
-0.71326
-0.55327
-0.29365
0.023314
0.34212
0.60533
0.76597
0.7975
0.69864
0.49187
0.21674
-0.079481
-0.35095
-0.55984
-0.67978
-0.6968
-0.60925
-0.4277
-0.1751
0.1138
0.39521
0.62203
0.75239
0.75897
0.63639
0.40391
0.1022
-0.21532
-0.49407
-0.68948
-0.77461
-0.74286
-0.60587
-0.38856
-0.12351
0.15354
0.40677
0.60249
0.71191
0.71508
0.60569
0.39512
0.11352
-0.19353
-0.47298
-0.67516
-0.76459
-0.72746
-0.5736
-0.33278
-0.046899
0.23924
0.4856
0.66164
0.74781
0.73526
0.62522
0.42919
0.16956
-0.12041
-0.39905
-0.62186
-0.74982
-0.75832
-0.64376
-0.42548
-0.14206
0.15727
0.42322
0.61601
0.71138
0.70197
0.59505
0.40846
0.16675
-0.10118
-0.36334
-0.58599
-0.7365
-0.78826
-0.72689
-0.5556
-0.29743
0.007412
0.30897
0.55792
0.71578
0.76213
0.69669
0.5366
0.31045
0.051654
-0.2067
-0.43458
-0.60586
-0.69897
-0.69848
-0.59837
-0.40573
-0.14314
0.15236
0.43455
0.65687
0.78232
0.79149
0.68609
0.4872
0.22902
-0.049258
-0.31075
-0.52547
-0.67178
-0.73576
-0.71038
-0.59591
-0.40162
-0.1479
0.13339
0.40177
0.61457
0.7357
0.74398
0.63836
0.43809
0.17772
-0.10106
-0.35821
-0.56182
-0.69099
-0.73542
-0.69322
-0.56904
-0.37374
-0.12549
0.14906
0.41545
0.6353
0.77312
0.80434
0.72187
0.5387
0.28526
0.0025045
-0.26717
-0.48806
-0.63607
-0.69965
-0.6776
-0.57601
-0.40596
-0.18337
0.070024
0.32579
0.55026
0.70901
0.77381
0.72987
0.58073
0.34864
0.070022
-0.21269
-0.45996
-0.64211
-0.74242
-0.75628
-0.68796
-0.54724
-0.34762
-0.10668
0.15255
0.40103
0.60588
0.73546
0.7665
0.69068
0.51807
0.27581
0.0022097
-0.26182
-0.48105
-0.63139
-0.70129
-0.68965
-0.60222
-0.44865
-0.2418
0.001113
0.25672
0.4954
0.68417
0.79266
0.80043
0.70291
0.51374
0.26204
-0.01423
-0.2768
-0.49433
-0.64637
-0.72333
-0.72375
-0.65096
-0.51128
-0.31466
-0.076835
0.17863
0.42084
0.61544
0.73147
0.74888
0.66404
0.49098
0.25782
-0.00023835
-0.24889
-0.46064
-0.61726
-0.70872
-0.73027
-0.68007
-0.55888
-0.3723
-0.13396
0.13242
0.39421
0.61484
0.76143
0.81248
0.76284
0.6242
0.42092
0.18319
-0.059857
-0.28453
-0.47351
-0.61403
-0.69533
-0.70756
-0.64342
-0.50207
-0.29327
-0.039393
0.22642
0.46621
0.64534
0.74014
0.74229
0.65857
0.50661
0.30873
0.086661
-0.14105
-0.35833
-0.54924
-0.69599
-0.77953
-0.78314
-0.69799
-0.52817
-0.29265
-0.02285
0.24385
0.47238
0.63713
0.72545
0.73691
0.6792
0.56325
0.39995
0.19986
-0.024469
-0.2555
-0.4695
-0.63866
-0.73655
-0.74513
-0.66041
-0.49446
-0.27259
-0.026953
0.21121
0.4175
0.57671
0.68135
0.72798
0.71391
0.63629
0.49438
0.29366
0.049508
-0.21209
-0.45787
-0.65414
-0.77463
-0.80644
-0.75189
-0.62577
-0.44943
-0.2445
-0.028819
0.18404
0.38237
0.55291
0.67918
0.74302
0.72931
0.63192
0.45819
0.22952
-0.022632
-0.264
-0.46534
-0.60789
-0.68463
-0.69756
-0.6528
-0.55634
-0.41256
-0.22618
-0.0061795
0.23071
0.4595
0.6504
0.77552
0.81618
0.76797
0.64136
0.45783
0.2431
0.020549
-0.19268
-0.38562
-0.55026
-0.67764
-0.7557
-0.77069
-0.71183
-0.57699
-0.37683
-0.13483
0.11712
0.34623
0.52644
0.64323
0.69403
0.68459
0.62353
0.51786
0.37183
0.18925
-0.022066
-0.24662
-0.46068
-0.63593
-0.74626
-0.77499
-0.71958
-0.59172
-0.41296
-0.20774
0.0029964
0.20507
0.39025
0.55235
0.68289
0.76909
0.79558
0.74961
0.62719
0.43734
0.20206
-0.048279
-0.28251
-0.47609
-0.61549
-0.69801
-0.72768
-0.70978
-0.64671
-0.53763
-0.38169
-0.18323
0.044055
0.27663
0.48504
0.6411
0.72539
0.73197
0.66838
0.55121
0.3993
0.22793
0.046378
-0.14032
-0.32674
-0.50251
-0.65052
-0.74948
-0.77994
-0.73123
-0.60626
-0.42171
-0.20345
0.020903
0.22912
0.40819
0.55364
0.66508
0.74081
0.77447
0.75569
0.67467
0.52844
0.32569
0.087523
-0.15674
-0.37697
-0.55004
-0.66456
-0.72092
-0.72686
-0.6912
-0.61881
-0.50942
-0.36067
-0.17377
0.041414
0.26472
0.46881
0.62616
0.71683
0.73385
0.68386
0.58281
0.44897
0.29651
0.13262
-0.040831
-0.22215
-0.40425
-0.57183
-0.70312
-0.77586
-0.77485
-0.69775
-0.55636
-0.37277
-0.17198
0.025521
0.20813
0.37259
0.5194
0.64669
0.74605
0.80275
0.80041
0.72816
0.58679
0.39087
0.16557
-0.060573
-0.26377
-0.43049
-0.55811
-0.65074
-0.71272
-0.74315
-0.73441
-0.67553
-0.55875
-0.38605
-0.17221
0.057334
0.27324
0.45067
0.5758
0.64748
0.67379
0.66517
0.62789
0.56091
0.45789
0.31301
0.12787
-0.084427
-0.30016
-0.49091
-0.63203
-0.70988
-0.72464
-0.68763
-0.61449
-0.51768
-0.4019
-0.26458
-0.10103
0.088592
0.29399
0.49431
0.66297
0.77586
0.81925
0.79373
0.71253
0.59498
0.45841
0.3122
0.1568
-0.012048
-0.19621
-0.38894
-0.57297
-0.72404
-0.81867
-0.84252
-0.79551
-0.69132
-0.55145
-0.3968
-0.24045
-0.085327
0.072729
0.23794
0.40751
0.56821
0.69853
0.77572
0.78449
0.72326
0.60501
0.45221
0.28833
0.12965
-0.01858
-0.16024
-0.30171
-0.44409
-0.57834
-0.68591
-0.74486
-0.73872
-0.66377
-0.53136
-0.36403
-0.18712
-0.019909
0.12974
0.26482
0.39318
0.5193
0.63802
0.73365
0.78497
0.77395
0.69405
0.55405
0.37551
0.18495
0.0043683
-0.15549
-0.29604
-0.4258
-0.55189
-0.67263
-0.77495
-0.83816
-0.84229
-0.77724
-0.64818
-0.4745
-0.2829
-0.097523
0.068036
0.21324
0.34664
0.47753
0.60745
0.72601
0.81311
0.84679
0.81293
0.71218
0.5607
0.38428
0.20849
0.049549
-0.089857
-0.21795
-0.34588
-0.47844
-0.60823
-0.71624
-0.77887
-0.77796
-0.70919
-0.58469
-0.42849
-0.26698
-0.11884
0.010849
0.1295
0.24974
0.37956
0.51488
0.63839
0.72536
0.75384
0.71431
0.61422
0.47508
0.32354
0.18058
0.054039
-0.062121
-0.18145
-0.31485
-0.46174
-0.60695
-0.72513
-0.7907
-0.78863
-0.7209
-0.60553
-0.46854
-0.33279
-0.20882
-0.092396
0.030547
0.17368
0.34012
0.51742
0.6802
0.79955
0.85465
0.84119
0.77247
0.67267
0.56553
0.46392
0.36522
0.25486
0.11615
-0.058477
-0.26033
-0.46519
-0.64172
-0.76363
-0.81992
-0.81822
-0.77973
-0.72815
-0.67802
-0.62809
-0.56306
-0.46264
-0.31379
-0.1198
0.098137
0.30797
0.47911
0.59428
0.65529
0.67984
0.69117
0.70535
0.72266
0.72719
0.69492
0.60644
0.45808
0.26591
0.060592
-0.12473
-0.26762
-0.3645
-0.42974
-0.48623
-0.55212
-0.63005
-0.70445
-0.74813
-0.73519
-0.65397
-0.51376
-0.34179
-0.17201
-0.030785
0.073567
0.15238
0.22867
0.32341
0.44293
0.57351
0.68609
0.74888
0.7419
0.6664
0.54458
0.40957
0.29054
0.19996
0.12927
0.055014
-0.047506
-0.18976
-0.3618
-0.53453
-0.67146
-0.74451
-0.74617
-0.6922
-0.61349
-0.5409
-0.49051
-0.45633
-0.41413
-0.33457
-0.1993
-0.012117
0.20036
0.39899
0.54868
0.63313
0.66089
0.65955
0.66094
0.6845
0.72691
0.76309
0.75831
0.68548
0.53944
0.34103
0.12892
-0.056981
-0.19284
-0.28031
-0.34373
-0.41618
-0.52135
-0.65987
-0.807
-0.92292
-0.9709
-0.93445
-0.82534
-0.67838
-0.53527
-0.42539
-0.35267
-0.29496
-0.21638
-0.086634
0.10197
0.3283
0.55012
0.72223
0.81645
0.83381
0.80292
0.76531
0.75454
0.77941
0.81929
0.83412
0.7843
0.651
0.44687
0.21195
-0.0037059
-0.16222
-0.25448
-0.30286
-0.34877
-0.43089
-0.56454
-0.73243
-0.89124
-0.99132
-1
-0.91731
-0.77634
-0.62791
-0.51677
-0.4606
-0.44226
-0.41895
-0.34422
-0.19213
0.028068
0.27412
0.48899
0.62663
0.67289
0.65137
0.61135
0.60321
0.65326
0.75017
0.84967
0.89562
0.84742
0.70054
0.49009
0.27551
0.11331
0.030999
0.014823
0.017257
-0.018926
-0.13158
-0.3191
-0.53925
-0.72779
-0.82824
-0.81848
-0.72145
-0.59434
-0.50129
-0.48254
-0.53482
-0.61275
-0.65078
-0.59543
-0.43238
-0.19514
0.049157
0.23044
0.30823
0.29052
0.22946
0.19585
0.24418
0.38515
0.57906
0.75351
0.83746
0.79532
0.64473
0.4491
0.28812
0.22006
0.25391
0.3449
0.41603
0.39555
0.25263
0.013949
-0.24714
-0.44415
-0.51797
-0.46496
-0.33891
-0.2255
-0.20105
-0.29519
-0.47548
-0.66175
-0.7638
-0.72475
-0.54927
-0.30282
-0.081795
0.03164
0.0086459
-0.1122
-0.24297
-0.28849
-0.19269
0.032985
0.31309
0.5425
0.63566
0.56746
0.3859
0.1901
0.083526
0.12432
0.29662
0.51683
0.67259
0.67626
0.50768
0.2255
-0.05889
-0.23308
-0.23678
-0.09094
0.11132
0.24847
0.22866
0.034643
-0.26608
-0.55145
-0.70163
-0.65586
-0.44228
-0.16597
0.039691
0.076055
-0.073335
-0.33355
-0.57246
-0.66285
0
0
0
0
0
0
0
0
0
0
0
0
0
0
0
0
0
0
0
0
0
0
0
0
0
0
0
0
0
0
0
0
0
0
0
0
0
0
0
0
0
0
0
0
0
0
0
0
0
0
0
0
0
0
0
0
0
0
0
0
0
0
0
0
0
0
0
0
0
0
0
0
0
0
0
0
0
0
0
0
0
0
0
0
0
0
0
0
0
0
0
0
0
0
0
0
0
0
0
0
0
0
0
0
0
0
0
0
0
0
0
0
0
0
0
0
0
0
0
0
0
0
0
0
0
0
0
0
0
0
0
0
0
0
0
0
0
0
0
0
0
0
0
0
0
0
0
0
0
0
0
0
0
0
0
0
0
0
0
0
0
0
0
0
0
0
0
0
0
0
0
0
0
0
0
0
0
0
0
0
0
0
0
0
0
0
0
0
0
0
0
0
0
0
0
0
0
0
0
0
0
0
0
0
0
0
0
0
0
0
0
0
0
0
0
0
0
0
0
0
0
0
0
0
0
0
0
0
0
0
0
0
0
0
0
0
0
0
0
0
0
0
0
0
0
0
0
0
0
0
0
0
0
0
0
0
0
0
0
0
0
0
0
0
0
0
0
0
0
0
-0.84119
-0.77247
-0.67267
-0.56553
-0.46392
-0.36522
-0.25486
-0.11615
0.058477
0.26033
0.46519
0.64172
0.76363
0.81992
0.81822
0.77973
0.72815
0.67802
0.62809
0.56306
0.46264
0.31379
0.1198
-0.098137
-0.30797
-0.47911
-0.59428
-0.65529
-0.67984
-0.69117
-0.70535
-0.72266
-0.72719
-0.69492
-0.60644
-0.45808
-0.26591
-0.060592
0.12473
0.26762
0.3645
0.42974
0.48623
0.55212
0.63005
0.70445
0.74813
0.73519
0.65397
0.51376
0.34179
0.17201
0.030785
-0.073567
-0.15238
-0.22867
-0.32341
-0.44293
-0.57351
-0.68609
-0.74888
-0.7419
-0.6664
-0.54458
-0.40957
-0.29054
-0.19996
-0.12927
-0.055014
0.047506
0.18976
0.3618
0.53453
0.67146
0.74451
0.74617
0.6922
0.61349
0.5409
0.49051
0.45633
0.41413
0.33457
0.1993
0.012117
-0.20036
-0.39899
-0.54868
-0.63313
-0.66089
-0.65955
-0.66094
-0.6845
-0.72691
-0.76309
-0.75831
-0.68548
-0.53944
-0.34103
-0.12892
0.056981
0.19284
0.28031
0.34373
0.41618
0.52135
0.65987
0.807
0.92292
0.9709
0.93445
0.82534
0.67838
0.53527
0.42539
0.35267
0.29496
0.21638
0.086634
-0.10197
-0.3283
-0.55012
-0.72223
-0.81645
-0.83381
-0.80292
-0.76531
-0.75454
-0.77941
-0.81929
-0.83412
-0.7843
-0.651
-0.44687
-0.21195
0.0037059
0.16222
0.25448
0.30286
0.34877
0.43089
0.56454
0.73243
0.89124
0.99132
1
0.91731
0.77634
0.62791
0.51677
0.4606
0.44226
0.41895
0.34422
0.19213
-0.028068
-0.27412
-0.48899
-0.62663
-0.67289
-0.65137
-0.61135
-0.60321
-0.65326
-0.75017
-0.84967
-0.89562
-0.84742
-0.70054
-0.49009
-0.27551
-0.11331
-0.030999
-0.014823
-0.017257
0.018926
0.13158
0.3191
0.53925
0.72779
0.82824
0.81848
0.72145
0.59434
0.50129
0.48254
0.53482
0.61275
0.65078
0.59543
0.43238
0.19514
-0.049157
-0.23044
-0.30823
-0.29052
-0.22946
-0.19585
-0.24418
-0.38515
-0.57906
-0.75351
-0.83746
-0.79532
-0.64473
-0.4491
-0.28812
-0.22006
-0.25391
-0.3449
-0.41603
-0.39555
-0.25263
-0.013949
0.24714
0.44415
0.51797
0.46496
0.33891
0.2255
0.20105
0.29519
0.47548
0.66175
0.7638
0.72475
0.54927
0.30282
0.081795
-0.03164
-0.0086459
0.1122
0.24297
0.28849
0.19269
-0.032985
-0.31309
-0.5425
-0.63566
-0.56746
-0.3859
-0.1901
-0.083526
-0.12432
-0.29662
-0.51683
-0.67259
-0.67626
-0.50768
-0.2255
0.05889
0.23308
0.23678
0.09094
-0.11132
-0.24847
-0.22866
-0.034643
0.26608
0.55145
0.70163
0.65586
0.44228
0.16597
-0.039691
-0.076055
0.073335
0.33355
0.57246
0.66285
0.54328
0.24894
-0.10291
-0.36662
-0.43635
-0.29648
-0.030202
0.21859
0.31288
0.18794
-0.11635
-0.4722
-0.72264
-0.75505
-0.55513
-0.21533
0.10699
0.26266
0.18119
-0.094794
-0.4279
-0.64949
-0.63893
-0.38164
0.021892
0.4011
0.59411
0.52366
0.23451
-0.12595
-0.37556
-0.38273
-0.12926
0.27908
0.66003
0.83903
0.73105
0.38188
-0.051242
-0.37145
-0.43359
-0.21275
0.18253
0.55921
0.72888
0.59614
0.20465
-0.28082
-0.64928
-0.74078
-0.52137
-0.10038
0.31875
0.53199
0.42967
0.048813
-0.44206
-0.81939
-0.9075
-0.66066
-0.18586
0.30475
0.59066
0.54472
0.19279
-0.29672
-0.68921
-0.79164
-0.54223
-0.040532
0.49657
0.83325
0.8228
0.47574
-0.043778
-0.49209
-0.65725
-0.45658
0.024326
0.56941
0.93
0.9383
0.58471
0.023387
-0.49692
-0.74556
-0.61503
-0.17049
0.37917
0.77572
0.8289
0.5033
-0.064742
-0.62805
-0.94003
-0.8661
-0.44473
0.1296
0.59399
0.73565
0.48791
-0.039496
-0.60974
-0.96528
-0.94361
-0.55023
0.043863
0.57882
0.82223
0.67278
0.20511
-0.36418
-0.77367
-0.83383
-0.51119
0.057293
0.62574
0.94876
0.89004
0.48181
-0.090542
-0.57146
-0.74843
-0.54517
-0.054067
0.50599
0.88679
0.9199
0.58954
0.037937
-0.49838
-0.7926
-0.72601
-0.338
0.19324
0.62991
0.77834
0.57205
0.098559
-0.44055
-0.81788
-0.87802
-0.60272
-0.11624
0.37019
0.64977
0.60782
0.26861
-0.21766
-0.64069
-0.81992
-0.67983
-0.27954
0.21457
0.60035
0.72473
0.54609
0.14911
-0.29299
-0.59183
-0.6218
-0.37043
0.058621
0.49015
0.75017
0.73659
0.45944
0.03481
-0.3638
-0.57637
-0.52063
-0.22409
0.18843
0.54604
0.70076
0.58669
0.2459
-0.18894
-0.54782
-0.69132
-0.56618
-0.22651
0.18773
0.50652
0.59769
0.42013
0.041039
-0.39012
-0.70077
-0.76436
-0.5518
-0.14455
0.29682
0.59625
0.63319
0.39224
-0.029024
-0.45787
-0.71555
-0.69001
-0.38283
0.08945
0.54093
0.7911
0.73868
0.40428
-0.076272
-0.50587
-0.70614
-0.59091
-0.20275
0.30282
0.71985
0.87586
0.70304
0.26703
-0.25881
-0.66355
-0.78477
-0.57531
-0.12297
0.38493
0.73788
0.78815
0.5111
0.015278
-0.50191
-0.83451
-0.85155
-0.54966
-0.053607
0.43498
0.71955
0.68762
0.35506
-0.14177
-0.60205
-0.84153
-0.76564
-0.40564
0.095809
0.54286
0.76454
0.68128
0.33412
-0.13391
-0.53574
-0.71384
-0.60045
-0.24162
0.22307
0.61614
0.79065
0.68521
0.34518
-0.096981
-0.47343
-0.64454
-0.55038
-0.23137
0.18866
0.54976
0.7155
0.62296
0.30502
-0.12255
-0.50421
-0.70178
-0.64504
-0.35735
0.052763
0.43128
0.63512
0.58506
0.29571
-0.12869
-0.53177
-0.76245
-0.73141
-0.44567
-0.0077092
0.42125
0.68089
0.67246
0.39732
-0.041625
-0.47728
-0.74087
-0.7265
-0.4327
0.035183
0.50372
0.79687
0.80341
0.52032
0.054981
-0.4151
-0.70989
-0.71585
-0.42969
0.040128
0.51478
0.81339
0.82205
0.5368
0.06455
-0.41828
-0.73307
-0.76628
-0.51126
-0.069122
0.39089
0.69566
0.73257
0.48996
0.059208
-0.40108
-0.7246
-0.79798
-0.60036
-0.20849
0.23347
0.56717
0.6766
0.52797
0.17941
-0.24171
-0.5848
-0.72884
-0.6237
-0.3061
0.11424
0.49315
0.70168
0.67007
0.4114
0.017036
-0.37455
-0.62512
-0.64442
-0.42198
-0.031939
0.3914
0.69946
0.78134
0.60374
0.22449
-0.22596
-0.58951
-0.73632
-0.61216
-0.2594
0.1963
0.59002
0.7767
0.6842
0.34059
-0.13478
-0.57364
-0.81962
-0.78508
-0.48321
-0.023407
0.42848
0.71026
0.72196
0.46131
0.023633
-0.43351
-0.7474
-0.80809
-0.59637
-0.18867
0.27188
0.62693
0.75824
0.62733
0.28634
-0.14239
-0.50998
-0.69191
-0.62907
-0.34544
0.062062
0.45743
0.71095
0.74121
0.5406
0.17654
-0.23117
-0.54938
-0.67452
-0.56598
-0.25949
0.14392
0.51009
0.71513
0.68647
0.42792
0.020199
-0.40422
-0.70434
-0.77809
-0.598
-0.2224
0.2226
0.5849
0.73847
0.62739
0.28649
-0.16941
-0.58436
-0.81508
-0.78082
-0.49163
-0.045041
0.40778
0.71444
0.7737
0.56962
0.17585
-0.27097
-0.61872
-0.75139
-0.62713
-0.29024
0.14589
0.53808
0.76094
0.74689
0.50587
0.11967
-0.28632
-0.58375
-0.68137
-0.55223
-0.24044
0.15384
0.50584
0.70451
0.68625
0.45434
0.078218
-0.32719
-0.63632
-0.75176
-0.63533
-0.32153
0.091512
0.47176
0.69489
0.68486
0.44013
0.036129
-0.39766
-0.71931
-0.82135
-0.66705
-0.3038
0.15175
0.55195
0.76715
0.72881
0.45202
0.029994
-0.39751
-0.6907
-0.75547
-0.57306
-0.20438
0.23158
0.59736
0.78094
0.72995
0.46583
0.074558
-0.32185
-0.60344
-0.68802
-0.55428
-0.24625
0.14125
0.49118
0.69847
0.7003
0.49413
0.13863
-0.26276
-0.59158
-0.74894
-0.68558
-0.41797
-0.02529
0.37297
0.65276
0.72402
0.5601
0.20794
-0.22488
-0.60311
-0.80655
-0.76883
-0.49945
-0.081291
0.35556
0.67546
0.78051
0.64126
0.30513
-0.11992
-0.50048
-0.7198
-0.71328
-0.48655
-0.1113
0.29853
0.62217
0.76753
0.69675
0.43488
0.060565
-0.31774
-0.59271
-0.68772
-0.57738
-0.29398
0.081439
0.44126
0.68085
0.72803
0.56438
0.23214
-0.17608
-0.54269
-0.75919
-0.759
-0.53893
-0.16218
0.25923
0.59776
0.74948
0.66664
0.37315
-0.042381
-0.45394
-0.73709
-0.80726
-0.645
-0.30074
0.12204
0.49924
0.72347
0.73496
0.53695
0.19216
-0.19745
-0.52086
-0.68881
-0.65717
-0.43714
-0.090474
0.28795
0.59555
0.74886
0.70537
0.475
0.1184
-0.26824
-0.57826
-0.72369
-0.66063
-0.40335
-0.022502
0.37344
0.66871
0.77432
0.65536
0.34265
-0.075267
-0.47798
-0.74909
-0.81102
-0.64794
-0.30971
0.1039
0.4736
0.69567
0.71126
0.52135
0.184
-0.2042
-0.53614
-0.72334
-0.7184
-0.52546
-0.19717
0.18017
0.509
0.70492
0.71758
0.54333
0.22684
-0.14928
-0.48471
-0.68734
-0.69835
-0.50969
-0.16855
0.23371
0.58573
0.78748
0.77944
0.56083
0.19097
-0.22732
-0.57738
-0.76249
-0.73363
-0.50275
-0.13801
0.25702
0.57347
0.72725
0.68084
0.451
0.10178
-0.27438
-0.58131
-0.74309
-0.72161
-0.52448
-0.20203
0.16522
0.48566
0.67842
0.69316
0.52343
0.20995
-0.16781
-0.51071
-0.72545
-0.75021
-0.573
-0.2369
0.17015
0.539
0.76963
0.79958
0.62171
0.286
-0.1151
-0.4731
-0.69378
-0.72231
-0.55635
-0.24432
0.12968
0.46916
0.68991
0.7398
0.60958
0.33303
-0.022374
-0.37171
-0.63193
-0.74066
-0.6706
-0.43677
-0.094429
0.2726
0.57144
0.72331
0.68483
0.46114
0.10674
-0.28741
-0.61764
-0.79573
-0.77346
-0.55612
-0.20105
0.19853
0.53942
0.73624
0.74336
0.56505
0.2519
-0.11434
-0.44254
-0.65451
-0.70243
-0.57803
-0.31255
0.031551
0.37477
0.63777
0.75851
0.70629
0.4897
0.15648
-0.2158
-0.53704
-0.72648
-0.73387
-0.55406
-0.23022
0.15596
0.5052
0.72692
0.76369
0.60643
0.29628
-0.087311
-0.4484
-0.69967
-0.78395
-0.68658
-0.43635
-0.096051
0.25395
0.53444
0.68426
0.67219
0.50244
0.21322
-0.13103
-0.4525
-0.67626
-0.74698
-0.64274
-0.3823
-0.023014
0.35111
0.64936
0.79732
0.75685
0.5369
0.19201
-0.19182
-0.51963
-0.71221
-0.72578
-0.56174
-0.26411
0.093364
0.42647
0.6604
0.74566
0.66692
0.44407
0.12635
-0.21832
-0.5169
-0.70542
-0.74182
-0.6154
-0.35081
-0.0047571
0.34477
0.6156
0.7411
0.68755
0.46427
0.12276
-0.25535
-0.57879
-0.76995
-0.78439
-0.62127
-0.32204
0.041488
0.38583
0.63583
0.74087
0.68398
0.48283
0.18377
-0.14883
-0.44547
-0.6444
-0.70301
-0.60626
-0.37079
-0.043408
0.30681
0.60219
0.77378
0.77833
0.61031
0.30515
-0.068035
-0.42292
-0.67738
-0.77394
-0.69357
-0.45919
-0.12844
0.22168
0.51364
0.68651
0.70769
0.57722
0.32529
0.00446
-0.32096
-0.58655
-0.73898
-0.74569
-0.60174
-0.33253
0.0090972
0.35203
0.62132
0.75527
0.72094
0.52361
0.20696
-0.15669
-0.48381
-0.70018
-0.75855
-0.64908
-0.39979
-0.067989
0.27439
0.55721
0.72616
0.75183
0.63307
0.39523
0.084578
-0.23971
-0.51532
-0.68732
-0.71866
-0.59872
-0.34779
-0.015388
0.32848
0.60808
0.7595
0.74653
0.57018
0.26896
-0.090487
-0.42969
-0.67704
-0.7837
-0.73298
-0.5414
-0.25243
0.074502
0.37635
0.59772
0.69933
0.66346
0.49627
0.2274
-0.09382
-0.40562
-0.64452
-0.75813
-0.71751
-0.52558
-0.21876
0.13969
0.47359
0.71158
0.80395
0.73388
0.52028
0.21169
-0.1262
-0.42575
-0.63114
-0.70782
-0.64652
-0.4624
-0.19073
0.11936
0.41227
0.63402
0.74089
0.70787
0.5352
0.25105
-0.091696
-0.42486
-0.67931
-0.80086
-0.76342
-0.57548
-0.27811
0.065199
0.38366
0.61507
0.71821
0.67933
0.51188
0.25121
-0.053673
-0.34885
-0.58353
-0.7168
-0.72335
-0.59799
-0.35822
-0.04365
0.28901
0.57569
0.75796
0.7965
0.68118
0.43459
0.10756
-0.23252
-0.51718
-0.692
-0.72744
-0.62287
-0.40391
-0.1148
0.19143
0.46227
0.65323
0.7331
0.68748
0.52102
0.25805
-0.059106
-0.37532
-0.63163
-0.7768
-0.77913
-0.63499
-0.37128
-0.040399
0.2913
0.55848
0.71117
0.72454
0.60212
0.37233
0.080431
-0.22135
-0.48289
-0.66298
-0.7337
-0.68306
-0.51655
-0.25763
0.053733
0.36546
0.62133
0.77163
0.78438
0.65379
0.4033
0.081377
-0.24891
-0.52401
-0.69364
-0.73057
-0.63421
-0.42794
-0.152
0.14546
0.41656
0.6199
0.72478
0.71397
0.58604
0.3569
0.059836
-0.25749
-0.53975
-0.73412
-0.80165
-0.72692
-0.52277
-0.22829
0.099794
0.39974
0.6181
0.71998
0.69385
0.55085
0.31971
0.039899
-0.24508
-0.49297
-0.66686
-0.7388
-0.69363
-0.53274
-0.27664
0.035672
0.35158
0.61412
0.77382
0.79995
0.68788
0.46017
0.16108
-0.15384
-0.42982
-0.62323
-0.70789
-0.67671
-0.53966
-0.3199
-0.049896
0.23205
0.48494
0.66913
0.75176
0.71326
0.55327
0.29365
-0.023314
-0.34212
-0.60533
-0.76597
-0.7975
-0.69864
-0.49187
-0.21674
0.079481
0.35095
0.55984
0.67978
0.6968
0.60925
0.4277
0.1751
-0.1138
-0.39521
-0.62203
-0.75239
-0.75897
-0.63639
-0.40391
-0.1022
0.21532
0.49407
0.68948
0.77461
0.74286
0.60587
0.38856
0.12351
-0.15354
-0.40677
-0.60249
-0.71191
-0.71508
-0.60569
-0.39512
-0.11352
0.19353
0.47298
0.67516
0.76459
0.72746
0.5736
0.33278
0.046899
-0.23924
-0.4856
-0.66164
-0.74781
-0.73526
-0.62522
-0.42919
-0.16956
0.12041
0.39905
0.62186
0.74982
0.75832
0.64376
0.42548
0.14206
-0.15727
-0.42322
-0.61601
-0.71138
-0.70197
-0.59505
-0.40846
-0.16675
0.10118
0.36334
0.58599
0.7365
0.78826
0.72689
0.5556
0.29743
-0.007412
-0.30897
-0.55792
-0.71578
-0.76213
-0.69669
-0.5366
-0.31045
-0.051654
0.2067
0.43458
0.60586
0.69897
0.69848
0.59837
0.40573
0.14314
-0.15236
-0.43455
-0.65687
-0.78232
-0.79149
-0.68609
-0.4872
-0.22902
0.049258
0.31075
0.52547
0.67178
0.73576
0.71038
0.59591
0.40162
0.1479
-0.13339
-0.40177
-0.61457
-0.7357
-0.74398
-0.63836
-0.43809
-0.17772
0.10106
0.35821
0.56182
0.69099
0.73542
0.69322
0.56904
0.37374
0.12549
-0.14906
-0.41545
-0.6353
-0.77312
-0.80434
-0.72187
-0.5387
-0.28526
-0.0025045
0.26717
0.48806
0.63607
0.69965
0.6776
0.57601
0.40596
0.18337
-0.070024
-0.32579
-0.55026
-0.70901
-0.77381
-0.72987
-0.58073
-0.34864
-0.070022
0.21269
0.45996
0.64211
0.74242
0.75628
0.68796
0.54724
0.34762
0.10668
-0.15255
-0.40103
-0.60588
-0.73546
-0.7665
-0.69068
-0.51807
-0.27581
-0.0022097
0.26182
0.48105
0.63139
0.70129
0.68965
0.60222
0.44865
0.2418
-0.001113
-0.25672
-0.4954
-0.68417
-0.79266
-0.80043
-0.70291
-0.51374
-0.26204
0.01423
0.2768
0.49433
0.64637
0.72333
0.72375
0.65096
0.51128
0.31466
0.076835
-0.17863
-0.42084
-0.61544
-0.73147
-0.74888
-0.66404
-0.49098
-0.25782
0.00023835
0.24889
0.46064
0.61726
0.70872
0.73027
0.68007
0.55888
0.3723
0.13396
-0.13242
-0.39421
-0.61484
-0.76143
-0.81248
-0.76284
-0.6242
-0.42092
-0.18319
0.059857
0.28453
0.47351
0.61403
0.69533
0.70756
0.64342
0.50207
0.29327
0.039393
-0.22642
-0.46621
-0.64534
-0.74014
-0.74229
-0.65857
-0.50661
-0.30873
-0.086661
0.14105
0.35833
0.54924
0.69599
0.77953
0.78314
0.69799
0.52817
0.29265
0.02285
-0.24385
-0.47238
-0.63713
-0.72545
-0.73691
-0.6792
-0.56325
-0.39995
-0.19986
0.024469
0.2555
0.4695
0.63866
0.73655
0.74513
0.66041
0.49446
0.27259
0.026953
-0.21121
-0.4175
-0.57671
-0.68135
-0.72798
-0.71391
-0.63629
-0.49438
-0.29366
-0.049508
0.21209
0.45787
0.65414
0.77463
0.80644
0.75189
0.62577
0.44943
0.2445
0.028819
-0.18404
-0.38237
-0.55291
-0.67918
-0.74302
-0.72931
-0.63192
-0.45819
-0.22952
0.022632
0.264
0.46534
0.60789
0.68463
0.69756
0.6528
0.55634
0.41256
0.22618
0.0061795
-0.23071
-0.4595
-0.6504
-0.77552
-0.81618
-0.76797
-0.64136
-0.45783
-0.2431
-0.020549
0.19268
0.38562
0.55026
0.67764
0.7557
0.77069
0.71183
0.57699
0.37683
0.13483
-0.11712
-0.34623
-0.52644
-0.64323
-0.69403
-0.68459
-0.62353
-0.51786
-0.37183
-0.18925
0.022066
0.24662
0.46068
0.63593
0.74626
0.77499
0.71958
0.59172
0.41296
0.20774
-0.0029964
-0.20507
-0.39025
-0.55235
-0.68289
-0.76909
-0.79558
-0.74961
-0.62719
-0.43734
-0.20206
0.048279
0.28251
0.47609
0.61549
0.69801
0.72768
0.70978
0.64671
0.53763
0.38169
0.18323
-0.044055
-0.27663
-0.48504
-0.6411
-0.72539
-0.73197
-0.66838
-0.55121
-0.3993
-0.22793
-0.046378
0.14032
0.32674
0.50251
0.65052
0.74948
0.77994
0.73123
0.60626
0.42171
0.20345
-0.020903
-0.22912
-0.40819
-0.55364
-0.66508
-0.74081
-0.77447
-0.75569
-0.67467
-0.52844
-0.32569
-0.087523
0.15674
0.37697
0.55004
0.66456
0.72092
0.72686
0.6912
0.61881
0.50942
0.36067
0.17377
-0.041414
-0.26472
-0.46881
-0.62616
-0.71683
-0.73385
-0.68386
-0.58281
-0.44897
-0.29651
-0.13262
0.040831
0.22215
0.40425
0.57183
0.70312
0.77586
0.77485
0.69775
0.55636
0.37277
0.17198
-0.025521
-0.20813
-0.37259
-0.5194
-0.64669
-0.74605
-0.80275
-0.80041
-0.72816
-0.58679
-0.39087
-0.16557
0.060573
0.26377
0.43049
0.55811
0.65074
0.71272
0.74315
0.73441
0.67553
0.55875
0.38605
0.17221
-0.057334
-0.27324
-0.45067
-0.5758
-0.64748
-0.67379
-0.66517
-0.62789
-0.56091
-0.45789
-0.31301
-0.12787
0.084427
0.30016
0.49091
0.63203
0.70988
0.72464
0.68763
0.61449
0.51768
0.4019
0.26458
0.10103
-0.088592
-0.29399
-0.49431
-0.66297
-0.77586
-0.81925
-0.79373
-0.71253
-0.59498
-0.45841
-0.3122
-0.1568
0.012048
0.19621
0.38894
0.57297
0.72404
0.81867
0.84252
0.79551
0.69132
0.55145
0.3968
0.24045
0.085327
-0.072729
-0.23794
-0.40751
-0.56821
-0.69853
-0.77572
-0.78449
-0.72326
-0.60501
-0.45221
-0.28833
-0.12965
0.01858
0.16024
0.30171
0.44409
0.57834
0.68591
0.74486
0.73872
0.66377
0.53136
0.36403
0.18712
0.019909
-0.12974
-0.26482
-0.39318
-0.5193
-0.63802
-0.73365
-0.78497
-0.77395
-0.69405
-0.55405
-0.37551
-0.18495
-0.0043683
0.15549
0.29604
0.4258
0.55189
0.67263
0.77495
0.83816
0.84229
0.77724
0.64818
0.4745
0.2829
0.097523
-0.068036
-0.21324
-0.34664
-0.47753
-0.60745
-0.72601
-0.81311
-0.84679
-0.81293
-0.71218
-0.5607
-0.38428
-0.20849
-0.049549
0.089857
0.21795
0.34588
0.47844
0.60823
0.71624
0.77887
0.77796
0.70919
0.58469
0.42849
0.26698
0.11884
-0.010849
-0.1295
-0.24974
-0.37956
-0.51488
-0.63839
-0.72536
-0.75384
-0.71431
-0.61422
-0.47508
-0.32354
-0.18058
-0.054039
0.062121
0.18145
0.31485
0.46174
0.60695
0.72513
0.7907
0.78863
0.7209
0.60553
0.46854
0.33279
0.20882
0.092396
-0.030547
-0.17368
-0.34012
-0.51742
-0.6802
-0.79955
-0.85465
-0.84119
-0.77247
-0.67267
-0.56553
-0.46392
-0.36522
-0.25486
-0.11615
0.058477
0.26033
0.46519
0.64172
0.76363
0.81992
0.81822
0.77973
0.72815
0.67802
0.62809
0.56306
0.46264
0.31379
0.1198
-0.098137
-0.30797
-0.47911
-0.59428
-0.65529
-0.67984
-0.69117
-0.70535
-0.72266
-0.72719
-0.69492
-0.60644
-0.45808
-0.26591
-0.060592
0.12473
0.26762
0.3645
0.42974
0.48623
0.55212
0.63005
0.70445
0.74813
0.73519
0.65397
0.51376
0.34179
0.17201
0.030785
-0.073567
-0.15238
-0.22867
-0.32341
-0.44293
-0.57351
-0.68609
-0.74888
-0.7419
-0.6664
-0.54458
-0.40957
-0.29054
-0.19996
-0.12927
-0.055014
0.047506
0.18976
0.3618
0.53453
0.67146
0.74451
0.74617
0.6922
0.61349
0.5409
0.49051
0.45633
0.41413
0.33457
0.1993
0.012117
-0.20036
-0.39899
-0.54868
-0.63313
-0.66089
-0.65955
-0.66094
-0.6845
-0.72691
-0.76309
-0.75831
-0.68548
-0.53944
-0.34103
-0.12892
0.056981
0.19284
0.28031
0.34373
0.41618
0.52135
0.65987
0.807
0.92292
0.9709
0.93445
0.82534
0.67838
0.53527
0.42539
0.35267
0.29496
0.21638
0.086634
-0.10197
-0.3283
-0.55012
-0.72223
-0.81645
-0.83381
-0.80292
-0.76531
-0.75454
-0.77941
-0.81929
-0.83412
-0.7843
-0.651
-0.44687
-0.21195
0.0037059
0.16222
0.25448
0.30286
0.34877
0.43089
0.56454
0.73243
0.89124
0.99132
1
0.91731
0.77634
0.62791
0.51677
0.4606
0.44226
0.41895
0.34422
0.19213
-0.028068
-0.27412
-0.48899
-0.62663
-0.67289
-0.65137
-0.61135
-0.60321
-0.65326
-0.75017
-0.84967
-0.89562
-0.84742
-0.70054
-0.49009
-0.27551
-0.11331
-0.030999
-0.014823
-0.017257
0.018926
0.13158
0.3191
0.53925
0.72779
0.82824
0.81848
0.72145
0.59434
0.50129
0.48254
0.53482
0.61275
0.65078
0.59543
0.43238
0.19514
-0.049157
-0.23044
-0.30823
-0.29052
-0.22946
-0.19585
-0.24418
-0.38515
-0.57906
-0.75351
-0.83746
-0.79532
-0.64473
-0.4491
-0.28812
-0.22006
-0.25391
-0.3449
-0.41603
-0.39555
-0.25263
-0.013949
0.24714
0.44415
0.51797
0.46496
0.33891
0.2255
0.20105
0.29519
0.47548
0.66175
0.7638
0.72475
0.54927
0.30282
0.081795
-0.03164
-0.0086459
0.1122
0.24297
0.28849
0.19269
-0.032985
-0.31309
-0.5425
-0.63566
-0.56746
-0.3859
-0.1901
-0.083526
-0.12432
-0.29662
-0.51683
-0.67259
-0.67626
-0.50768
-0.2255
0.05889
0.23308
0.23678
0.09094
-0.11132
-0.24847
-0.22866
-0.034643
0.26608
0.55145
0.70163
0.65586
0.44228
0.16597
-0.039691
-0.076055
0.073335
0.33355
0.57246
0.66285
0
0
0
0
0
0
0
0
0
0
0
0
0
0
0
0
0
0
0
0
0
0
0
0
0
0
0
0
0
0
0
0
0
0
0
0
0
0
0
0
0
0
0
0
0
0
0
0
0
0
0
0
0
0
0
0
0
0
0
0
0
0
0
0
0
0
0
0
0
0
0
0
0
0
0
0
0
0
0
0
0
0
0
0
0
0
0
0
0
0
0
0
0
0
0
0
0
0
0
0
0
0
0
0
0
0
0
0
0
0
0
0
0
0
0
0
0
0
0
0
0
0
0
0
0
0
0
0
0
0
0
0
0
0
0
0
0
0
0
0
0
0
0
0
0
0
0
0
0
0
0
0
0
0
0
0
0
0
0
0
0
0
0
0
0
0
0
0
0
0
0
0
0
0
0
0
0
0
0
0
0
0
0
0
0
0
0
0
0
0
0
0
0
0
0
0
0
0
0
0
0
0
0
0
0
0
0
0
0
0
0
0
0
0
0
0
0
0
0
0
0
0
0
0
0
0
0
0
0
0
0
0
0
0
0
0
0
0
0
0
0
0
0
0
0
0
0
0
0
0
0
0
0
0
0
0
0
0
0
0
0
0
0
0
0
0
0
0
0
0
0
0
0
0
0
0
0
0
0
0
0
0
0
0
0
0
0
0
0
0
0
0
0
0
0
0
0
0
0
0
0
0
0
0
0
0
0
0
0
0
0
0
0
0
0
0
0
0
0
0
0
0
0
0
0
0
0
0
0
0
0
0
0
0
0
0
0
0
0
0
0
0
0
0
0
0
0
0
0
0
0
0
0
0
0
0
0
0
0
0
0
0
0
0
0
0
0
0
0
0
0
0
0
0
0
0
0
0
0
0
0
0
0
0
0
0
0
0
0
0
0
0
0
0
0
0
0
0
0
0
0
0
0
0
0
0
0
0
0
0
0
0
0
0
0
0
0
0
0
0
0
0
0
0
0
0
0
0
0
0
0
0
0
0
0
0
0
0
0
0
0
0
0
0
0
0
0
0
0
0
0
0
0
0
0
0
0
0
0
0
0
0
0
0
0
0
0
0
0
0
0
0
0
0
0
0
0
0
0
0
0
0
0
0
0
0
0
0
0
0
0
0
0
0
0
0
0
0
0
0
0
0
0
0
0
0
0
0
0
0
0
0
0
0
0
0
0
0
0
0
0
0
0
0
0
0
0
0
0
0
0
0
0
0
0
0
0
0
0
0
0
0
0
0
0
0
0
0
0
0
0
0
0
0
0
0
0
0
0
0
0
0
0
0
0
0
0
0
0
0
0
0
0
0
0
0
0
0
0
0
0
0
0
0
0
0
0
0
0
0
0
0
0
0
0
0
0
0
0
0
0
0
0
0
0
0
0
0
0
0
0
0
0
0
0
0
0
0
0
0
0
0
0
0
0
0
0
0
0
0
0
0
0
0
0
0
0
0
0
0
0.52462
0.36761
0.15459
-0.057561
-0.22066
-0.31027
-0.33078
-0.309
-0.2791
-0.26558
-0.2713
-0.27604
-0.24641
-0.15319
0.011068
0.22212
0.42685
0.55906
0.56317
0.41689
0.14413
-0.18806
-0.4884
-0.67042
-0.68142
-0.52102
-0.24193
0.067627
0.31423
0.43138
0.4021
0.26344
0.091414
-0.028516
-0.034486
0.087293
0.29578
0.50878
0.63236
0.59538
0.37687
0.016058
-0.39836
-0.75631
-0.96186
-0.96372
-0.7707
-0.44685
-0.088877
0.20593
0.36997
0.38376
0.27707
0.11371
-0.033428
-0.10761
-0.085165
0.021075
0.1713
0.31622
0.41512
0.44768
0.41599
0.33769
0.2344
0.12144
0.0034323
-0.1226
-0.25882
-0.39764
-0.51729
-0.58527
-0.56919
-0.45114
-0.23961
0.026905
0.28711
0.47386
0.53529
0.4529
0.24957
-0.015704
-0.26539
-0.42738
-0.45742
-0.3522
-0.14875
0.089303
0.29377
0.41405
0.43184
0.36359
0.25041
0.13988
0.066909
0.040903
0.044007
0.040657
-0.0054335
-0.11365
-0.27515
-0.45244
-0.5903
-0.6344
-0.55098
-0.34065
-0.041201
0.28168
0.55291
0.70973
0.71966
0.58914
0.36031
0.097438
-0.13255
-0.27917
-0.3215
-0.27162
-0.1681
-0.061995
-2.4306e-15
-0.0098203
-0.091966
-0.21996
-0.34859
-0.42754
-0.4166
-0.29809
-0.083318
0.18876
0.46044
0.66947
0.76505
0.72135
0.54514
0.27494
-0.028098
-0.29565
-0.46985
-0.51841
-0.44282
-0.27712
-0.077639
0.093622
0.18685
0.17826
0.075771
-0.085037
-0.25314
-0.37822
-0.4255
-0.3844
-0.26883
-0.10958
0.057761
0.20452
0.31597
0.39154
0.43883
0.46474
0.46829
0.43865
0.35989
0.22074
0.024993
-0.20235
-0.41702
-0.56623
-0.60527
-0.51429
-0.30868
-0.038459
0.22443
0.40737
0.45999
0.37072
0.17093
-0.075323
-0.29263
-0.41944
-0.42819
-0.33306
-0.18267
-0.04033
0.040908
0.038944
-0.028653
-0.11145
-0.14616
-0.08251
0.094615
0.35537
0.63153
0.83763
0.89958
0.7806
0.49539
0.10729
-0.29065
-0.60433
-0.76724
-0.75947
-0.61101
-0.38902
-0.17371
-0.03184
0.0036227
-0.05897
-0.17656
-0.28886
-0.33989
-0.29606
-0.15519
0.055431
0.28985
0.49834
0.64097
0.69567
0.6597
0.54562
0.37498
0.1728
-0.035515
-0.22505
-0.37157
-0.4533
-0.45503
-0.37398
-0.22474
-0.040269
0.13322
0.24733
0.26579
0.1772
0.0013137
-0.21442
-0.40776
-0.52039
-0.51632
-0.39339
-0.18371
0.057273
0.26941
0.40722
0.45323
0.42032
0.34275
0.25969
0.19814
0.16234
0.13395
0.083148
-0.014188
-0.16056
-0.32952
-0.47093
-0.52792
-0.45943
-0.25982
0.032987
0.3449
0.58744
0.6866
0.60878
0.37395
0.050615
-0.26617
-0.48659
-0.55627
-0.47418
-0.2914
-0.091194
0.042542
0.05705
-0.049115
-0.22497
-0.38568
-0.44432
-0.34511
-0.086302
0.27604
0.64474
0.91306
1
0.87709
0.57746
0.18436
-0.19641
-0.47036
-0.58283
-0.53271
-0.36779
-0.1645
3.6401e-06
0.073078
0.040928
-0.071879
-0.21589
-0.33701
-0.39533
-0.37608
-0.28958
-0.16212
-0.02269
0.10814
0.22271
0.32299
0.41214
0.48578
0.52813
0.51557
0.42693
0.25615
0.021531
-0.23338
-0.44922
-0.56814
-0.55346
-0.40417
-0.15854
0.11534
0.33964
0.45083
0.41958
0.25961
0.022369
-0.22054
-0.40087
-0.4751
-0.43623
-0.31243
-0.15362
-0.011455
0.079605
0.11323
0.1104
0.10758
0.13895
0.21972
0.33713
0.45289
0.5162
0.4828
0.33299
0.081981
-0.22133
-0.50722
-0.70544
-0.76617
-0.67506
-0.45732
-0.16993
0.11548
0.33338
0.44229
0.43469
0.33629
0.19562
0.067447
-0.0044071
-4.635e-15
0.071759
0.17703
0.26827
0.29937
0.24008
0.086004
-0.13872
-0.38665
-0.59883
-0.72005
-0.71372
-0.57236
-0.32087
-0.01139
0.28917
0.51588
0.62245
0.59324
0.4472
0.23222
0.011593
-0.15391
-0.22294
-0.18455
-0.060019
0.10499
0.25516
0.34252
0.34011
0.24824
0.091758
-0.090091
-0.25724
-0.38068
-0.44873
-0.46586
-0.44553
-0.40079
-0.33688
-0.24957
-0.12989
0.026881
0.21215
0.39972
0.54923
0.61739
0.57344
0.4132
0.16568
-0.11126
-0.34604
-0.47489
-0.46258
-0.31491
-0.078081
0.17558
0.37088
0.45419
0.41047
0.26671
0.080516
-0.081995
-0.171
-0.17119
-0.10671
-0.030658
-0.0031609
-0.066033
-0.22367
-0.43765
-0.63757
-0.74463
-0.69979
-0.4864
-0.13902
0.26507
0.62888
0.86563
0.9253
0.80901
0.56649
0.27817
0.028271
-0.12175
-0.15055
-0.07996
0.036365
0.13378
0.15928
0.088254
-0.069635
-0.27619
-0.47882
-0.62738
-0.68787
-0.64917
-0.52192
-0.3319
-0.11128
0.10866
0.30137
0.44595
0.52664
0.53327
0.46352
0.32656
0.14569
-0.042598
-0.19478
-0.27106
-0.24789
-0.1277
0.058371
0.25706
0.40758
0.46021
0.39233
0.21647
-0.023196
-0.26481
-0.44861
-0.53559
-0.51834
-0.42031
-0.28416
-0.15394
-0.058256
-0.0011156
0.035996
0.081864
0.15845
0.26647
0.38026
0.45494
0.44388
0.31974
0.090673
-0.19573
-0.46354
-0.6319
-0.6427
-0.48259
-0.19053
0.15258
0.44944
0.61836
0.62051
0.47246
0.23921
0.010001
-0.13447
-0.15158
-0.052165
0.10395
0.23086
0.24966
0.11957
-0.1443
-0.47333
-0.76724
-0.92786
-0.8929
-0.6579
-0.27854
0.14707
0.50998
0.72461
0.75407
0.61832
0.38339
0.13638
-0.044432
-0.11371
-0.06992
0.049732
0.18682
0.28424
0.3053
0.24286
0.11673
-0.038147
-0.18672
-0.30561
-0.38734
-0.4364
-0.46021
-0.46026
-0.42818
-0.34924
-0.21183
-0.018502
0.20693
0.4207
0.56967
0.60838
0.51636
0.30885
0.036287
-0.22869
-0.41269
-0.46462
-0.37218
-0.16599
0.090274
0.32056
0.46064
0.47761
0.37812
0.20288
0.010005
-0.14634
-0.23421
-0.25246
-0.22705
-0.19703
-0.19615
-0.23717
-0.30529
-0.36312
-0.36533
-0.27758
-0.092482
0.16349
0.43504
0.65365
0.75853
0.71596
0.53062
0.24495
-0.072905
-0.34881
-0.52362
-0.56891
-0.49294
-0.33556
-0.15409
-0.0050255
0.072712
0.068228
8.9592e-15
-0.091662
-0.15839
-0.15943
-0.074778
0.088025
0.29497
0.49426
0.63013
0.65812
0.55787
0.33988
0.044396
-0.26757
-0.52903
-0.6839
-0.70147
-0.58462
-0.36913
-0.11402
0.1144
0.26073
0.29531
0.22166
0.07415
-0.093378
-0.22424
-0.27582
-0.23126
-0.10277
0.074435
0.25463
0.39624
0.47337
0.48061
0.43008
0.34285
0.23854
0.12798
0.011676
-0.11534
-0.25496
-0.39791
-0.52077
-0.59028
-0.57438
-0.4561
-0.24474
0.020917
0.27998
0.46603
0.52783
0.44716
0.24681
-0.014638
-0.2603
-0.41924
-0.44918
-0.34969
-0.16105
0.051012
0.21919
0.29863
0.28216
0.2012
0.11197
0.072009
0.11592
0.23954
0.39883
0.52432
0.54629
0.42153
0.15201
-0.2117
-0.584
-0.87026
-0.99666
-0.93354
-0.70425
-0.37687
-0.041663
0.21762
0.34903
0.34589
0.24475
0.10946
0.0075418
-0.012636
0.063598
0.21508
0.39454
0.54578
0.62172
0.5974
0.47446
0.27709
0.04243
-0.19032
-0.38825
-0.52864
-0.59901
-0.59515
-0.51974
-0.38258
-0.20222
-0.006802
0.16794
0.28498
0.31573
0.25012
0.10324
-0.085187
-0.25975
-0.36485
-0.36199
-0.24307
-0.034457
0.21018
0.42619
0.55821
0.57716
0.48803
0.32582
0.14117
-0.018463
-0.12505
-0.1773
-0.19657
-0.21325
-0.24972
-0.30723
-0.36266
-0.3772
-0.31387
-0.15681
0.075732
0.3312
0.53662
0.62256
0.54873
0.32148
-0.0041079
-0.33933
-0.58973
-0.68622
-0.60832
-0.39095
-0.11189
0.13589
0.27725
0.28137
0.17182
0.016722
-0.097886
-0.10151
0.032612
0.27521
0.54918
0.7557
0.80901
0.66745
0.3497
-0.069591
-0.48318
-0.78545
-0.90558
-0.82835
-0.59605
-0.2916
-0.0094927
0.17493
0.22734
0.16081
0.025803
-0.11126
-0.19232
-0.18609
-0.094755
0.051869
0.21099
0.34353
0.42618
0.45488
0.43964
0.39445
0.32785
0.23876
0.11975
-0.034224
-0.21599
-0.40077
-0.5488
-0.61648
-0.57224
-0.41117
-0.1621
0.11667
0.35285
0.48196
0.46829
0.31743
0.075511
-0.18483
-0.38728
-0.47571
-0.43091
-0.27458
-0.059642
0.14932
0.29828
0.36058
0.34268
0.27743
0.20786
0.16825
0.16982
0.19645
0.21203
0.1764
0.063765
-0.12365
-0.35201
-0.56419
-0.69723
-0.70308
-0.56549
-0.30708
0.015765
0.32865
0.56043
0.66323
0.62503
0.47118
0.25484
0.039875
-0.11838
-0.18851
-0.17028
-0.092082
-8.0265e-15
0.057871
0.046966
-0.042802
-0.19361
-0.36456
-0.50316
-0.56028
-0.50448
-0.33189
-0.068895
0.23306
0.50958
0.69928
0.75956
0.678
0.47614
0.20434
-0.071223
-0.28595
-0.39401
-0.38032
-0.26371
-0.090539
0.07969
0.19208
0.21214
0.1349
-0.015467
-0.19478
-0.3535
-0.45186
-0.47028
-0.41221
-0.299
-0.1595
-0.019003
0.10819
0.2198
0.32037
0.41269
0.49045
0.53585
0.52433
0.43507
0.26306
0.027628
-0.22733
-0.44278
-0.56164
-0.5478
-0.40043
-0.1575
0.11354
0.33562
0.4462
0.41731
0.26435
0.04035
-0.18271
-0.33885
-0.3905
-0.34034
-0.22803
-0.11334
-0.051636
-0.071178
-0.16078
-0.27273
-0.34036
-0.30385
-0.135
0.14849
0.48481
0.7858
0.96492
0.96566
0.78061
0.45459
0.070654
-0.27604
-0.50756
-0.58594
-0.52188
-0.36741
-0.19558
-0.074836
-0.047031
-0.11591
-0.24922
-0.39242
-0.48833
-0.49566
-0.40042
-0.21747
0.01689
0.2573
0.46191
0.60106
0.66034
0.63895
0.54575
0.39572
0.20838
0.0077847
-0.17754
-0.31694
-0.38319
-0.36043
-0.25173
-0.082658
0.10189
0.24818
0.30897
0.25891
0.10434
-0.11645
-0.3436
-0.51371
-0.57953
-0.52462
-0.36761
-0.15459
0.057561
0.22066
0.31027
0.33078
0.309
0.2791
0.26558
0.2713
0.27604
0.24641
0.15319
-0.011068
-0.22212
-0.42685
-0.55906
-0.56317
-0.41689
-0.14413
0.18806
0.4884
0.67042
0.68142
0.52102
0.24193
-0.067627
-0.31423
-0.43138
-0.4021
-0.26344
-0.091414
0.028516
0.034486
-0.087293
-0.29578
-0.50878
-0.63236
-0.59538
-0.37687
-0.016058
0.39836
0.75631
0.96186
0.96372
0.7707
0.44685
0.088877
-0.20593
-0.36997
-0.38376
-0.27707
-0.11371
0.033428
0.10761
0.085165
-0.021075
-0.1713
-0.31622
-0.41512
-0.44768
-0.41599
-0.33769
-0.2344
-0.12144
-0.0034323
0.1226
0.25882
0.39764
0.51729
0.58527
0.56919
0.45114
0.23961
-0.026905
-0.28711
-0.47386
-0.53529
-0.4529
-0.24957
0.015704
0.26539
0.42738
0.45742
0.3522
0.14875
-0.089303
-0.29377
-0.41405
-0.43184
-0.36359
-0.25041
-0.13988
-0.066909
-0.040903
-0.044007
-0.040657
0.0054335
0.11365
0.27515
0.45244
0.5903
0.6344
0.55098
0.34065
0.041201
-0.28168
-0.55291
-0.70973
-0.71966
-0.58914
-0.36031
-0.097438
0.13255
0.27917
0.3215
0.27162
0.1681
0.061995
2.4306e-15
0.0098203
0.091966
0.21996
0.34859
0.42754
0.4166
0.29809
0.083318
-0.18876
-0.46044
-0.66947
-0.76505
-0.72135
-0.54514
-0.27494
0.028098
0.29565
0.46985
0.51841
0.44282
0.27712
0.077639
-0.093622
-0.18685
-0.17826
-0.075771
0.085037
0.25314
0.37822
0.4255
0.3844
0.26883
0.10958
-0.057761
-0.20452
-0.31597
-0.39154
-0.43883
-0.46474
-0.46829
-0.43865
-0.35989
-0.22074
-0.024993
0.20235
0.41702
0.56623
0.60527
0.51429
0.30868
0.038459
-0.22443
-0.40737
-0.45999
-0.37072
-0.17093
0.075323
0.29263
0.41944
0.42819
0.33306
0.18267
0.04033
-0.040908
-0.038944
0.028653
0.11145
0.14616
0.08251
-0.094615
-0.35537
-0.63153
-0.83763
-0.89958
-0.7806
-0.49539
-0.10729
0.29065
0.60433
0.76724
0.75947
0.61101
0.38902
0.17371
0.03184
-0.0036227
0.05897
0.17656
0.28886
0.33989
0.29606
0.15519
-0.055431
-0.28985
-0.49834
-0.64097
-0.69567
-0.6597
-0.54562
-0.37498
-0.1728
0.035515
0.22505
0.37157
0.4533
0.45503
0.37398
0.22474
0.040269
-0.13322
-0.24733
-0.26579
-0.1772
-0.0013137
0.21442
0.40776
0.52039
0.51632
0.39339
0.18371
-0.057273
-0.26941
-0.40722
-0.45323
-0.42032
-0.34275
-0.25969
-0.19814
-0.16234
-0.13395
-0.083148
0.014188
0.16056
0.32952
0.47093
0.52792
0.45943
0.25982
-0.032987
-0.3449
-0.58744
-0.6866
-0.60878
-0.37395
-0.050615
0.26617
0.48659
0.55627
0.47418
0.2914
0.091194
-0.042542
-0.05705
0.049115
0.22497
0.38568
0.44432
0.34511
0.086302
-0.27604
-0.64474
-0.91306
-1
-0.87709
-0.57746
-0.18436
0.19641
0.47036
0.58283
0.53271
0.36779
0.1645
-3.6401e-06
-0.073078
-0.040928
0.071879
0.21589
0.33701
0.39533
0.37608
0.28958
0.16212
0.02269
-0.10814
-0.22271
-0.32299
-0.41214
-0.48578
-0.52813
-0.51557
-0.42693
-0.25615
-0.021531
0.23338
0.44922
0.56814
0.55346
0.40417
0.15854
-0.11534
-0.33964
-0.45083
-0.41958
-0.25961
-0.022369
0.22054
0.40087
0.4751
0.43623
0.31243
0.15362
0.011455
-0.079605
-0.11323
-0.1104
-0.10758
-0.13895
-0.21972
-0.33713
-0.45289
-0.5162
-0.4828
-0.33299
-0.081981
0.22133
0.50722
0.70544
0.76617
0.67506
0.45732
0.16993
-0.11548
-0.33338
-0.44229
-0.43469
-0.33629
-0.19562
-0.067447
0.0044071
4.635e-15
-0.071759
-0.17703
-0.26827
-0.29937
-0.24008
-0.086004
0.13872
0.38665
0.59883
0.72005
0.71372
0.57236
0.32087
0.01139
-0.28917
-0.51588
-0.62245
-0.59324
-0.4472
-0.23222
-0.011593
0.15391
0.22294
0.18455
0.060019
-0.10499
-0.25516
-0.34252
-0.34011
-0.24824
-0.091758
0.090091
0.25724
0.38068
0.44873
0.46586
0.44553
0.40079
0.33688
0.24957
0.12989
-0.026881
-0.21215
-0.39972
-0.54923
-0.61739
-0.57344
-0.4132
-0.16568
0.11126
0.34604
0.47489
0.46258
0.31491
0.078081
-0.17558
-0.37088
-0.45419
-0.41047
-0.26671
-0.080516
0.081995
0.171
0.17119
0.10671
0.030658
0.0031609
0.066033
0.22367
0.43765
0.63757
0.74463
0.69979
0.4864
0.13902
-0.26507
-0.62888
-0.86563
-0.9253
-0.80901
-0.56649
-0.27817
-0.028271
0.12175
0.15055
0.07996
-0.036365
-0.13378
-0.15928
-0.088254
0.069635
0.27619
0.47882
0.62738
0.68787
0.64917
0.52192
0.3319
0.11128
-0.10866
-0.30137
-0.44595
-0.52664
-0.53327
-0.46352
-0.32656
-0.14569
0.042598
0.19478
0.27106
0.24789
0.1277
-0.058371
-0.25706
-0.40758
-0.46021
-0.39233
-0.21647
0.023196
0.26481
0.44861
0.53559
0.51834
0.42031
0.28416
0.15394
0.058256
0.0011156
-0.035996
-0.081864
-0.15845
-0.26647
-0.38026
-0.45494
-0.44388
-0.31974
-0.090673
0.19573
0.46354
0.6319
0.6427
0.48259
0.19053
-0.15258
-0.44944
-0.61836
-0.62051
-0.47246
-0.23921
-0.010001
0.13447
0.15158
0.052165
-0.10395
-0.23086
-0.24966
-0.11957
0.1443
0.47333
0.76724
0.92786
0.8929
0.6579
0.27854
-0.14707
-0.50998
-0.72461
-0.75407
-0.61832
-0.38339
-0.13638
0.044432
0.11371
0.06992
-0.049732
-0.18682
-0.28424
-0.3053
-0.24286
-0.11673
0.038147
0.18672
0.30561
0.38734
0.4364
0.46021
0.46026
0.42818
0.34924
0.21183
0.018502
-0.20693
-0.4207
-0.56967
-0.60838
-0.51636
-0.30885
-0.036287
0.22869
0.41269
0.46462
0.37218
0.16599
-0.090274
-0.32056
-0.46064
-0.47761
-0.37812
-0.20288
-0.010005
0.14634
0.23421
0.25246
0.22705
0.19703
0.19615
0.23717
0.30529
0.36312
0.36533
0.27758
0.092482
-0.16349
-0.43504
-0.65365
-0.75853
-0.71596
-0.53062
-0.24495
0.072905
0.34881
0.52362
0.56891
0.49294
0.33556
0.15409
0.0050255
-0.072712
-0.068228
-8.9592e-15
0.091662
0.15839
0.15943
0.074778
-0.088025
-0.29497
-0.49426
-0.63013
-0.65812
-0.55787
-0.33988
-0.044396
0.26757
0.52903
0.6839
0.70147
0.58462
0.36913
0.11402
-0.1144
-0.26073
-0.29531
-0.22166
-0.07415
0.093378
0.22424
0.27582
0.23126
0.10277
-0.074435
-0.25463
-0.39624
-0.47337
-0.48061
-0.43008
-0.34285
-0.23854
-0.12798
-0.011676
0.11534
0.25496
0.39791
0.52077
0.59028
0.57438
0.4561
0.24474
-0.020917
-0.27998
-0.46603
-0.52783
-0.44716
-0.24681
0.014638
0.2603
0.41924
0.44918
0.34969
0.16105
-0.051012
-0.21919
-0.29863
-0.28216
-0.2012
-0.11197
-0.072009
-0.11592
-0.23954
-0.39883
-0.52432
-0.54629
-0.42153
-0.15201
0.2117
0.584
0.87026
0.99666
0.93354
0.70425
0.37687
0.041663
-0.21762
-0.34903
-0.34589
-0.24475
-0.10946
-0.0075418
0.012636
-0.063598
-0.21508
-0.39454
-0.54578
-0.62172
-0.5974
-0.47446
-0.27709
-0.04243
0.19032
0.38825
0.52864
0.59901
0.59515
0.51974
0.38258
0.20222
0.006802
-0.16794
-0.28498
-0.31573
-0.25012
-0.10324
0.085187
0.25975
0.36485
0.36199
0.24307
0.034457
-0.21018
-0.42619
-0.55821
-0.57716
-0.48803
-0.32582
-0.14117
0.018463
0.12505
0.1773
0.19657
0.21325
0.24972
0.30723
0.36266
0.3772
0.31387
0.15681
-0.075732
-0.3312
-0.53662
-0.62256
-0.54873
-0.32148
0.0041079
0.33933
0.58973
0.68622
0.60832
0.39095
0.11189
-0.13589
-0.27725
-0.28137
-0.17182
-0.016722
0.097886
0.10151
-0.032612
-0.27521
-0.54918
-0.7557
-0.80901
-0.66745
-0.3497
0.069591
0.48318
0.78545
0.90558
0.82835
0.59605
0.2916
0.0094927
-0.17493
-0.22734
-0.16081
-0.025803
0.11126
0.19232
0.18609
0.094755
-0.051869
-0.21099
-0.34353
-0.42618
-0.45488
-0.43964
-0.39445
-0.32785
-0.23876
-0.11975
0.034224
0.21599
0.40077
0.5488
0.61648
0.57224
0.41117
0.1621
-0.11667
-0.35285
-0.48196
-0.46829
-0.31743
-0.075511
0.18483
0.38728
0.47571
0.43091
0.27458
0.059642
-0.14932
-0.29828
-0.36058
-0.34268
-0.27743
-0.20786
-0.16825
-0.16982
-0.19645
-0.21203
-0.1764
-0.063765
0.12365
0.35201
0.56419
0.69723
0.70308
0.56549
0.30708
-0.015765
-0.32865
-0.56043
-0.66323
-0.62503
-0.47118
-0.25484
-0.039875
0.11838
0.18851
0.17028
0.092082
8.0265e-15
-0.057871
-0.046966
0.042802
0.19361
0.36456
0.50316
0.56028
0.50448
0.33189
0.068895
-0.23306
-0.50958
-0.69928
-0.75956
-0.678
-0.47614
-0.20434
0.071223
0.28595
0.39401
0.38032
0.26371
0.090539
-0.07969
-0.19208
-0.21214
-0.1349
0.015467
0.19478
0.3535
0.45186
0.47028
0.41221
0.299
0.1595
0.019003
-0.10819
-0.2198
-0.32037
-0.41269
-0.49045
-0.53585
-0.52433
-0.43507
-0.26306
-0.027628
0.22733
0.44278
0.56164
0.5478
0.40043
0.1575
-0.11354
-0.33562
-0.4462
-0.41731
-0.26435
-0.04035
0.18271
0.33885
0.3905
0.34034
0.22803
0.11334
0.051636
0.071178
0.16078
0.27273
0.34036
0.30385
0.135
-0.14849
-0.48481
-0.7858
-0.96492
-0.96566
-0.78061
-0.45459
-0.070654
0.27604
0.50756
0.58594
0.52188
0.36741
0.19558
0.074836
0.047031
0.11591
0.24922
0.39242
0.48833
0.49566
0.40042
0.21747
-0.01689
-0.2573
-0.46191
-0.60106
-0.66034
-0.63895
-0.54575
-0.39572
-0.20838
-0.0077847
0.17754
0.31694
0.38319
0.36043
0.25173
0.082658
-0.10189
-0.24818
-0.30897
-0.25891
-0.10434
0.11645
0.3436
0.51371
0.57953
