-0.86639
-0.90479
-0.7105
-0.34465
0.081336
0.44325
0.64551
0.65191
0.49474
0.25924
0.049432
-0.052103
-0.015346
0.12662
0.29153
0.38113
0.32093
0.091721
-0.25945
-0.63309
-0.91115
-0.99864
-0.85782
-0.52243
-0.08686
0.32578
0.60484
0.68786
0.57817
0.33876
0.065601
-0.1489
-0.24839
-0.22914
-0.13534
-0.035909
0.0072281
-0.03356
-0.13945
-0.25286
-0.30171
-0.2305
-0.025729
0.27435
0.58995
0.8261
0.90556
0.79597
0.52138
0.1541
-0.20974
-0.4818
-0.60868
-0.58536
-0.45101
-0.27
-0.1063
-0.0013856
0.036309
0.027436
0.0062516
0.0010697
0.019399
0.044118
0.042179
-0.0181
-0.14877
-0.33118
-0.51733
-0.644
-0.65462
-0.5208
-0.25505
0.090185
0.43732
0.70713
0.84257
0.82489
0.67671
0.45179
0.21592
0.026198
-0.084103
-0.1106
-0.072407
-6.9525e-15
0.077916
0.14312
0.1893
0.217
0.2257
0.20785
0.14869
0.03244
-0.14744
-0.37887
-0.6275
-0.84187
-0.96671
-0.96033
-0.81003
-0.53937
-0.2042
0.1221
0.36956
0.49182
0.47907
0.3595
0.18907
0.03344
-0.051879
-0.036676
0.077678
0.26182
0.46943
0.65123
0.76716
0.79356
0.72454
0.56901
0.34602
0.080737
-0.19776
-0.45768
-0.66626
-0.79362
-0.81908
-0.73832
-0.56846
-0.34797
-0.12966
0.03262
0.099897
0.061578
-0.058763
-0.20828
-0.31999
-0.33391
-0.21755
0.021219
0.33366
0.64279
0.86554
0.93742
0.832
0.56901
0.2086
-0.16618
-0.47283
-0.65164
-0.6799
-0.57464
-0.38392
-0.17039
0.0074463
0.1106
0.12769
0.074622
-0.012983
-0.091493
-0.1217
-0.078949
0.040801
0.21976
0.42163
0.59891
0.70286
0.69488
0.55706
0.29939
-0.038803
-0.39484
-0.69597
-0.87738
-0.90032
-0.76463
-0.51102
-0.21092
0.05402
0.21702
0.24779
0.1629
0.020462
-0.10009
-0.12693
-0.023583
0.19456
0.46193
0.68305
0.76537
0.65348
0.35233
-0.069474
-0.49855
-0.81219
-0.91854
-0.78739
-0.46079
-0.039071
0.35287
0.60743
0.6694
0.55206
0.32839
0.10116
-0.03708
-0.039163
0.079479
0.24791
0.36838
0.35578
0.17291
-0.15178
-0.53101
-0.84784
-0.9966
-0.92071
-0.63348
-0.21448
0.21732
0.54355
0.68521
0.62641
0.41507
0.14126
-0.097812
-0.23294
-0.2449
-0.16588
-0.060831
0.0031004
-0.013571
-0.10538
-0.22394
-0.29819
-0.26484
-0.096574
0.18298
0.50378
0.77189
0.90176
0.84622
0.61316
0.26302
-0.11175
-0.41741
-0.58847
-0.60574
-0.49719
-0.32248
-0.1483
-0.024237
0.031613
0.032779
0.011612
1.1388e-14
0.012343
0.038188
0.047526
0.0063019
-0.10473
-0.27614
-0.46738
-0.61754
-0.66579
-0.57386
-0.34202
-0.01229
0.34279
0.64188
0.81948
0.84496
0.72964
0.52005
0.28074
0.073212
-0.06147
-0.1108
-0.088214
-0.022358
0.056396
0.12634
0.17806
0.21091
0.22543
0.21643
0.17081
0.072144
-0.089841
-0.30909
-0.5575
-0.78744
-0.94304
-0.97694
-0.86697
-0.62622
-0.3024
0.034145
0.31022
0.47098
0.49549
0.40166
0.2391
0.072787
-0.037016
-0.051788
0.036167
0.20461
0.41068
0.60453
0.74248
0.79581
0.7537
0.62131
0.41523
0.15921
-0.11865
-0.38723
-0.61376
-0.76697
-0.82283
-0.77167
-0.6242
-0.41321
-0.18853
-0.0053181
0.091616
0.082561
-0.018663
-0.16643
-0.29579
-0.34249
-0.26444
-0.057332
0.24103
0.55979
0.81506
0.93467
0.87992
0.65734
0.31687
-0.062699
-0.39626
-0.61569
-0.68689
-0.61597
-0.44356
-0.23006
-0.036969
0.089958
0.13112
0.095126
0.013046
-0.072476
-0.11979
-0.09926
-0.00062459
0.16441
0.36427
0.5537
0.6832
0.71011
0.60967
0.38347
0.062712
-0.29552
-0.61966
-0.84067
-0.91074
-0.81792
-0.59175
-0.29658
-0.013664
0.18346
0.25241
0.19619
0.06252
-0.072522
-0.13184
-0.066529
0.12355
0.38583
0.63041
0.76024
0.70623
0.45477
0.057263
-0.38261
-0.74067
-0.91242
-0.84795
-0.56901
-0.16202
0.25094
0.55317
0.67187
0.60051
0.39731
0.16045
-0.010529
-0.052759
0.036583
0.20029
0.34446
0.3763
0.24213
-0.048752
-0.42375
-0.77048
-0.97577
-0.96591
-0.73352
-0.34106
0.099988
0.46678
0.66578
0.66192
0.48622
0.21994
-0.037906
-0.2071
-0.25301
-0.19428
-0.089293
-0.0079047
1.0845e-14
-0.073648
-0.19135
-0.28566
-0.28784
-0.15803
0.095141
0.41326
0.70615
0.88247
0.88163
0.69517
0.36992
-0.0079324
-0.34173
-0.55539
-0.61565
-0.53792
-0.37512
-0.1946
-0.052865
0.022331
0.036303
0.017871
0.0010523
0.0065213
0.030939
0.048649
0.024816
-0.065817
-0.22284
-0.41407
-0.58262
-0.66526
-0.61523
-0.42081
-0.11264
0.24359
0.56649
0.7837
0.85331
0.77476
0.58591
0.3483
0.12636
-0.031701
-0.10503
-0.10048
-0.043722
0.034074
0.10802
0.16528
0.20335
0.2233
0.22204
0.18856
0.10657
-0.03706
-0.24182
-0.48604
-0.72689
-0.90927
-0.98158
-0.91301
-0.70613
-0.39953
-0.058869
0.24125
0.43877
0.50205
0.4381
0.28885
0.11689
-0.014194
-0.05832
0.0013592
0.15052
0.35088
0.55316
0.71078
0.79017
0.77543
0.66754
0.48034
0.23588
-0.038803
-0.31335
-0.55523
-0.73228
-0.81771
-0.797
-0.67464
-0.47729
-0.25085
-0.050461
0.074465
0.095812
0.01751
-0.12307
-0.26469
-0.34065
-0.30053
-0.12822
0.15015
0.47153
0.75328
0.91739
0.91386
0.73585
0.42191
0.044645
-0.31016
-0.56738
-0.68206
-0.64889
-0.49984
-0.2915
-0.086956
0.062132
0.12811
0.1118
0.038802
-0.050261
-0.11221
-0.11305
-0.036502
0.112
0.30608
0.50356
0.65505
0.71477
0.65182
0.45966
0.16107
-0.1934
-0.53479
-0.79141
-0.90759
-0.8601
-0.66673
-0.38329
-0.088555
0.13914
0.24653
0.22297
0.10446
-0.038587
-0.12626
-0.098944
0.058669
0.30833
0.56822
0.73974
0.74244
0.54494
0.1804
-0.25987
-0.65358
-0.88656
-0.89058
-0.66654
-0.28452
0.13968
0.4835
0.65839
0.63793
0.46348
0.22536
0.026926
-0.055219
-9.5597e-15
0.15107
0.31112
0.38285
0.29814
0.047145
-0.3142
-0.68132
-0.93694
-0.99249
-0.82016
-0.4636
-0.023599
0.37593
0.62936
0.68308
0.54987
0.29944
0.029539
-0.17084
-0.25232
-0.21883
-0.11982
-0.025186
0.0066121
-0.045708
-0.15686
-0.26541
-0.29975
-0.20908
0.012809
0.32069
0.63069
0.84838
0.90153
0.76559
0.47246
0.099621
-0.25595
-0.50948
-0.61405
-0.57162
-0.42639
-0.24426
-0.087145
0.0078958
0.03715
0.024352
0.0040848
0.0023955
0.023205
0.046318
0.037708
-0.032536
-0.17251
-0.35895
-0.54057
-0.65368
-0.64453
-0.49008
-0.20896
0.14161
0.48227
0.7356
0.84932
0.81072
0.64777
0.41725
0.18491
0.0051672
-0.092781
-0.10845
-0.063414
0.011356
0.088274
0.1509
0.19435
0.21949
0.22506
0.20233
0.13588
0.010593
-0.17791
-0.41439
-0.66155
-0.86639
-0.9745
-0.94752
-0.77773
-0.49383
-0.15527
0.1637
0.39535
0.49799
0.46745
0.33675
0.16444
0.015917
-0.056176
-0.02599
0.10067
0.29122
0.49807
0.67258
0.77674
0.78947
0.70726
0.54075
0.31007
0.041044
-0.23679
-0.49137
-0.69004
-0.80381
-0.8139
-0.71883
-0.53894
-0.31534
-0.1019
0.04865
0.10071
0.048442
-0.079836
-0.22813
-0.3291
-0.32555
-0.19021
0.062919
0.38001
0.68172
0.88614
0.93326
0.80305
0.5217
0.15389
-0.21588
-0.50718
-0.66492
-0.67219
-0.55123
-0.35332
-0.14163
0.027337
0.11821
0.12374
0.063231
-0.025773
-0.099537
-0.12039
-0.066371
0.063413
0.24822
0.44964
0.61931
0.70926
0.68323
0.52698
0.25475
-0.090238
-0.44291
-0.73047
-0.89082
-0.89012
-0.73421
-0.46909
-0.16908
0.084728
0.22964
0.24178
0.14433
1.3905e-14
-0.11101
-0.12037
0.0015937
0.23178
0.49871
0.70514
0.76188
0.6211
0.29716
-0.13328
-0.55307
-0.84155
-0.91413
-0.75087
-0.40353
0.021634
0.39963
0.62852
0.66246
0.52436
0.29368
0.07424
-0.046054
-0.028459
0.10265
0.27037
0.37625
0.34015
0.13371
-0.2052
-0.58287
-0.88138
-1
-0.89139
-0.57917
-0.15061
0.27281
0.5762
0.6886
0.60377
0.37741
0.10292
-0.12453
-0.24195
-0.23789
-0.15077
-0.047842
0.0060492
-0.022809
-0.12222
-0.23896
-0.30115
-0.24909
-0.062249
0.22836
0.54755
0.80054
0.90562
0.82289
0.56837
0.20867
-0.1616
-0.45108
-0.60017
-0.59679
-0.47468
-0.29613
-0.12671
-0.01209
0.034493
0.030281
0.0087823
0.00026775
0.015752
0.041372
0.045426
-0.0051542
-0.12615
-0.30352
-0.49287
-0.63191
-0.6617
-0.54876
-0.29947
0.038803
0.39076
0.67584
0.83262
0.83634
0.70406
0.48612
0.24791
0.0489
-0.073674
-0.11141
-0.080705
-0.011263
0.067278
0.13493
0.18387
0.21414
0.22581
0.21253
0.16032
0.052957
-0.11806
-0.34372
-0.59276
-0.81551
-0.95619
-0.97014
-0.83981
-0.58357
-0.25332
0.078855
0.34115
0.48282
0.48846
0.3812
0.21402
0.052443
-0.045476
-0.045291
0.056138
0.2329
0.44026
0.62852
0.75573
0.79567
0.74003
0.59588
0.3811
0.12016
-0.15835
-0.42294
-0.6408
-0.78133
-0.82207
-0.75596
-0.59693
-0.38065
-0.15858
0.014602
0.096869
0.072988
-0.03831
-0.18765
-0.30883
-0.33954
-0.24232
-0.018928
0.28725
0.60207
0.8418
0.93788
0.85766
0.6143
0.26301
-0.11504
-0.43582
-0.63523
-0.68484
-0.59627
-0.41406
-0.19992
-0.014016
0.10118
0.13018
0.085295
4.5445e-15
-0.082439
-0.12148
-0.089917
0.019429
0.19178
0.39313
0.57699
0.69414
0.70383
0.58465
0.34235
0.012249
-0.34564
-0.65897
-0.86064
-0.90721
-0.79259
-0.55199
-0.2535
0.021169
0.20161
0.25137
0.18026
0.041383
-0.087203
-0.13073
-0.046329
0.1584
0.4242
0.65805
0.76479
0.68189
0.40496
-0.0058375
-0.44161
-0.7785
-0.91797
-0.81983
-0.51607
-0.10041
0.30322
0.58229
0.67258
0.57753
0.36303
0.12997
-0.025217
-0.047305
0.057366
0.22445
0.35772
0.36782
0.2091
-0.099523
-0.47785
-0.81078
-0.9885
-0.94559
-0.68503
-0.27809
0.15961
0.50702
0.67762
0.64587
0.45144
0.18036
-0.068889
-0.22133
-0.24999
-0.18045
-0.074708
-0.0015727
-0.005942
-0.089128
-0.20799
-0.29298
-0.27775
-0.12855
0.13849
0.45892
0.74035
0.89402
0.86583
0.6555
0.31687
-0.060444
-0.38091
-0.57355
-0.61207
-0.51834
-0.34888
-0.17097
-0.037831
0.027584
0.034823
0.014669
0.00026557
0.0092457
0.034675
0.04857
0.016283
-0.084595
-0.24919
-0.44104
-0.60105
-0.66696
-0.59603
-0.38253
-0.06285
0.29366
0.60538
0.80316
0.85065
0.75326
0.55338
0.31426
0.099062
-0.04748
-0.10869
-0.094837
-0.033205
0.045312
0.11737
0.17186
0.20731
0.22459
0.21958
0.1802
0.09001
-0.062825
-0.27508
-0.52187
-0.75785
-0.92736
-0.98074
-0.89139
-0.66713
-0.35121
-0.011832
0.27688
0.4563
0.50006
0.42068
0.26411
0.094322
-0.026563
-0.056138
0.017874
0.1771
0.38084
0.57937
0.72748
0.79397
0.76551
0.64521
0.44834
0.19781
-0.078775
-0.35067
-0.5852
-0.7506
-0.82138
-0.78537
-0.65014
-0.44548
-0.21934
-0.027042
0.084142
0.090197
3.3857e-15
-0.14484
-0.28101
-0.34283
-0.28386
-0.093817
0.19525
0.5162
0.78549
0.92782
0.89868
0.69792
0.36992
-0.0093901
-0.35432
-0.59306
-0.68599
-0.63356
-0.47221
-0.26064
-0.061317
0.076934
0.13045
0.104
0.026024
-0.061712
-0.11668
-0.10697
-0.019289
0.13778
0.33521
0.52918
0.67013
0.71374
0.63208
0.42261
0.11239
-0.2447
-0.5782
-0.81756
-0.91087
-0.84047
-0.63007
-0.33993
-0.050303
0.16261
0.25082
0.21049
0.083627
-0.056247
-0.13032
-0.08409
0.090229
0.34711
0.60038
0.75184
0.72643
0.5015
0.11946
-0.32191
-0.69895
-0.90193
-0.87159
-0.61927
-0.22352
0.19632
0.5202
0.66716
0.62072
0.4309
0.19233
0.0068909
-0.055422
0.017382
0.17573
0.32885
0.38128
0.27185
0.00023287
-0.36908
-0.72723
-0.95853
-0.98157
-0.77865
-0.40302
0.038803
0.42301
0.64969
0.67439
0.51913
0.25973
-0.0050328
-0.19026
-0.25383
-0.20714
-0.1044
-0.01581
0.0041972
-0.05912
-0.17423
-0.27641
-0.29515
-0.18491
0.05317
0.36709
0.66951
0.86722
0.89355
0.73193
0.42188
0.045515
-0.30001
-0.53403
-0.61634
-0.55575
-0.40103
-0.21908
-0.069316
0.015786
0.037114
0.02113
0.0023368
0.0042235
0.027083
0.047864
0.031941
-0.048451
-0.19724
-0.38664
-0.56239
-0.6608
-0.6314
-0.45671
-0.16142
0.19283
0.52539
0.76115
0.85289
0.79396
0.61744
0.38269
0.15501
-0.014144
-0.099742
-0.10505
-0.053822
0.022735
0.098318
0.15829
0.19903
0.2216
0.22385
0.19591
0.12185
-0.012579
-0.20939
-0.45017
-0.69473
-0.88891
-0.97948
-0.93173
-0.74305
-0.44715
-0.10676
0.20347
0.41844
0.50139
0.45375
0.31313
0.14032
1.2167e-14
-0.05833
-0.013289
0.12499
0.32096
0.52602
0.69245
0.78442
0.78342
0.68824
0.51117
0.27333
0.0011671
-0.27536
-0.52392
-0.71207
-0.81185
-0.80653
-0.69757
-0.5085
-0.28291
-0.075457
0.062618
0.099335
0.033707
-0.10134
-0.247
-0.33603
-0.31442
-0.16039
0.10597
0.42605
0.71862
0.90347
0.9254
0.77095
0.47258
0.099158
-0.26395
-0.53873
-0.67505
-0.66181
-0.52624
-0.32245
-0.11377
0.045585
0.12404
0.11841
0.051248
-0.03824
-0.10647
-0.11752
-0.052211
0.087179
0.27704
0.477
0.63807
0.71325
0.66888
0.49448
0.20859
-0.14184
-0.48963
-0.76234
-0.9009
-0.87668
-0.70151
-0.42643
-0.12822
0.11315
0.23948
0.23345
0.12477
-0.019761
-0.11978
-0.11105
0.029064
0.2698
0.53424
0.72411
0.75425
0.58486
0.23975
-0.19687
-0.60486
-0.86639
-0.90479
-0.7105
-0.34465
0.081336
0.44325
0.64551
0.65191
0.49474
0.25924
0.049432
-0.052103
-0.015346
0.12662
0.29153
0.38113
0.32093
0.091721
-0.25945
-0.63309
-0.91115
-0.99864
-0.85782
-0.52243
-0.08686
0.32578
0.60484
0.68786
0.57817
0.33876
0.065601
-0.1489
-0.24839
-0.22914
-0.13534
-0.035909
0.0072281
-0.03356
-0.13945
-0.25286
-0.30171
-0.2305
-0.025729
0.27435
0.58995
0.8261
0.90556
0.79597
0.52138
0.1541
-0.20974
-0.4818
-0.60868
-0.58536
-0.45101
-0.27
-0.1063
-0.0013856
0.036309
0.027436
0.0062516
0.0010697
0.019399
0.044118
0.042179
-0.0181
-0.14877
-0.33118
-0.51733
-0.644
-0.65462
-0.5208
-0.25505
0.090185
0.43732
0.70713
0.84257
0.82489
0.67671
0.45179
0.21592
0.026198
-0.084103
-0.1106
-0.072407
-6.9525e-15
0.077916
0.14312
0.1893
0.217
0.2257
0.20785
0.14869
0.03244
-0.14744
-0.37887
-0.6275
-0.84187
-0.96671
-0.96033
-0.81003
-0.53937
-0.2042
0.1221
0.36956
0.49182
0.47907
0.3595
0.18907
0.03344
-0.051879
-0.036676
0.077678
0.26182
0.46943
0.65123
0.76716
0.79356
0.72454
0.56901
0.34602
0.080737
-0.19776
-0.45768
-0.66626
-0.79362
-0.81908
-0.73832
-0.56846
-0.34797
-0.12966
0.03262
0.099897
0.061578
-0.058763
-0.20828
-0.31999
-0.33391
-0.21755
0.021219
0.33366
0.64279
0.86554
0.93742
0.832
0.56901
0.2086
-0.16618
-0.47283
-0.65164
-0.6799
-0.57464
-0.38392
-0.17039
0.0074463
0.1106
0.12769
0.074622
-0.012983
-0.091493
-0.1217
-0.078949
0.040801
0.21976
0.42163
0.59891
0.70286
0.69488
0.55706
0.29939
-0.038803
-0.39484
-0.69597
-0.87738
-0.90032
-0.76463
-0.51102
-0.21092
0.05402
0.21702
0.24779
0.1629
0.020462
-0.10009
-0.12693
-0.023583
0.19456
0.46193
0.68305
0.76537
0.65348
0.35233
-0.069474
-0.49855
-0.81219
-0.91854
-0.78739
-0.46079
-0.039071
0.35287
0.60743
0.6694
0.55206
0.32839
0.10116
-0.03708
-0.039163
0.079479
0.24791
0.36838
0.35578
0.17291
-0.15178
-0.53101
-0.84784
-0.9966
-0.92071
-0.63348
-0.21448
0.21732
0.54355
0.68521
0.62641
0.41507
0.14126
-0.097812
-0.23294
-0.2449
-0.16588
-0.060831
0.0031004
-0.013571
-0.10538
-0.22394
-0.29819
-0.26484
-0.096574
0.18298
0.50378
0.77189
0.90176
0.84622
0.61316
0.26302
-0.11175
-0.41741
-0.58847
-0.60574
-0.49719
-0.32248
-0.1483
-0.024237
0.031613
0.032779
0.011612
1.1388e-14
0.012343
0.038188
0.047526
0.0063019
-0.10473
-0.27614
-0.46738
-0.61754
-0.66579
-0.57386
-0.34202
-0.01229
0.34279
0.64188
0.81948
0.84496
0.72964
0.52005
0.28074
0.073212
-0.06147
-0.1108
-0.088214
-0.022358
0.056396
0.12634
0.17806
0.21091
0.22543
0.21643
0.17081
0.072144
-0.089841
-0.30909
-0.5575
-0.78744
-0.94304
-0.97694
-0.86697
-0.62622
-0.3024
0.034145
0.31022
0.47098
0.49549
0.40166
0.2391
0.072787
-0.037016
-0.051788
0.036167
0.20461
0.41068
0.60453
0.74248
0.79581
0.7537
0.62131
0.41523
0.15921
-0.11865
-0.38723
-0.61376
-0.76697
-0.82283
-0.77167
-0.6242
-0.41321
-0.18853
-0.0053181
0.091616
0.082561
-0.018663
-0.16643
-0.29579
-0.34249
-0.26444
-0.057332
0.24103
0.55979
0.81506
0.93467
0.87992
0.65734
0.31687
-0.062699
-0.39626
-0.61569
-0.68689
-0.61597
-0.44356
-0.23006
-0.036969
0.089958
0.13112
0.095126
0.013046
-0.072476
-0.11979
-0.09926
-0.00062459
0.16441
0.36427
0.5537
0.6832
0.71011
0.60967
0.38347
0.062712
-0.29552
-0.61966
-0.84067
-0.91074
-0.81792
-0.59175
-0.29658
-0.013664
0.18346
0.25241
0.19619
0.06252
-0.072522
-0.13184
-0.066529
0.12355
0.38583
0.63041
0.76024
0.70623
0.45477
0.057263
-0.38261
-0.74067
-0.91242
-0.84795
-0.56901
-0.16202
0.25094
0.55317
0.67187
0.60051
0.39731
0.16045
-0.010529
-0.052759
0.036583
0.20029
0.34446
0.3763
0.24213
-0.048752
-0.42375
-0.77048
-0.97577
-0.96591
-0.73352
-0.34106
0.099988
0.46678
0.66578
0.66192
0.48622
0.21994
-0.037906
-0.2071
-0.25301
-0.19428
-0.089293
-0.0079047
1.0845e-14
-0.073648
-0.19135
-0.28566
-0.28784
-0.15803
0.095141
0.41326
0.70615
0.88247
0.88163
0.69517
0.36992
-0.0079324
-0.34173
-0.55539
-0.61565
-0.53792
-0.37512
-0.1946
-0.052865
0.022331
0.036303
0.017871
0.0010523
0.0065213
0.030939
0.048649
0.024816
-0.065817
-0.22284
-0.41407
-0.58262
-0.66526
-0.61523
-0.42081
-0.11264
0.24359
0.56649
0.7837
0.85331
0.77476
0.58591
0.3483
0.12636
-0.031701
-0.10503
-0.10048
-0.043722
0.034074
0.10802
0.16528
0.20335
0.2233
0.22204
0.18856
0.10657
-0.03706
-0.24182
-0.48604
-0.72689
-0.90927
-0.98158
-0.91301
-0.70613
-0.39953
-0.058869
0.24125
0.43877
0.50205
0.4381
0.28885
0.11689
-0.014194
-0.05832
0.0013592
0.15052
0.35088
0.55316
0.71078
0.79017
0.77543
0.66754
0.48034
0.23588
-0.038803
-0.31335
-0.55523
-0.73228
-0.81771
-0.797
-0.67464
-0.47729
-0.25085
-0.050461
0.074465
0.095812
0.01751
-0.12307
-0.26469
-0.34065
-0.30053
-0.12822
0.15015
0.47153
0.75328
0.91739
0.91386
0.73585
0.42191
0.044645
-0.31016
-0.56738
-0.68206
-0.64889
-0.49984
-0.2915
-0.086956
0.062132
0.12811
0.1118
0.038802
-0.050261
-0.11221
-0.11305
-0.036502
0.112
0.30608
0.50356
0.65505
0.71477
0.65182
0.45966
0.16107
-0.1934
-0.53479
-0.79141
-0.90759
-0.8601
-0.66673
-0.38329
-0.088555
0.13914
0.24653
0.22297
0.10446
-0.038587
-0.12626
-0.098944
0.058669
0.30833
0.56822
0.73974
0.74244
0.54494
0.1804
-0.25987
-0.65358
-0.88656
-0.89058
-0.66654
-0.28452
0.13968
0.4835
0.65839
0.63793
0.46348
0.22536
0.026926
-0.055219
-9.5597e-15
0.15107
0.31112
0.38285
0.29814
0.047145
-0.3142
-0.68132
-0.93694
-0.99249
-0.82016
-0.4636
-0.023599
0.37593
0.62936
0.68308
0.54987
0.29944
0.029539
-0.17084
-0.25232
-0.21883
-0.11982
-0.025186
0.0066121
-0.045708
-0.15686
-0.26541
-0.29975
-0.20908
0.012809
0.32069
0.63069
0.84838
0.90153
0.76559
0.47246
0.099621
-0.25595
-0.50948
-0.61405
-0.57162
-0.42639
-0.24426
-0.087145
0.0078958
0.03715
0.024352
0.0040848
0.0023955
0.023205
0.046318
0.037708
-0.032536
-0.17251
-0.35895
-0.54057
-0.65368
-0.64453
-0.49008
-0.20896
0.14161
0.48227
0.7356
0.84932
0.81072
0.64777
0.41725
0.18491
0.0051672
-0.092781
-0.10845
-0.063414
0.011356
0.088274
0.1509
0.19435
0.21949
0.22506
0.20233
0.13588
0.010593
-0.17791
-0.41439
-0.66155
-0.86639
-0.9745
-0.94752
-0.77773
-0.49383
-0.15527
0.1637
0.39535
0.49799
0.46745
0.33675
0.16444
0.015917
-0.056176
-0.02599
0.10067
0.29122
0.49807
0.67258
0.77674
0.78947
0.70726
0.54075
0.31007
0.041044
-0.23679
-0.49137
-0.69004
-0.80381
-0.8139
-0.71883
-0.53894
-0.31534
-0.1019
0.04865
0.10071
0.048442
-0.079836
-0.22813
-0.3291
-0.32555
-0.19021
0.062919
0.38001
0.68172
0.88614
0.93326
0.80305
0.5217
0.15389
-0.21588
-0.50718
-0.66492
-0.67219
-0.55123
-0.35332
-0.14163
0.027337
0.11821
0.12374
0.063231
-0.025773
-0.099537
-0.12039
-0.066371
0.063413
0.24822
0.44964
0.61931
0.70926
0.68323
0.52698
0.25475
-0.090238
-0.44291
-0.73047
-0.89082
-0.89012
-0.73421
-0.46909
-0.16908
0.084728
0.22964
0.24178
0.14433
1.3905e-14
-0.11101
-0.12037
0.0015937
0.23178
0.49871
0.70514
0.76188
0.6211
0.29716
-0.13328
-0.55307
-0.84155
-0.91413
-0.75087
-0.40353
0.021634
0.39963
0.62852
0.66246
0.52436
0.29368
0.07424
-0.046054
-0.028459
0.10265
0.27037
0.37625
0.34015
0.13371
-0.2052
-0.58287
-0.88138
-1
-0.89139
-0.57917
-0.15061
0.27281
0.5762
0.6886
0.60377
0.37741
0.10292
-0.12453
-0.24195
-0.23789
-0.15077
-0.047842
0.0060492
-0.022809
-0.12222
-0.23896
-0.30115
-0.24909
-0.062249
0.22836
0.54755
0.80054
0.90562
0.82289
0.56837
0.20867
-0.1616
-0.45108
-0.60017
-0.59679
-0.47468
-0.29613
-0.12671
-0.01209
0.034493
0.030281
0.0087823
0.00026775
0.015752
0.041372
0.045426
-0.0051542
-0.12615
-0.30352
-0.49287
-0.63191
-0.6617
-0.54876
-0.29947
0.038803
0.39076
0.67584
0.83262
0.83634
0.70406
0.48612
0.24791
0.0489
-0.073674
-0.11141
-0.080705
-0.011263
0.067278
0.13493
0.18387
0.21414
0.22581
0.21253
0.16032
0.052957
-0.11806
-0.34372
-0.59276
-0.81551
-0.95619
-0.97014
-0.83981
-0.58357
-0.25332
0.078855
0.34115
0.48282
0.48846
0.3812
0.21402
0.052443
-0.045476
-0.045291
0.056138
0.2329
0.44026
0.62852
0.75573
0.79567
0.74003
0.59588
0.3811
0.12016
-0.15835
-0.42294
-0.6408
-0.78133
-0.82207
-0.75596
-0.59693
-0.38065
-0.15858
0.014602
0.096869
0.072988
-0.03831
-0.18765
-0.30883
-0.33954
-0.24232
-0.018928
0.28725
0.60207
0.8418
0.93788
0.85766
0.6143
0.26301
-0.11504
-0.43582
-0.63523
-0.68484
-0.59627
-0.41406
-0.19992
-0.014016
0.10118
0.13018
0.085295
4.5445e-15
-0.082439
-0.12148
-0.089917
0.019429
0.19178
0.39313
0.57699
0.69414
0.70383
0.58465
0.34235
0.012249
-0.34564
-0.65897
-0.86064
-0.90721
-0.79259
-0.55199
-0.2535
0.021169
0.20161
0.25137
0.18026
0.041383
-0.087203
-0.13073
-0.046329
0.1584
0.4242
0.65805
0.76479
0.68189
0.40496
-0.0058375
-0.44161
-0.7785
-0.91797
-0.81983
-0.51607
-0.10041
0.30322
0.58229
0.67258
0.57753
0.36303
0.12997
-0.025217
-0.047305
0.057366
0.22445
0.35772
0.36782
0.2091
-0.099523
-0.47785
-0.81078
-0.9885
-0.94559
-0.68503
-0.27809
0.15961
0.50702
0.67762
0.64587
0.45144
0.18036
-0.068889
-0.22133
-0.24999
-0.18045
-0.074708
-0.0015727
-0.005942
-0.089128
-0.20799
-0.29298
-0.27775
-0.12855
0.13849
0.45892
0.74035
0.89402
0.86583
0.6555
0.31687
-0.060444
-0.38091
-0.57355
-0.61207
-0.51834
-0.34888
-0.17097
-0.037831
0.027584
0.034823
0.014669
0.00026557
0.0092457
0.034675
0.04857
0.016283
-0.084595
-0.24919
-0.44104
-0.60105
-0.66696
-0.59603
-0.38253
-0.06285
0.29366
0.60538
0.80316
0.85065
0.75326
0.55338
0.31426
0.099062
-0.04748
-0.10869
-0.094837
-0.033205
0.045312
0.11737
0.17186
0.20731
0.22459
0.21958
0.1802
0.09001
-0.062825
-0.27508
-0.52187
-0.75785
-0.92736
-0.98074
-0.89139
-0.66713
-0.35121
-0.011832
0.27688
0.4563
0.50006
0.42068
0.26411
0.094322
-0.026563
-0.056138
0.017874
0.1771
0.38084
0.57937
0.72748
0.79397
0.76551
0.64521
0.44834
0.19781
-0.078775
-0.35067
-0.5852
-0.7506
-0.82138
-0.78537
-0.65014
-0.44548
-0.21934
-0.027042
0.084142
0.090197
3.3857e-15
-0.14484
-0.28101
-0.34283
-0.28386
-0.093817
0.19525
0.5162
0.78549
0.92782
0.89868
0.69792
0.36992
-0.0093901
-0.35432
-0.59306
-0.68599
-0.63356
-0.47221
-0.26064
-0.061317
0.076934
0.13045
0.104
0.026024
-0.061712
-0.11668
-0.10697
-0.019289
0.13778
0.33521
0.52918
0.67013
0.71374
0.63208
0.42261
0.11239
-0.2447
-0.5782
-0.81756
-0.91087
-0.84047
-0.63007
-0.33993
-0.050303
0.16261
0.25082
0.21049
0.083627
-0.056247
-0.13032
-0.08409
0.090229
0.34711
0.60038
0.75184
0.72643
0.5015
0.11946
-0.32191
-0.69895
-0.90193
-0.87159
-0.61927
-0.22352
0.19632
0.5202
0.66716
0.62072
0.4309
0.19233
0.0068909
-0.055422
0.017382
0.17573
0.32885
0.38128
0.27185
0.00023287
-0.36908
-0.72723
-0.95853
-0.98157
-0.77865
-0.40302
0.038803
0.42301
0.64969
0.67439
0.51913
0.25973
-0.0050328
-0.19026
-0.25383
-0.20714
-0.1044
-0.01581
0.0041972
-0.05912
-0.17423
-0.27641
-0.29515
-0.18491
0.05317
0.36709
0.66951
0.86722
0.89355
0.73193
0.42188
0.045515
-0.30001
-0.53403
-0.61634
-0.55575
-0.40103
-0.21908
-0.069316
0.015786
0.037114
0.02113
0.0023368
0.0042235
0.027083
0.047864
0.031941
-0.048451
-0.19724
-0.38664
-0.56239
-0.6608
-0.6314
-0.45671
-0.16142
0.19283
0.52539
0.76115
0.85289
0.79396
0.61744
0.38269
0.15501
-0.014144
-0.099742
-0.10505
-0.053822
0.022735
0.098318
0.15829
0.19903
0.2216
0.22385
0.19591
0.12185
-0.012579
-0.20939
-0.45017
-0.69473
-0.88891
-0.97948
-0.93173
-0.74305
-0.44715
-0.10676
0.20347
0.41844
0.50139
0.45375
0.31313
0.14032
1.2167e-14
-0.05833
-0.013289
0.12499
0.32096
0.52602
0.69245
0.78442
0.78342
0.68824
0.51117
0.27333
0.0011671
-0.27536
-0.52392
-0.71207
-0.81185
-0.80653
-0.69757
-0.5085
-0.28291
-0.075457
0.062618
0.099335
0.033707
-0.10134
-0.247
-0.33603
-0.31442
-0.16039
0.10597
0.42605
0.71862
0.90347
0.9254
0.77095
0.47258
0.099158
-0.26395
-0.53873
-0.67505
-0.66181
-0.52624
-0.32245
-0.11377
0.045585
0.12404
0.11841
0.051248
-0.03824
-0.10647
-0.11752
-0.052211
0.087179
0.27704
0.477
0.63807
0.71325
0.66888
0.49448
0.20859
-0.14184
-0.48963
-0.76234
-0.9009
-0.87668
-0.70151
-0.42643
-0.12822
0.11315
0.23948
0.23345
0.12477
-0.019761
-0.11978
-0.11105
0.029064
0.2698
0.53424
0.72411
0.75425
0.58486
0.23975
-0.19687
-0.60486
