1675981119152796390,8.874512,-6.7886353,-38.449097
1675981119352330921,8.795166,-6.941223,-38.746643
1675981119553891025,9.0408325,-6.336975,-38.00354
1675981119751960713,8.752441,-5.9020996,-39.041138
1675981119955416494,8.540344,-5.4641724,-39.11438
1675981120151915504,8.525085,-5.834961,-38.00049
1675981120351738317,8.825684,-6.05011,-38.893127
1675981120551803369,8.969116,-6.2683105,-39.190674
1675981120752152796,14.216614,-1.2741089,-36.44867
1675981120952122119,21.902466,4.1671753,-32.07245
1675981121152593577,7.0281982,-21.383667,-34.236145
1675981121352675400,-4.3151855,-24.18518,-32.35321
1675981121552730400,-11.097717,-33.584595,-24.92218
1675981121752737327,-11.11145,-29.811096,-30.934143
1675981121952648837,-12.142944,-31.103516,-29.968262
1675981122152343264,-9.521484,-29.986572,-31.459045
1675981122352908160,-7.91626,-31.858826,-28.271484
1675981122552189305,-8.169556,-36.750793,-19.80896
1675981122752758264,-6.904602,-36.99341,-12.605286
1675981122952731857,-9.912109,-35.975647,-12.669373
1675981123152756180,-13.240051,-35.032654,-8.125305
1675981123352821284,-13.877869,-30.584717,0.50354004
1675981123552948784,-13.656616,-24.987793,12.69989
1675981123752409097,-10.765076,-26.135254,27.104187
1675981123952664669,-4.9072266,-32.392883,35.25238
1675981124153799461,1.8478394,-36.99646,40.281677
1675981124353397065,4.6417236,-38.108826,33.955383
1675981124552557482,4.7424316,-37.44049,31.950378
1675981124752793471,5.986023,-41.4093,31.791687
1675981124951862065,-12.553406,-30.836487,42.707825
1675981125151570034,-8.508301,-42.973328,33.309937
1675981125352147377,-0.39215088,-47.052002,18.496704
1675981125552136388,-19.018555,-57.36847,9.757996
1675981125752153315,-39.497375,-59.67102,-6.466675
1675981125952687169,-50.083923,-55.699158,-7.696533
1675981126152170606,-39.431763,-25.276184,11.502075
1675981126351959356,-24.101257,-28.35846,12.869263
1675981126552358783,-26.034546,-29.078674,16.142273
1675981126752076439,-25.708008,-28.09906,20.007324
1675981126952205189,-23.934937,-27.07367,23.051453
1675981127151974095,-18.885803,-25.646973,27.052307
1675981127352261231,-13.845825,-22.442627,28.607178
1675981127552276231,-7.4768066,-20.611572,28.889465
1675981127752274408,-3.7628174,-18.415833,29.925537
1675981127952380189,-1.0421753,-16.70227,28.43628
1675981128152513835,-2.3468018,-16.886902,30.369568
1675981128352488626,-3.0578613,-15.34729,31.192017
1675981128552529720,-1.1291504,-14.398193,30.891418
1675981128752632741,-0.42877197,-16.456604,29.472351
1675981128952536230,9.785461,-13.549805,24.25232
1675981129152524303,17.448425,-19.483948,15.454102
1675981129352540136,8.592224,-33.88977,-0.6744385
1675981129552513886,-10.231018,-38.65509,-11.706543
1675981129752140969,-17.027283,-37.61139,-14.881897
1675981129952637376,-17.175293,-37.39319,-14.361572
1675981130152601230,-16.90216,-38.119507,-11.094666
1675981130352536542,-19.180298,-37.89215,-9.898376
1675981130552343938,-19.050598,-38.630676,-10.047913
1675981130752562531,-18.812561,-38.250732,-9.454346
1675981130952314979,-19.322205,-37.600708,-10.119629
1675981131152187583,-19.044495,-38.406372,-9.306335
1675981131352552219,-20.256042,-38.145447,-8.485413
1675981131553075448,-21.466064,-37.882996,-6.994629
1675981131753359927,-20.037842,-38.206482,-5.067444
1675981131952388416,-20.733643,-38.523865,-4.470825
1675981132152348937,-20.413208,-37.99591,-4.547119
1675981132352679198,-19.882202,-38.204956,-6.4056396
1675981132552658520,-19.477844,-37.449646,-6.9244385
1675981132752855604,-19.207764,-38.557434,-7.2235107
1675981132952690968,-19.569397,-37.973022,-7.0739746
1675981133152879041,-20.339966,-38.294983,-7.0739746
1675981133352364197,-20.877075,-38.458252,-6.9976807
1675981133552780708,-20.188904,-38.363647,-7.147217
1675981133752817635,-18.50586,-38.01422,-7.1533203
1675981133952609874,-19.126892,-38.331604,-6.4071655
1675981134152660186,-20.578003,-38.749695,-8.483887
1675981134352944353,-19.804382,-38.2782,-8.039856
1675981134553047895,-20.637512,-38.308716,-9.077454
1675981134753175603,-20.26062,-38.36975,-9.005737
1675981134953045655,-19.250488,-37.820435,-10.343933
1675981135153039665,-18.69812,-37.28485,-11.309814
1675981135353128884,-18.273926,-38.24005,-11.759949
1675981135553072009,-17.881775,-37.85553,-11.759949
1675981135753003467,-17.178345,-37.390137,-13.024902
1675981135955165550,-16.513062,-37.963867,-12.953186
1675981136152913727,-15.87677,-37.200928,-13.771057
1675981136352787321,-14.96582,-37.324524,-15.110779
1675981136553575811,-14.454651,-37.902832,-14.518738
1675981136753231852,-13.146973,-37.490845,-15.412903
1675981136953127529,-13.150024,-37.638855,-15.412903
1675981137153196175,-11.851501,-37.376404,-15.118408
1675981137353427998,-11.18927,-38.02185,-15.196228
1675981137553087581,-11.08551,-37.205505,-15.788269
1675981137753032216,-9.9823,-38.357544,-15.34729
1675981137953492945,-8.538818,-38.386536,-15.42511
1675981138153531643,-8.430481,-37.41913,-15.571594
1675981138352874872,-7.5790405,-36.943054,-15.129089
1675981138553301643,-7.2631836,-38.864136,-14.686584
1675981138753471539,-5.769348,-37.257385,-13.945007
1675981138953034351,-6.1172485,-38.528442,-13.05542
1675981139153864143,-5.4000854,-37.542725,-14.169312
1675981139353532164,-3.8070679,-37.56714,-12.910461
1675981139554035028,-3.0761719,-38.432312,-12.17041
1675981139753710341,-3.1402588,-38.06305,-11.723328
1675981139956783205,-2.166748,-38.40027,-10.53772
1675981140155770288,-2.4597168,-37.96234,-9.495544
1675981140352854507,-1.0437012,-38.73291,-8.23822
1675981140553366642,-2.0812988,-37.94861,-8.010864
1675981140753288674,-0.9475708,-37.98523,-6.8252563
1675981140953411121,-1.5731812,-38.52234,-6.0821533
1675981141153418048,-0.81481934,-38.42163,-4.374695
1675981141353461017,-0.5187988,-38.710022,-4.8950195
1675981141553293465,-1.1383057,-38.94806,-3.4072876
1675981141753430444,-0.9674072,-38.275146,-3.036499
1675981141953430913,-0.5950928,-38.485718,-2.1453857
1675981142153823569,-1.3656616,-38.653564,-0.58288574
1675981142353446537,-1.7700195,-39.33258,0.30822754
1675981142553424871,-2.355957,-38.684082,-0.20904541
1675981142757989089,-3.4866333,-38.34839,0.98114014
1675981142953192371,-3.5644531,-38.34839,1.4282227
1675981143154158204,-4.333496,-38.59558,1.5792847
1675981143353309298,-4.1748047,-38.29193,1.8783569
1675981143553393672,-5.706787,-38.711548,2.1011353
1675981143754074922,-4.801941,-38.82904,3.2165527
1675981143953661901,-5.101013,-38.764954,2.546692
1675981144154193308,-5.230713,-38.027954,2.9190063
1675981144354033151,-5.7037354,-38.56201,3.439331
1675981144553770287,-6.022644,-38.938904,3.6651611
1675981144753806641,-7.6019287,-38.39569,3.5949707
1675981144954430339,-7.369995,-38.24005,3.5949707
1675981145153816484,-6.930542,-38.819885,3.9627075
1675981145353688828,-7.6919556,-38.841248,4.484558
1675981145553705495,-8.299255,-38.86261,4.042053
1675981145753558151,-8.59375,-38.49945,4.412842
1675981145953606015,-8.51593,-38.423157,4.563904
1675981146153721901,-8.500671,-37.902832,5.1589966
1675981146353536588,-9.812927,-38.46283,5.3100586
1675981146553206275,-10.023499,-38.02643,4.864502
1675981146753438515,-11.080933,-37.83722,4.347229
1675981146953544609,-11.309814,-37.843323,3.8269043
1675981147153565494,-11.161804,-38.06305,3.7521362
1675981147353463567,-11.477661,-38.368225,4.0512085
1675981147553557108,-11.299133,-37.545776,3.9016724
1675981147753401379,-12.3046875,-38.09662,4.0527344
1675981147953869087,-11.808777,-39.196777,3.8269043
1675981148153821431,-12.47406,-38.623047,4.421997
1675981148353389139,-12.167358,-38.537598,4.1259766
1675981148555326900,-12.675476,-37.738037,4.1290283
1675981148753645650,-13.745117,-37.91809,4.724121
1675981148953645233,-13.230896,-38.4964,4.425049
1675981149153427524,-14.126587,-38.005066,4.4281006
1675981149353641066,-14.512634,-38.243103,3.390503
1675981149553660076,-13.09967,-39.08539,4.7958374
1675981149753938514,-14.555359,-37.202454,3.9855957
1675981149953816222,-14.239502,-39.123535,4.2053223
1675981150154056535,-14.744568,-38.32245,4.3563843
1675981150353806482,-15.428162,-38.34381,3.541565
1675981150553845024,-15.281677,-38.563538,3.3172607
1675981150753696013,-16.186523,-38.293457,3.541565
1675981150954236534,-15.422058,-38.1958,3.3920288
1675981151154641326,-16.392517,-37.634277,3.3966064
1675981151353536794,-16.099548,-37.994385,3.0960083
1675981151553854919,-16.194153,-38.59253,2.9464722
1675981151754198982,-16.860962,-37.94403,3.692627
1675981151953921586,-17.095947,-38.249207,2.949524
1675981152154358252,-16.88385,-38.687134,3.2470703
1675981152353981065,-17.346191,-38.99994,2.204895
1675981152553763825,-18.092346,-38.578796,2.1347046
1675981152753776169,-17.918396,-37.83264,2.507019
1675981152954799138,-17.390442,-38.038635,1.2420654
1675981153154120335,-18.539429,-38.371277,1.5426636
1675981153353843669,-18.292236,-37.846375,0.05645752
1675981153553836012,-18.525696,-38.002014,0.7247925
1675981153753609866,-18.588257,-37.63275,0.50201416
1675981153953399033,-19.656372,-37.74109,0.2822876
1675981154154099606,-20.349121,-38.061523,-0.46081543
1675981154354645231,-20.162964,-36.940002,0.36010742
1675981154554033512,-19.953918,-37.605286,-1.0528564
1675981154754630751,-20.195007,-38.131714,-1.9470215
1675981154953708772,-20.56427,-37.846375,-2.4627686
1675981155153738824,-21.017456,-37.638855,-1.5716553
1675981155353814918,-20.877075,-38.079834,-2.3910522
1675981155553577835,-21.551514,-37.878418,-3.5766602
1675981155754008824,-22.29004,-37.236023,-3.7216187
1675981155953742314,-21.154785,-37.423706,-3.6499023
1675981156153823876,-21.524048,-37.139893,-5.1361084
1675981156353923095,-21.614075,-37.664795,-5.581665
1675981156553889292,-21.534729,-37.513733,-5.656433
1675981156754454136,-20.845032,-37.417603,-6.47583
1675981156953983928,-21.310425,-37.65564,-6.0287476
1675981157154435073,-21.54541,-38.03711,-8.111572
1675981157353887417,-21.461487,-37.812805,-8.184814
1675981157554267730,-21.37146,-37.43744,-8.926392
1675981157754335594,-20.767212,-37.495422,-8.631897
1675981157954009292,-20.75653,-37.272644,-9.597778
1675981158154217521,-20.69397,-37.71515,-9.745789
1675981158354089136,-20.768738,-37.646484,-9.968567
1675981158554372885,-19.837952,-37.17041,-10.714722
1675981158756323354,-19.40155,-37.75177,-10.6414795
1675981158954125281,-19.178772,-37.96997,-11.906433
1675981159154066166,-19.166565,-37.672424,-12.277222
1675981159354236375,-18.710327,-37.808228,-12.7960205
1675981159554020073,-18.040466,-38.23242,-13.320923
1675981159754670645,-17.96112,-38.156128,-13.172913
1675981159954379343,-17.556763,-37.478638,-14.433289
1675981160154081114,-17.474365,-37.176514,-13.246155
1675981160354221166,-17.323303,-37.171936,-13.468933
1675981160553987728,-16.174316,-36.912537,-13.694763
1675981160754326478,-16.880798,-37.75482,-14.511108
1675981160953890124,-16.368103,-38.407898,-14.884949
1675981161154210072,-15.655518,-37.41913,-14.0686035
1675981161354213770,-15.963745,-37.57782,-14.66217
1675981161554780228,-14.897156,-37.54425,-15.110779
1675981161754230488,-14.520264,-37.60681,-14.813232
1675981161954125905,-13.877869,-36.54785,-15.258789
1675981162154650332,-14.126587,-37.22229,-14.964294
1675981162354407728,-13.226318,-37.568665,-15.411377
1675981162554567832,-13.314819,-38.015747,-15.858459
1675981162754165957,-12.545776,-37.771606,-16.455078
1675981162954407207,-12.063599,-37.013245,-16.305542
1675981163155300748,-12.709045,-38.07068,-15.859985
1675981163354593092,-11.354065,-38.398743,-14.750671
1675981163554726165,-11.338806,-37.953186,-14.675903
1675981163754625800,-11.238098,-37.210083,-15.640259
1675981163954753404,-10.952759,-37.869263,-16.236877
1675981164154749706,-10.472107,-37.112427,-15.937805
1675981164354429758,-10.418701,-37.77771,-15.866089
1675981164555484289,-9.814453,-37.90741,-15.644836
1675981164755579081,-8.753967,-38.023376,-15.8706665
1675981164955611737,-9.416199,-37.30011,-15.272522
1675981165155659966,-8.44574,-37.937927,-16.093445
1675981165354927102,-7.588196,-37.09259,-14.758301
1675981165554830122,-8.059692,-37.704468,-15.724182
1675981165754620331,-7.9101562,-37.773132,-15.501404
1675981165954832778,-6.854248,-37.960815,-14.761353
1675981166154784549,-7.017517,-38.26294,-14.613342
1675981166354228768,-6.6482544,-38.697815,-15.431213
1675981166554507153,-6.1050415,-38.308716,-14.762878
1675981166754541007,-6.1172485,-38.67798,-14.39209
1675981166954884184,-5.479431,-37.693787,-13.871765
1675981167156891111,-5.860901,-37.705994,-13.871765
1675981167354692830,-5.72052,-37.997437,-13.648987
1675981167555674601,-4.803467,-37.895203,-13.5772705
1675981167754299965,-3.8085938,-37.641907,-13.653564
1675981167954321996,-4.571533,-37.661743,-12.388611
1675981168155015903,-4.3640137,-38.323975,-12.760925
1675981168354476319,-3.6819458,-38.375854,-12.31842
1675981168554844288,-3.804016,-37.416077,-12.016296
1675981168754835746,-2.8625488,-38.87024,-11.949158
1675981168954815434,-3.578186,-37.55951,-12.910461
1675981169155542881,-3.0029297,-38.427734,-11.204529
1675981169354609861,-3.074646,-38.35907,-11.799622
1675981169554957152,-2.7664185,-38.12256,-10.461426
1675981169755482204,-2.7679443,-38.272095,-11.575317
1675981169954899444,-1.9363403,-38.24463,-10.090637
1675981170156917621,-1.3427734,-38.668823,-9.277344
1675981170355427516,-1.3244629,-38.150024,-9.648132
1675981170554985068,-1.4663696,-37.85858,-10.389709
1675981170755104756,-1.701355,-38.01422,-9.126282
1675981170954685224,-2.0248413,-38.54065,-8.903503
1675981171155153974,-0.82702637,-39.0213,-7.421875
1675981171354841787,-1.1032104,-38.21411,-7.86438
1675981171554807724,-0.33416748,-37.893677,-7.7926636
1675981171755091370,-0.87890625,-38.206482,-6.9000244
1675981171954937516,-1.0375977,-38.433838,-6.529236
1675981172155009703,-0.9765625,-38.80005,-5.7128906
1675981172355428193,-0.035095215,-37.956238,-6.083679
1675981172554995588,0.32958984,-38.389587,-5.8639526
1675981172754881057,0.15106201,-39.134216,-4.974365
1675981172955747047,-1.0040283,-39.541626,-4.598999
1675981173155591317,-0.14038086,-38.69629,-4.450989
1675981173354882255,-1.4068604,-37.84485,-4.0740967
1675981173554868973,-1.4389038,-38.88855,-4.6691895
1675981173754965692,-0.58898926,-38.339233,-2.8884888
1675981173954786109,-1.0437012,-38.352966,-3.111267
1675981174155110900,-0.27313232,-37.957764,-2.8137207
1675981174355700067,-1.7272949,-38.1485,-1.7700195
1675981174555156786,-0.98876953,-38.79242,-1.2527466
1675981174754968400,-1.3656616,-38.806152,-2.1438599
1675981174954691265,-1.28479,-38.580322,-1.1032104
1675981175156207827,-1.9012451,-38.81836,-0.8041382
1675981175354922567,-1.3717651,-38.952637,-1.3259888
1675981175555305171,-2.5634766,-38.023376,0.015258789
1675981175756130118,-1.8936157,-38.52234,-0.6561279
1675981175955261889,-2.0584106,-38.89923,-0.21057129
1675981176156120014,-2.670288,-38.989258,1.0543823
1675981176355288868,-2.645874,-38.17444,0.68359375
1675981176555365327,-3.7979126,-38.580322,0.5371094
1675981176756274076,-2.7359009,-38.619995,1.1291504
1675981176955223920,-2.8762817,-38.25226,0.98114014
1675981177155343035,-3.640747,-38.275146,1.876831
1675981177356413347,-4.4418335,-39.561462,1.7272949
1675981177555354649,-3.6346436,-38.053894,2.470398
1675981177755426889,-4.3304443,-38.446045,2.1743774
1675981177956014597,-4.5288086,-37.56256,1.8783569
1675981178155986940,-4.4784546,-38.37738,2.1743774
1675981178355120795,-5.1849365,-39.06555,1.7303467
1675981178555247305,-4.347229,-38.96637,2.0248413
1675981178756106315,-4.33197,-38.446045,2.545166
1675981178955373294,-4.1763306,-38.368225,2.470398
1675981179155704805,-4.9606323,-39.13269,2.0263672
1675981179355759961,-4.954529,-38.908386,2.619934
1675981179555899127,-4.2755127,-39.11133,2.3223877
1675981179755679179,-4.4799805,-38.29956,3.0654907
1675981179955615065,-5.0354004,-39.135742,1.8035889
1675981180155112096,-5.163574,-38.320923,2.62146
1675981180355289492,-4.5410156,-37.85858,3.1417847
1675981180555512565,-5.871582,-39.012146,3.1433105
1675981180755722617,-5.3970337,-38.40332,3.515625
1675981180955477929,-5.6137085,-38.113403,3.1448364
1675981181156286575,-5.9387207,-38.716125,3.6621094
1675981181355842825,-5.9768677,-37.60681,2.4032593
1675981181555543033,-5.619812,-38.259888,3.515625
1675981181756379647,-5.7876587,-38.78479,2.9190063
1675981181955429960,-6.2286377,-38.279724,3.8879395
1675981182155697512,-6.3964844,-38.804626,3.3676147
1675981182356563085,-6.5948486,-37.84485,3.5934448
1675981182555461105,-6.2957764,-37.98523,3.0715942
1675981182755546522,-5.6259155,-38.407898,4.257202
1675981182955613814,-6.9839478,-38.156128,3.2226562
1675981183155969439,-6.941223,-39.11743,4.260254
1675981183355814334,-7.1380615,-38.233948,3.2226562
1675981183555822668,-6.6101074,-38.3667,3.4439087
1675981183756613553,-6.991577,-38.37738,3.3706665
1675981183955774178,-7.524109,-38.31787,4.486084
1675981184155514126,-6.515503,-37.693787,3.7399292
1675981184355902928,-7.307434,-38.684082,3.668213
1675981184556015428,-7.298279,-38.461304,4.0390015
1675981184756137928,-7.624817,-39.06555,4.1122437
1675981184956531521,-7.9833984,-38.407898,4.3395996
1675981185155610375,-8.02002,-39.52179,5.004883
1675981185355974073,-8.081055,-39.07776,4.486084
1675981185556434490,-8.613586,-39.09607,4.1168213
1675981185755884021,-8.09021,-39.375305,4.26178
1675981185956756885,-8.514404,-38.424683,3.968811
1675981186155898656,-8.735657,-38.208008,4.4891357
1675981186355946156,-8.885193,-38.064575,4.193115
1675981186555873083,-9.277344,-38.446045,4.5654297
1675981186755867823,-9.602356,-39.19983,3.8208008
1675981186955859281,-8.442688,-38.497925,4.1915894
1675981187156344750,-8.554077,-39.613342,4.411316
1675981187356392979,-8.7677,-39.09912,4.8599243
1675981187557048968,-8.433533,-38.198853,4.4906616
1675981187756195635,-8.740234,-38.356018,4.4143677
1675981187956082353,-8.595276,-38.575745,3.892517
1675981188156561989,-9.47876,-37.713623,3.8955688
1675981188356229280,-8.685303,-38.949585,4.1152954
1675981188556435791,-9.114075,-38.146973,4.119873
1675981188756112561,-9.443665,-38.82141,5.6793213
1675981188956634957,-9.675598,-38.978577,4.937744
1675981189158091572,-8.43811,-38.346863,4.638672
1675981189358582874,-9.962463,-38.467407,4.4174194
1675981189558357197,-9.507751,-38.52997,4.786682
1675981189756824124,-9.362793,-38.671875,5.604553
1675981189956211884,-9.436035,-38.676453,4.3411255
1675981190156451103,-10.267639,-38.554382,3.6758423
1675981190356750477,-9.40094,-37.56256,4.196167
1675981190557312144,-9.6710205,-38.90381,4.4158936
1675981190756006571,-9.658813,-38.53302,4.6401978
1675981190956548863,-9.501648,-38.380432,4.6401978
1675981191156228290,-9.735107,-38.459778,5.012512
1675981191357081727,-10.057068,-39.064026,4.862976
1675981191556846623,-9.707642,-37.643433,4.4921875
1675981191756446310,-11.306763,-37.768555,4.5684814
1675981191957055841,-10.287476,-39.07013,5.2352905
1675981192156383393,-11.169434,-38.285828,3.9001465
1675981192356562820,-11.256409,-38.508606,4.420471
1675981192556282143,-10.562134,-38.267517,4.197693
1675981192756253550,-10.53009,-39.52484,5.3085327
1675981192956239331,-11.431885,-39.256287,5.163574
1675981193156026518,-11.990356,-37.71515,4.571533
1675981193356817664,-11.019897,-38.279724,4.4952393
1675981193556691258,-11.340332,-38.809204,3.7506104
1675981193756403393,-11.366272,-39.62555,4.5654297
1675981193956300424,-11.257935,-38.508606,4.7927856
1675981194156808289,-11.955261,-38.975525,4.8675537
1675981194358401518,-12.701416,-38.62915,4.498291
1675981194557004174,-11.94458,-38.68103,4.272461
1675981194756141674,-12.17804,-38.909912,4.348755
1675981194956665944,-13.169861,-38.94043,4.7958374
1675981195157017663,-12.92572,-38.412476,4.573059
1675981195359362611,-13.903809,-38.223267,3.4622192
1675981195556725371,-12.774658,-38.55896,3.6087036
1675981195756678653,-13.223267,-38.349915,3.5354614
1675981195958810736,-12.82959,-37.739563,4.8721313
1675981196156413496,-12.863159,-38.856506,4.350281
1675981196356214486,-13.223267,-38.35144,3.3859253
1675981196556297350,-13.233948,-38.645935,4.0527344
1675981196756992663,-13.46283,-38.580322,4.3533325
1675981196957403444,-12.762451,-38.186646,4.0542603
1675981197156750110,-14.051819,-38.07831,3.6865234
1675981197357834537,-14.428711,-37.94098,3.7597656
1675981197556327089,-12.980652,-37.745667,4.8721313
1675981197756367714,-12.826538,-37.742615,3.5354614
1675981197956686204,-13.539124,-38.65509,4.574585
1675981198156775370,-13.607788,-38.360596,5.0964355
1675981198356927037,-13.623047,-38.88092,4.1290283
1675981198556688026,-14.285278,-38.23242,3.7597656
1675981198757121776,-13.899231,-38.07373,3.388977
1675981198976804901,-14.970398,-38.25531,4.058838
1675981199156315266,-14.353943,-38.01422,3.6865234
1675981199356822141,-14.122009,-37.85858,4.2800903
1675981199556890526,-14.672852,-38.545227,3.1677246
1675981199756790578,-15.211487,-38.710022,3.8360596
1675981199956853599,-14.605713,-38.763428,3.8345337
1675981200156798443,-14.962769,-37.957764,4.208374
1675981200356848495,-15.487671,-37.75177,4.211426
1675981200556467609,-14.732361,-38.101196,2.2750854
1675981200757494171,-15.574646,-38.198853,3.7628174
1675981200956565942,-15.481567,-37.60376,3.7643433
1675981201156540161,-15.330505,-37.599182,4.211426
1675981201356819796,-15.800476,-38.05847,3.691101
1675981201556801411,-15.315247,-37.22992,3.3935547
1675981201756742921,-15.652466,-38.2782,3.2440186
1675981201956841879,-16.186523,-38.36975,3.1707764
1675981202156777088,-15.644836,-38.05542,3.3172607
1675981202356619171,-15.953064,-38.137817,3.0960083
1675981202557805108,-16.392517,-37.709045,2.430725
1675981202756847348,-16.879272,-38.61389,2.7999878
1675981202956933546,-16.325378,-37.928772,2.6504517
1675981203156980733,-16.261292,-38.29651,3.0960083
1675981203357023806,-16.574097,-38.606262,2.4291992
1675981203556848650,-16.848755,-37.64801,2.8762817
1675981203756697087,-16.853333,-37.797546,2.8762817
1675981203957116618,-17.086792,-38.104248,1.6876221
1675981204156931253,-17.320251,-38.182068,2.1331787
1675981204357016358,-17.475891,-38.33618,2.281189
1675981204557074639,-17.633057,-38.490295,2.2094727
1675981204756787451,-17.919922,-37.905884,1.9851685
1675981204957138232,-18.423462,-37.106323,1.6174316
1675981205157289222,-17.636108,-38.563538,1.9851685
1675981205357161045,-18.215942,-37.76703,1.2466431
1675981205556808805,-18.574524,-37.1109,1.6174316
1675981205757069170,-18.223572,-37.91504,1.9866943
1675981205957132034,-19.059753,-38.09204,0.42877197
1675981206156889013,-17.393494,-38.186646,1.0177612
1675981206356813648,-18.618774,-38.52539,0.57525635
1675981206557034378,-19.27185,-37.58087,0.28076172
1675981206757133700,-19.880676,-37.599182,0.35705566
1675981206957348752,-19.13147,-38.023376,-0.1663208
1675981207157290002,-18.737793,-37.638855,-0.23803711
1675981207357352502,-18.981934,-37.942505,0.72631836
1675981207557336461,-19.462585,-38.772583,0.50354004
1675981207757455367,-20.285034,-38.42926,-0.23651123
1675981207957116304,-19.88678,-37.82196,-0.01373291
1675981208157150054,-20.558167,-37.47406,-1.1260986
1675981208357135314,-20.249939,-37.38861,-0.8300781
1675981208557204273,-19.891357,-38.046265,-0.7583618
1675981208757216929,-20.887756,-38.29956,-1.0528564
1675981208957607397,-20.54596,-37.101746,-0.9033203
1675981209157352397,-20.04242,-38.05237,-1.3519287
1675981209357047918,-19.973755,-38.272095,-1.2786865
1675981209557047293,-19.805908,-37.82196,-1.499939
1675981209757438908,-20.939636,-37.63733,-1.8692017
1675981209957175887,-19.93103,-37.01172,-2.1652222
1675981210156999168,-20.944214,-37.85858,-2.4627686
1675981210357120887,-20.716858,-37.852478,-2.09198
1675981210557683282,-20.785522,-37.634277,-3.578186
1675981210757430418,-21.246338,-37.79602,-2.760315
1675981210957561980,-21.46759,-37.657166,-3.6499023
1675981211157472553,-21.166992,-37.79602,-3.6499023
1675981211357378074,-21.159363,-37.498474,-3.5766602
1675981211557341667,-21.69342,-37.590027,-3.9459229
1675981211757413230,-21.388245,-37.579346,-4.022217
1675981211957138490,-21.533203,-37.35962,-4.171753
1675981212157451928,-21.310425,-37.504578,-4.319763
1675981212358004844,-21.562195,-38.25226,-4.0985107
1675981212557482292,-21.069336,-37.1994,-4.7668457
1675981212757626823,-21.156311,-37.501526,-5.2841187
1675981212957378073,-21.55304,-38.031006,-5.2871704
1675981213157442344,-21.594238,-37.068176,-5.731201
1675981213357778021,-20.947266,-38.16223,-5.4367065
1675981213557371927,-20.986938,-37.05139,-5.8807373
1675981213757746875,-21.080017,-37.649536,-6.32782
1675981213960743646,-21.316528,-37.878418,-6.399536
1675981214157622291,-21.611023,-37.66632,-6.6970825
1675981214357655520,-21.084595,-37.87079,-6.996155
1675981214558077708,-21.766663,-37.74414,-6.993103
1675981214759037864,-21.01593,-38.095093,-7.4432373
1675981214957873020,-21.23413,-37.80365,-7.8125
1675981215158828072,-21.458435,-37.66327,-7.2921753
1675981215357957239,-20.846558,-37.64496,-8.407593
1675981215557751457,-20.407104,-38.22632,-9.228516
1675981215758074843,-20.228577,-37.40387,-9.52301
1675981215957153801,-20.404053,-38.15155,-9.60083
1675981216176473697,-21.07544,-37.802124,-9.6710205
1675981216360757551,-20.0943,-37.99591,-10.044861
1675981216557894009,-20.767212,-37.646484,-10.191345
1675981216757667134,-19.776917,-37.615967,-10.4904175
1675981216957369999,-20.49408,-38.67798,-10.862732
1675981217161917603,-20.233154,-37.6297,-10.415649
1675981217359324113,-19.464111,-37.304688,-9.599304
1675981217557927863,-20.002747,-37.547302,-10.192871
1675981217759053384,-19.940186,-38.067627,-11.607361
1675981217962407134,-20.533752,-37.490845,-10.487366
1675981218159673071,-19.755554,-37.0224,-10.861206
1675981218366167290,-19.720459,-38.28125,-10.864258
1675981218559576456,-19.477844,-37.828064,-10.9375
1675981218758539112,-20.022583,-38.217163,-11.308289
1675981218958889581,-19.76471,-37.31842,-11.087036
1675981219159904842,-19.45343,-37.088013,-11.680603
1675981219357898748,-19.387817,-37.38098,-11.235046
1675981219558989060,-18.94989,-37.963867,-11.831665
1675981219758122445,-18.093872,-37.49237,-12.724304
1675981219959690362,-18.63556,-37.730408,-11.981201
1675981220158228227,-19.084167,-37.449646,-12.0529175
1675981220358598070,-19.229126,-37.22992,-11.682129
1675981220563910831,-18.257141,-37.7182,-11.610413
1675981220759662601,-18.562317,-37.802124,-11.831665
1675981220960530362,-17.643738,-37.701416,-12.72583
1675981221161335466,-18.270874,-38.237,-12.280273
1675981221360515726,-18.556213,-37.654114,-12.054443
1675981221558485674,-18.026733,-37.786865,-12.799072
1675981221760411507,-17.565918,-37.54883,-12.428284
1675981221957873330,-17.565918,-37.54883,-12.428284
1675981222158218070,-18.022156,-37.638855,-12.57782
1675981222358072132,-18.003845,-37.120056,-13.691711
1675981222557730257,-17.03186,-37.608337,-13.172913
1675981222757860101,-17.578125,-37.99591,-12.652588
1675981222959723746,-18.008423,-37.26654,-13.394165
1675981223158027861,-17.774963,-37.039185,-13.616943
1675981223357863590,-17.115784,-37.83264,-13.09967
1675981223558106298,-16.95404,-37.532043,-13.320923
1675981223758305256,-16.947937,-37.460327,-14.434814
1675981223958101454,-17.477417,-37.32605,-13.839722
1675981224158061454,-17.337036,-37.693787,-14.361572
1675981224358176558,-16.41388,-37.29248,-13.694763
1675981224558341402,-17.103577,-37.538147,-13.990784
1675981224758361402,-17.575073,-37.997437,-13.990784
1675981224958795100,-16.71753,-37.301636,-14.065552
1675981225158635777,-16.659546,-37.971497,-14.736938
1675981225358449683,-16.668701,-38.116455,-13.398743
1675981225558287599,-16.641235,-37.37793,-14.735413
1675981225758762443,-16.799927,-37.60376,-14.883423
1675981225958394995,-16.029358,-37.283325,-14.437866
1675981226158003224,-16.508484,-37.96692,-14.512634
1675981226358396505,-16.7984,-37.532043,-15.403748
1675981226557910099,-16.410828,-37.29248,-14.363098
1675981226758353016,-16.331482,-37.142944,-14.28833
1675981226958011297,-16.575623,-37.669373,-14.215088
1675981227158063588,-16.19873,-37.8067,-14.437866
1675981227358322495,-14.744568,-37.539673,-15.185547
1675981227558017755,-15.589905,-37.78839,-14.811707
1675981227758542859,-16.262817,-37.438965,-14.735413
1675981227958450984,-15.803528,-37.426758,-15.70282
1675981228158499890,-15.361023,-37.704468,-13.772583
1675981228358607598,-15.371704,-38.07831,-14.73999
1675981228558034369,-16.186523,-37.435913,-14.66217
1675981228758272598,-15.498352,-37.339783,-14.886475
1675981228958475307,-15.133667,-37.773132,-14.36615
1675981229158423536,-15.283203,-37.78076,-14.959717
1675981229358422077,-14.515686,-37.4588,-14.59198
1675981229558534421,-14.816284,-37.31842,-14.73999
1675981229759530462,-14.73999,-37.391663,-15.185547
1675981229958270358,-15.444946,-37.931824,-14.219666
1675981230158328744,-14.802551,-36.94763,-15.258789
1675981230358565150,-14.601135,-37.834167,-15.484619
1675981230559168795,-15.463257,-38.526917,-14.813232
1675981230758451087,-14.295959,-37.672424,-14.146423
1675981230959358170,-15.26947,-37.25891,-14.738464
1675981231158427285,-14.723206,-36.872864,-15.332031
1675981231358715097,-14.295959,-37.74872,-14.814758
1675981231558661868,-14.605713,-37.982178,-15.557861
1675981231758698014,-14.674377,-37.609863,-14.070129
1675981231958724368,-14.222717,-37.895203,-15.0390625
1675981232158777649,-13.891602,-36.99341,-15.112305
1675981232358518118,-14.187622,-36.779785,-14.8880005
1675981232558545253,-14.535522,-38.12561,-15.187073
1675981232758384315,-14.091492,-38.560486,-15.484619
1675981232958819315,-14.155579,-38.11493,-15.336609
1675981233158495409,-13.977051,-37.368774,-15.707397
1675981233358426503,-13.548279,-38.16986,-15.263367
1675981233558619732,-14.204407,-37.376404,-15.855408
1675981233758454419,-14.280701,-37.37793,-15.559387
1675981233958733638,-14.299011,-37.823486,-15.0390625
1675981234158960357,-13.519287,-37.280273,-15.856934
1675981234359087648,-13.609314,-37.727356,-15.708923
1675981234559024419,-13.525391,-37.50305,-15.634155
1675981234759257648,-14.216614,-37.750244,-16.448975
1675981234959374002,-12.866211,-38.224792,-15.562439
1675981235162001815,-10.646057,-39.704895,-10.7421875
1675981235359475929,-10.249329,-39.17389,-10.96344
1675981235559316137,-10.958862,-40.011597,-10.96344
1675981235759332387,-10.266113,-39.694214,-11.112976
1675981235959424731,-10.557556,-39.405823,-10.888672
1675981236163159679,-10.720825,-37.55951,-13.9328
1675981236359690564,-11.134338,-38.61389,-13.63678
1675981236559478429,-11.755371,-39.001465,-13.412476
1675981236759249835,-11.532593,-39.14337,-13.562012
1675981236960071814,-10.60791,-38.81836,-13.787842
1675981237161482335,-10.98938,-38.830566,-14.1571045
1675981237359215668,-10.681152,-38.6734,-13.713074
1675981237562199730,-11.282349,-38.39264,-13.3377075
1675981237759138428,-10.597229,-38.446045,-13.414001
1675981237958872491,-10.508728,-38.150024,-14.453125
1675981238158802959,-11.566162,-38.034058,-15.567017
1675981238361055407,-11.975098,-36.64093,-16.67633
1675981238559675199,-12.097168,-38.050842,-16.08429
1675981238759529886,-12.542725,-37.69684,-16.453552
1675981238959182021,-12.286377,-36.79657,-16.156006
1675981239158834938,-12.161255,-37.686157,-16.899109
1675981239359568792,-12.081909,-37.532043,-15.934753
1675981239559617750,-12.020874,-38.050842,-17.05017
1675981239759328688,-11.387634,-37.28943,-16.900635
1675981239959245823,-11.997986,-37.309265,-16.2323
1675981240159111500,-11.921692,-37.306213,-16.307068
1675981240359764417,-11.631775,-37.742615,-16.531372
1675981240559443063,-11.706543,-37.745667,-16.978455
1675981240760294729,-11.155701,-37.13379,-16.308594
1675981240960114052,-11.151123,-36.909485,-15.715027
1675981241159241760,-11.058044,-36.462402,-16.381836
1675981241359767281,-11.164856,-37.431335,-16.976929
1675981241559849104,-11.633301,-37.815857,-16.160583
1675981241760945458,-11.598206,-36.70349,-16.38031
1675981241959816395,-10.768127,-36.898804,-16.456604
1675981242159787072,-10.714722,-37.564087,-16.532898
1675981242359484937,-11.315918,-37.36267,-16.308594
1675981242560608635,-10.868835,-37.643433,-16.308594
1675981242759907489,-10.554504,-37.4115,-16.755676
1675981242959650353,-10.0112915,-37.0224,-16.609192
1675981243160216030,-10.934448,-37.350464,-16.680908
1675981243360133426,-11.239624,-37.283325,-16.012573
1675981243560165613,-10.710144,-37.416077,-16.607666
1675981243760497072,-10.720825,-37.713623,-16.238403
1675981243959499415,-11.103821,-37.799072,-16.012573
1675981244159290405,-11.102295,-37.8006,-16.384888
1675981244359847071,-10.580444,-38.07831,-15.791321
1675981244559504363,-10.687256,-36.672974,-16.531372
1675981244760158373,-10.995483,-36.906433,-16.532898
1675981244959436967,-9.727478,-37.609863,-16.459656
1675981245159537175,-10.856628,-37.348938,-17.274475
1675981245359437436,-10.720825,-37.78839,-16.534424
1675981245559261706,-11.083984,-37.20398,-16.012573
1675981245760319883,-10.029602,-37.542725,-16.0141
1675981245960150092,-10.635376,-37.487793,-16.085815
1675981246159504779,-10.7925415,-37.641907,-16.532898
1675981246359645925,-10.9436035,-37.571716,-16.011047
1675981246560215977,-10.038757,-37.84027,-16.537476
1675981246759813685,-10.580444,-38.07831,-16.015625
1675981246959504623,-10.400391,-37.25891,-16.45813
1675981247160335560,-10.345459,-37.92267,-16.163635
1675981247359703164,-9.744263,-38.128662,-16.537476
1675981247559845872,-10.424805,-38.00049,-16.311646
1675981247759719883,-10.183716,-37.545776,-16.0141
1675981247959513581,-10.079956,-36.72638,-15.864563
1675981248160385716,-11.01532,-37.5,-16.085815
1675981248359653737,-10.180664,-37.547302,-16.830444
1675981248559366341,-10.336304,-37.625122,-16.087341
1675981248759321393,-9.825134,-38.279724,-16.165161
1675981248960098476,-10.932922,-37.1994,-16.012573
1675981249159519986,-9.498596,-37.600708,-16.537476
1675981249359374517,-10.3302,-37.402344,-15.864563
1675981249559518684,-10.176086,-37.32605,-16.607666
