1675981119433710869
1675981119694813786
1675981119934604619
1675981120192958473
1675981120443201442
1675981120703590608
1675981120943689775
1675981121205087952
1675981121449835087
1675981121709133941
1675981121949512170
1675981122209557691
1675981122469426493
1675981122718849722
1675981122980323732
1675981123220370034
1675981123480599982
1675981123727321649
1675981123987552899
1675981124224290086
1675981124487564253
1675981124735474721
1675981124993210919
1675981125233540971
1675981125493462377
1675981125753711075
1675981125997837794
1675981126258808210
1675981126497506544
1675981126757921700
1675981127009286179
1675981127267833210
1675981127508183470
1675981127768267064
1675981128003350397
1675981128273827272
1675981128513488834
1675981128773374563
1675981129033597376
1675981129283976178
1675981129543061438
1675981129783874824
1675981130044486698
1675981130288265084
1675981130548248938
1675981130788111281
1675981131048492896
1675981131288240448
1675981131558148365
1675981131818652896
1675981132057876021
1675981132318157010
1675981132563764510
1675981132823540499
1675981133064349406
1675981133323165343
1675981133563460343
1675981133833998832
1675981134073319145
1675981134333252582
1675981134568862686
1675981134838042374
1675981135098331749
1675981135338641332
1675981135598201800
1675981135848298780
1675981136108151175
1675981136348325029
1675981136608239821
1675981136843391644
1675981137112635967
1675981137353974196
1675981137613576331
1675981137853889039
1675981138123893362
1675981138383474195
1675981138623449560
1675981138883104924
1675981139128468830
1675981139388200028
1675981139628935445
1675981139888595913
1675981140127912111
1675981140397665757
1675981140638118205
1675981140898158101
1675981141157596173
1675981141402716121
1675981141663270704
1675981141903018881
1675981142163675756
1675981142402597527
1675981142673534714
1675981142912776537
1675981143172972839
1675981143407926381
1675981143677922006
1675981143918362162
1675981144178093881
1675981144438213099
1675981144687934714
1675981144948192266
1675981145188260286
1675981145447890443
1675981145682857838
1675981145953320338
1675981146193328411
1675981146453027942
1675981146693154609
1675981146962959400
1675981147202633567
1675981147463286431
1675981147722827473
1675981147958600910
1675981148228048462
1675981148468286483
1675981148728133045
1675981148969102316
1675981149237714608
1675981149478009087
1675981149737886847
1675981149973491951
1675981150243298930
1675981150503279920
1675981150742901482
1675981151002835909
1675981151242634399
1675981151513131326
1675981151753237523
1675981152012523773
1675981152248007471
1675981152518149711
1675981152757854242
1675981153018000075
1675981153258454033
1675981153527857575
1675981153787863252
1675981154028199710
1675981154288571064
1675981154523163460
1675981154792955179
1675981155032370699
1675981155292874241
1675981155532573928
1675981155802729084
1675981156043169136
1675981156302755959
1675981156543143615
1675981156797738251
1675981157067919344
1675981157308018042
1675981157567782521
1675981157808084188
1675981158077852261
1675981158317932208
1675981158577728458
1675981158813338979
1675981159082950281
1675981159323081271
1675981159583250333
1675981159842890489
1675981160083229343
1675981160353404499
1675981160593303822
1675981160852925124
1675981161087950228
1675981161357886218
1675981161598115541
1675981161857985749
1675981162098090853
1675981162357498509
1675981162607835176
1675981162868034655
1675981163127786373
1675981163363156477
1675981163633352154
1675981163872873977
1675981164132788925
1675981164373223612
1675981164643923456
1675981164883608508
1675981165144185435
1675981165378196164
1675981165638157206
1675981165887971268
1675981166147846008
1675981166408403507
1675981166648161737
1675981166920853976
1675981167160815226
1675981167418169705
1675981167653295799
1675981167923201215
1675981168163815278
1675981168423202673
1675981168663601007
1675981168923513402
1675981169193207621
1675981169433529652
1675981169693428037
1675981169927986839
1675981170198534287
1675981170438732568
1675981170698613454
1675981170938183922
1675981171197510745
1675981171447855901
1675981171708229339
1675981171947806839
1675981172203860328
1675981172472835849
1675981172714228401
1675981172973400224
1675981173213488817
1675981173483499755
1675981173722935119
1675981173982876525
1675981174218227827
1675981174477994963
1675981174728125431
1675981174987882619
1675981175227963400
1675981175488052046
1675981175758279702
1675981175998115587
1675981176257964754
1675981176492725952
1675981176753241472
1675981177003590170
1675981177263127514
1675981177503306003
1675981177763489753
1675981178012768399
1675981178272725065
1675981178532825742
1675981178767820742
1675981179038005169
1675981179278278815
1675981179537958815
1675981179777986471
1675981180038459231
1675981180287757408
1675981180548409544
1675981180783437617
1675981181042737773
1675981181293326731
1675981181553634856
1675981181813588085
1675981182053177512
1675981182324237876
1675981182563218189
1675981182823098710
1675981183058486001
1675981183318202303
1675981183568163293
1675981183828392720
1675981184067949542
1675981184328469282
1675981184578251990
1675981184838219438
1675981185098207719
1675981185333606156
1675981185593984802
1675981185843636208
1675981186103680167
1675981186343168031
1675981186603262927
1675981186852883656
1675981187113589020
1675981187353798135
1675981187609280791
1675981187878012874
1675981188118999385
1675981188378467926
1675981188618239176
1675981188878324332
1675981189129361155
1675981189390132874
1675981189623593030
1675981189883668446
1675981190132899905
1675981190393102977
1675981190633332717
1675981190893019436
1675981191153133967
1675981191403933863
1675981191663568758
1675981191898290894
1675981192158270425
1675981192407907820
1675981192667766310
1675981192907611154
1675981193167841049
1675981193418489539
1675981193678138497
1675981193917752247
1675981194176206466
1675981194436900111
1675981194685727351
1675981194943420632
1675981195186452559
1675981195443123288
1675981195693602819
1675981195953255944
1675981196187840059
1675981196447993704
1675981196688076621
1675981196957937610
1675981197218163652
1675981197457881933
1675981197717601568
1675981197968544954
1675981198228723652
1675981198463197193
1675981198723785474
1675981198973147766
1675981199232973443
1675981199473659224
1675981199733105422
1675981199973480422
1675981200243301567
1675981200503039276
1675981200737794953
1675981200998075578
1675981201247564015
1675981201508109379
1675981201747843234
1675981202007826098
1675981202258065004
1675981202517666983
1675981202757895473
1675981203013229327
1675981203253142087
1675981203522893754
1675981203783063858
1675981204023171358
1675981204282909847
1675981204533144795
1675981204792413753
1675981205027971149
1675981205287921826
1675981205528340940
1675981205798279690
1675981206037882972
1675981206298604378
1675981206558382971
1675981206808063075
1675981207067781304
1675981207302779117
1675981207562731981
1675981207812675835
1675981208073358075
1675981208313113231
1675981208573275835
1675981208813245106
1675981209082796564
1675981209322966252
1675981209577866616
1675981209838085470
1675981210087950782
1675981210347834168
1675981210587716616
1675981210847896563
1675981211087931199
1675981211358067032
1675981211592622449
1675981211853147917
1675981212093964584
1675981212364363021
1675981212604016823
1675981212863438438
1675981213122876927
1675981213372810104
1675981213632367292
1675981213868399687
1675981214128369271
1675981214368294635
1675981214639068697
1675981214880177187
1675981215138711874
1675981215379338437
1675981215651284426
1675981215908180155
1675981216146169166
1675981216403675520
1675981216657212551
1675981216916027707
1675981217153765571
1675981217416136613
1675981217655255519
1675981217924429321
1675981218159240831
1675981218418292498
1675981218658565050
1675981218928602967
1675981219187903435
1675981219427837706
1675981219687805831
1675981219927394372
1675981220197938331
1675981220433299581
1675981220693083174
1675981220933276820
1675981221203106039
1675981221442378018
1675981221702920726
1675981221942916038
1675981222212905309
1675981222473365778
1675981222708448746
1675981222968248955
1675981223208180517
1675981223478267704
1675981223718088381
1675981223978043277
1675981224217963642
1675981224487726975
1675981224728066819
1675981224982865829
1675981225242792600
1675981225483467600
1675981225752666714
1675981225993509891
1675981226253300672
1675981226493346037
1675981226762856557
1675981226998260359
1675981227257715776
1675981227498050515
1675981227768501609
1675981228008131088
1675981228267769161
1675981228527721921
1675981228768365880
1675981229037831765
1675981229273328848
1675981229533075515
1675981229773423067
1675981230042781660
1675981230283525827
1675981230542473796
1675981230782810358
1675981231052629837
1675981231292839316
1675981231547975358
1675981231807848170
1675981232048179316
1675981232318352701
1675981232557942128
1675981232818050149
1675981233057961711
1675981233328022597
1675981233562943951
1675981233823343378
1675981234063070982
1675981234323045513
1675981234592943846
1675981234833491294
1675981235093305148
1675981235334275981
1675981235603928585
1675981235838178273
1675981236099557231
1675981236338574158
1675981236607894991
1675981236848598897
1675981237108806345
1675981237348965251
1675981237608474209
1675981237878618949
1675981238114309886
1675981238374726918
1675981238613627595
1675981238883276969
1675981239123849678
1675981239383957386
1675981239623690302
1675981239884028532
1675981240134483375
1675981240389356865
1675981240628904521
1675981240888636344
1675981241158472021
1675981241398527750
1675981241658976239
1675981241898929364
1675981242168102854
1675981242403641239
1675981242663504676
1675981242904156499
1675981243164101551
1675981243413358947
1675981243672895822
1675981243933693217
1675981244173368947
1675981244442558321
1675981244678268634
1675981244938119415
1675981245178607175
1675981245447539050
1675981245687944519
1675981245947721133
1675981246187925508
1675981246447893321
1675981246697678581
1675981246953528789
1675981247212897591
1675981247453239102
1675981247722658737
1675981247963036914
1675981248223170872
1675981248462301445
1675981248722786966
