1675981119260000192
1675981119305766494
1675981119348395661
1675981119412406077
1675981119452607015
1675981119492372275
1675981119530678994
1675981119590890817
1675981119620166077
1675981119657538577
1675981119690812223
1675981119770236025
1675981119802178942
1675981119830953577
1675981119872940921
1675981119931185452
1675981119960849723
1675981120010667119
1675981120050696233
1675981120090808265
1675981120150980765
1675981120190839463
1675981120238290452
1675981120279022588
1675981120312594931
1675981120350465608
1675981120412549410
1675981120450310921
1675981120492993004
1675981120530886806
1675981120590840660
1675981120630720973
1675981120670524983
1675981120720797119
1675981120770599046
1675981120810857067
1675981120851819619
1675981120895339514
1675981120930841546
1675981120971003941
1675981121031460504
1675981121056708941
1675981121110992900
1675981121131399723
1675981121171286754
1675981121231475191
1675981121271081806
1675981121311454514
1675981121357685400
1675981121398758316
1675981121451048160
1675981121491361181
1675981121532473473
1675981121590615504
1675981121630452066
1675981121652577691
1675981121719386545
1675981121752539410
1675981121791088368
1675981121850232795
1675981121891836233
1675981121931046649
1675981121973103889
1675981122030218472
1675981122070702535
1675981122111018160
1675981122151260920
1675981122202087118
1675981122250710608
1675981122270994722
1675981122330697014
1675981122362839878
1675981122410685608
1675981122470250087
1675981122511329878
1675981122530634774
1675981122571756128
1675981122611360035
1675981122651981076
1675981122711412951
1675981122751240139
1675981122791717639
1675981122839382222
1675981122891331024
1675981122932274462
1675981122971446597
1675981123031574149
1675981123059524305
1675981123092902118
1675981123151357482
1675981123193987482
1675981123231073055
1675981123291552534
1675981123331153941
1675981123371389930
1675981123414670503
1675981123454653159
1675981123510434149
1675981123536294618
1675981123590643159
1675981123630987899
1675981123676323836
1675981123723054618
1675981123770528836
1675981123802025815
1675981123838133888
1675981123876503576
1675981123950536128
1675981123971667117
1675981124011039565
1675981124064728628
1675981124111043836
1675981124131147065
1675981124192832117
1675981124231542899
1675981124273824669
1675981124335020346
1675981124370908367
1675981124411003003
1675981124452252378
1675981124500910190
1675981124534245190
1675981124577749044
1675981124630701440
1675981124672107482
1675981124713528836
1675981124770516492
1675981124811259513
1675981124850744565
1675981124894547846
1675981124951145815
1675981124990601440
1675981125010632013
1675981125070696961
1675981125110922117
1675981125143070867
1675981125210845346
1675981125251170554
1675981125270844409
1675981125316815659
1675981125357121075
1675981125410717325
1675981125450941284
1675981125491045554
1675981125531024721
1675981125571406231
1675981125638196492
1675981125678878575
1675981125731060398
1675981125770625398
1675981125810521544
1675981125839626440
1675981125893621700
1675981125931881440
1675981125973472169
1675981126031282690
1675981126070670710
1675981126111163002
1675981126160082012
1675981126210467064
1675981126250865346
1675981126290892429
1675981126335822377
1675981126375056283
1675981126430499616
1675981126450457794
1675981126510250294
1675981126541405606
1675981126570883731
1675981126650295502
1675981126690600710
1675981126710618262
1675981126750834981
1675981126797494356
1675981126836794200
1675981126890852012
1675981126931375450
1675981126970833887
1675981127013705554
1675981127070857168
1675981127111887168
1675981127151745293
1675981127210730397
1675981127232759356
1675981127279723939
1675981127333377481
1675981127370551699
1675981127410713887
1675981127470539981
1675981127510575501
1675981127550514668
1675981127591056283
1675981127641246751
1675981127690363731
1675981127730574512
1675981127754932481
1675981127810647116
1675981127850554043
1675981127890518678
1675981127950609512
1675981127990643314
1675981128010839876
1675981128050618158
1675981128130727324
1675981128150828782
1675981128190354616
1675981128230848678
1675981128277639355
1675981128317892480
1675981128371525605
1675981128430145241
1675981128470797949
1675981128510770241
1675981128550743157
1675981128598587324
1675981128639023418
1675981128672841334
1675981128710665449
1675981128773717063
1675981128810803053
1675981128851057741
1675981128910728886
1675981128951025345
1675981128990564615
1675981129030872740
1675981129070822688
1675981129130728678
1675981129170318105
1675981129191064772
1675981129250545449
1675981129294319772
1675981129316061074
1675981129390757532
1675981129430397636
1675981129450944459
1675981129490914147
1675981129531050397
1675981129590833990
1675981129630124407
1675981129690352532
1675981129730837376
1675981129771127844
1675981129811907792
1675981129851916126
1675981129910237896
1675981129950559094
1675981129990747428
1675981130013302948
1675981130079750500
1675981130113828886
1675981130159339407
1675981130190592219
1675981130250504459
1675981130293378782
1675981130330596646
1675981130390446177
1675981130430460917
1675981130470468105
1675981130490771594
1675981130550548157
1675981130595723521
1675981130630498052
1675981130690553729
1675981130730643000
1675981130756449094
1675981130830006334
1675981130870073625
1675981130890528677
1675981130930368938
1675981130970746177
1675981131010762583
1675981131070165083
1675981131118347792
1675981131170463469
1675981131210398521
1675981131252291906
1675981131292165240
1675981131330475865
1675981131390724719
1675981131419182896
1675981131453332167
1675981131510687167
1675981131553538833
1675981131590752739
1675981131650693104
1675981131690415812
1675981131730882271
1675981131774066125
1675981131815418000
1675981131870171489
1675981131910228208
1675981131930968469
1675981131991028208
1675981132035791385
1675981132070547323
1675981132130669875
1675981132170493729
1675981132197318625
1675981132237357010
1675981132310490916
1675981132330106698
1675981132370876645
1675981132430439875
1675981132470685656
1675981132510229458
1675981132558807739
1675981132610711541
1675981132650128416
1675981132691009718
1675981132732181802
1675981132770676854
1675981132812462479
1675981132860312479
1675981132893100083
1675981132950682635
1675981132990621020
1675981133030704093
1675981133090666124
1675981133130567218
1675981133170396333
1675981133214793156
1675981133235471853
1675981133290760812
1675981133333963833
1675981133371042843
1675981133430935447
1675981133470765239
1675981133503901124
1675981133570027374
1675981133611008103
1675981133630747791
1675981133677758207
1675981133718051124
1675981133770786332
1675981133810991801
1675981133870683832
1675981133910909562
1675981133950241853
1675981133990688416
1675981134039575864
1675981134071102426
1675981134130583572
1675981134172307374
1675981134200526697
1675981134253287791
1675981134293723311
1675981134334036645
1675981134390936541
1675981134431113884
1675981134471199353
1675981134520809197
1675981134570606436
1675981134610207999
1675981134650322426
1675981134687244457
1675981134731012374
1675981134771006905
1675981134810490290
1675981134870666124
1675981134910334874
1675981134930486228
1675981135010137061
1675981135050498624
1675981135070525290
1675981135110357738
1675981135170659092
1675981135210440394
1675981135251057269
1675981135291821644
1675981135350698936
1675981135390628207
1675981135430690394
1675981135470235394
1675981135519399717
1675981135570811905
1675981135593323467
1675981135639760759
1675981135693785915
1675981135730540238
1675981135770624092
1675981135830395342
1675981135870364405
1675981135910437217
1675981135950726071
1675981135981926748
1675981136035338415
1675981136090418050
1675981136110671957
1675981136170737321
1675981136210418779
1675981136250009717
1675981136309871488
1675981136350402009
1675981136370546123
1675981136410321696
1675981136490461956
1675981136510460133
1675981136550326019
1675981136610471956
1675981136650489404
1675981136691261175
1675981136732029717
1675981136790633258
1675981136829968154
1675981136870928935
1675981136910629977
1675981136950035758
1675981137000421696
1675981137033708310
1675981137070640237
1675981137134042060
1675981137170885081
1675981137210633779
1675981137270611071
1675981137290784821
1675981137350525237
1675981137390608414
1675981137410817425
1675981137470595550
1675981137511162477
1675981137550917164
1675981137610430133
1675981137650104091
1675981137676778414
1675981137750490654
1675981137790672581
1675981137811030237
1675981137850846435
1675981137910623987
1675981137950505237
1675981137997815862
1675981138050176122
1675981138090196487
1675981138131541747
1675981138172169872
1675981138212789404
1675981138270664039
1675981138310389508
1675981138350429664
1675981138374122476
1675981138440028779
1675981138474650966
1675981138510235133
1675981138570366122
1675981138610887789
1675981138650796956
1675981138694775966
1675981138730663206
1675981138782983570
1675981138830546539
1675981138850720966
1675981138910920914
1675981138950963258
1675981138990670914
1675981139050117268
1675981139090658414
1675981139117240289
1675981139189831747
1675981139230382164
1675981139251094924
1675981139291110966
1675981139350385184
1675981139390109299
1675981139438138778
1675981139478904924
1675981139530396695
1675981139570337789
1675981139613175028
1675981139652839507
1675981139690321851
1675981139750454507
1675981139780290445
1675981139813971434
1675981139870144768
1675981139914231278
1675981139950360080
1675981140009976643
1675981140030502007
1675981140090553622
1675981140130236226
1675981140167128101
1675981140210215913
1675981140256047788
1675981140290348205
1675981140350917788
1675981140390633309
1675981140430127319
1675981140490822736
1675981140530568882
1675981140557361851
1675981140597162736
1675981140650341121
1675981140690337476
1675981140750888309
1675981140790595705
1675981140830815340
1675981140870583309
1675981140919399819
1675981140970617892
1675981141010336538
1675981141050629507
1675981141093596590
1675981141130112996
1675981141173681225
1675981141210559090
1675981141254059923
1675981141310529507
1675981141350812475
1675981141390342944
1675981141450563673
1675981141470625496
1675981141530585652
1675981141570371121
1675981141596000913
1675981141650850079
1675981141690616590
1675981141730892840
1675981141790469819
1675981141830245652
1675981141850744402
1675981141930102892
1675981141970610183
1675981141990607267
1675981142038270079
1675981142090503777
1675981142130517788
1675981142171272215
1675981142230130444
1675981142270544298
1675981142310574506
1675981142351044975
1675981142399951329
1675981142430833048
1675981142490505704
1675981142530614246
1675981142560649350
1675981142614195496
1675981142650551902
1675981142694312371
1675981142750567423
1675981142770625912
1675981142830472787
1675981142874873516
1675981142910138933
1675981142950845443
1675981142991286746
1675981143037054610
1675981143090598621
1675981143131074766
1675981143170821798
1675981143230231641
1675981143270292683
1675981143290969818
1675981143350047006
1675981143391055600
1675981143430242579
1675981143490250912
1675981143530280756
1675981143570508204
1675981143611505235
1675981143652708672
1675981143710359506
1675981143750557839
1675981143790396016
1675981143830653151
1675981143879946329
1675981143930338204
1675981143954178204
1675981143990291016
1675981144054492995
1675981144090502474
1675981144130858724
1675981144190530339
1675981144210345651
1675981144270520703
1675981144310522110
1675981144342831641
1675981144390571068
1675981144430642839
1675981144470627370
1675981144530921745
1675981144570632787
1675981144610748307
1675981144670110547
1675981144710289401
1675981144731073828
1675981144770624401
1675981144831161120
1675981144870025651
1675981144930383880
1675981144970070286
1675981145010313464
1675981145051940755
1675981145093092318
1675981145150239297
1675981145190275443
1675981145230477838
1675981145270118776
1675981145310322630
1675981145360802370
1675981145394446797
1675981145430207005
1675981145490220026
1675981145514583515
1675981145570628932
1675981145610546224
1675981145650523672
1675981145690602995
1675981145736341172
1675981145770260442
1675981145831055963
1675981145870547005
1675981145910841172
1675981145970409036
1675981146010509036
1675981146037643307
1675981146090506171
1675981146130269140
1675981146171498359
1675981146230470338
1675981146270426796
1675981146310412161
1675981146358509140
1675981146410473463
1675981146450265025
1675981146492468463
1675981146533857578
1675981146573530859
1675981146611235338
1675981146670701900
1675981146710517109
1675981146734074140
1675981146790008567
1675981146834496275
1675981146870494400
1675981146930410911
1675981146955184088
1675981147010439296
1675981147050235963
1675981147090770546
1675981147130760129
1675981147176762161
1675981147210552109
1675981147270524713
1675981147310466900
1675981147350025546
1675981147410443723
1675981147450421223
1675981147478032004
1675981147529919088
1675981147570542160
1675981147609970129
1675981147670447004
1675981147709981535
1675981147750416067
1675981147799088931
1675981147839312890
1675981147889776796
1675981147930445806
1675981147973656900
1675981148013278619
1675981148050187056
1675981148110185494
1675981148141059244
1675981148177909087
1675981148210322369
1675981148250063723
1675981148310257473
1675981148354689244
1675981148390360233
1675981148436197316
1675981148490245389
1675981148516808618
1675981148570259243
1675981148610495285
1675981148650657785
1675981148710584764
1675981148749836327
1675981148790398723
1675981148837646535
1675981148870927420
1675981148910029400
1675981148972239660
1675981149010274035
1675981149050244347
1675981149109925754
1675981149150195441
1675981149190196847
1675981149230426639
1675981149280114712
1675981149330669399
1675981149370438566
1675981149410660962
1675981149454146535
1675981149490170337
1675981149534777993
1675981149570432056
1675981149615395701
1675981149670418045
1675981149690250962
1675981149750424920
1675981149795794347
1675981149830286326
1675981149870510701
1675981149923295441
1675981149956971743
1675981150010690128
1675981150050467316
1675981150090665493
1675981150150206795
1675981150190522472
1675981150210975493
1675981150278383982
1675981150311709399
1675981150350422107
1675981150409879868
1675981150450171170
1675981150490421639
1675981150531837680
1675981150590496118
1675981150629960857
1675981150670418826
1675981150710446430
1675981150760465753
1675981150810144347
1675981150850393461
1675981150889985857
1675981150931297993
1675981150954887732
1675981151029849555
1675981151050397576
1675981151110672055
1675981151130482159
1675981151170691690
1675981151230233826
1675981151270022888
1675981151310840857
1675981151350712784
1675981151397106951
1675981151450514659
1675981151490701482
1675981151529972367
1675981151590235857
1675981151617823617
1675981151651378409
1675981151710544294
1675981151752166638
1675981151790257471
1675981151850426169
1675981151890380492
1675981151930174086
1675981151972748617
1675981152013209034
1675981152070056273
1675981152110181690
1675981152150688825
1675981152190444867
1675981152240508513
1675981152290192055
1675981152314797732
1675981152350115336
1675981152410361169
1675981152435789815
1675981152490421221
1675981152530109242
1675981152570444138
1675981152610723409
1675981152650683356
1675981152703606690
1675981152750682888
1675981152790565492
1675981152830636638
1675981152891155231
1675981152930748981
1675981152970158200
1675981153011461585
1675981153058232263
1675981153091964242
1675981153150144919
1675981153190279294
1675981153230396794
1675981153290260283
1675981153329915648
1675981153369650804
1675981153412584815
1675981153454214814
1675981153510312887
1675981153549866533
1675981153590394346
1675981153630163356
1675981153670113408
1675981153721309814
1675981153770089450
1675981153790219137
1675981153850083148
1675981153875951481
1675981153916973616
1675981153970193460
1675981154010280283
1675981154050279502
1675981154090506481
1675981154130274970
1675981154190402262
1675981154230477835
1675981154270289710
1675981154330366272
1675981154371138616
1675981154398368408
1675981154451764762
1675981154489920908
1675981154532544345
1675981154590098512
1675981154630099866
1675981154669767731
1675981154719764918
1675981154769891533
1675981154810376116
1675981154850397158
1675981154893490543
1675981154934100751
1675981154990206741
1675981155030099866
1675981155070669189
1675981155095192418
1675981155150338720
1675981155209852522
1675981155250340647
1675981155270298460
1675981155310129918
1675981155355846637
1675981155395711428
1675981155450164918
1675981155489867105
1675981155530695022
1675981155570409501
1675981155630285230
1675981155677693199
1675981155717453459
1675981155769912522
1675981155791876793
1675981155838335803
1675981155891986689
1675981155931354709
1675981155970049918
1675981156018916532
1675981156069826897
1675981156110319866
1675981156149981584
1675981156200113251
1675981156250273980
1675981156289615178
1675981156334565334
1675981156374509397
1675981156410014813
1675981156449971897
1675981156510106480
1675981156535271532
1675981156590033615
1675981156610295959
1675981156689896636
1675981156710288563
1675981156750168251
1675981156790199188
1675981156836326949
1675981156877024449
1675981156930090751
1675981156970148719
1675981157010723824
1675981157070160803
1675981157109831792
1675981157157337886
1675981157198328303
1675981157231621376
1675981157278266740
1675981157318649240
1675981157369939396
1675981157409894865
1675981157470030855
1675981157510045073
1675981157550049553
1675981157589810490
1675981157640074188
1675981157689851219
1675981157729804136
1675981157750111480
1675981157809964448
1675981157849765334
1675981157889840438
1675981157949891271
1675981157990167313
1675981158010265177
1675981158050349136
1675981158090059656
1675981158150087156
1675981158190057886
1675981158230321688
1675981158270597833
1675981158317786479
1675981158370753615
1675981158411152261
1675981158470062677
1675981158510022938
1675981158550266896
1675981158571943563
1675981158638479969
1675981158672054708
1675981158709902000
1675981158770289865
1675981158809882052
1675981158849931062
1675981158892537417
1675981158950079500
1675981158990306948
1675981159030288146
1675981159070380542
1675981159120736531
1675981159170096844
1675981159190082833
1675981159250531531
1675981159282278250
1675981159330079760
1675981159389563771
1675981159429975906
1675981159449651271
1675981159490127260
1675981159530797364
1675981159570611531
1675981159629979500
1675981159670417573
1675981159710271010
1675981159757879916
1675981159811919864
1675981159851385489
1675981159889793458
1675981159949956583
1675981159978625697
1675981160012175020
1675981160069777729
1675981160112336739
1675981160150023666
1675981160209941999
1675981160250251010
1675981160292666010
1675981160330479708
1675981160373897520
1675981160429875072
1675981160469928770
1675981160490218666
1675981160550567676
1675981160594549603
1675981160629826166
1675981160689818822
1675981160729878197
1675981160755720749
1675981160795709291
1675981160870019864
1675981160889995593
1675981160929759135
1675981160969934916
1675981161010083978
1675981161050618666
1675981161117390280
1675981161169833405
1675981161209825853
1675981161251482103
1675981161291005332
1675981161330281166
1675981161372195957
1675981161418756166
1675981161452314551
1675981161510045072
1675981161550009603
1675981161590262520
1675981161649479238
1675981161689826843
1675981161729910593
1675981161773567520
1675981161814845540
1675981161870096165
1675981161909560176
1675981161934878665
1675981161989927051
1675981162030012259
1675981162070125332
1675981162129823613
1675981162169805957
1675981162190084394
1675981162236259447
1675981162276968040
1675981162330030905
1675981162370058561
1675981162410080592
1675981162450035905
1675981162490747988
1675981162550310019
1675981162597874603
1675981162649542519
1675981162689959446
1675981162731608613
1675981162758894707
1675981162812447728
1675981162849836269
1675981162892995540
1675981162950010957
1675981162989581790
1675981163029969030
1675981163073632519
1675981163129935800
1675981163170233352
1675981163210284602
1675981163235216165
1675981163290101686
1675981163330484498
1675981163375023717
1675981163430482884
1675981163470218561
1675981163490194029
1675981163569443300
1675981163610519446
1675981163630064446
1675981163669954915
1675981163716876894
1675981163756895488
1675981163810052102
1675981163851048665
1675981163909825852
1675981163950181217
1675981163989999915
1675981164038238248
1675981164078158613
1675981164130200383
1675981164152531529
1675981164199284654
1675981164253110748
1675981164289503821
1675981164330215487
1675981164379954550
1675981164429756998
1675981164470867675
1675981164510302987
1675981164561900435
1675981164611057102
1675981164650861685
1675981164671201633
1675981164731123612
1675981164769648352
1675981164810410904
1675981164869998248
1675981164910367310
1675981164930175696
1675981164970450696
1675981165050614081
1675981165070477675
1675981165110423300
1675981165150939602
1675981165197280070
1675981165238689966
1675981165291203612
1675981165350043352
1675981165389762102
1675981165430750227
1675981165470025643
1675981165518663143
1675981165558869810
1675981165592915279
1675981165629809237
1675981165693555487
1675981165729913560
1675981165769721112
1675981165829995747
1675981165869948456
1675981165910156008
1675981165950000903
1675981165974366008
1675981166035315956
1675981166074914445
1675981166110284653
1675981166169450018
1675981166210092362
1675981166235945799
1675981166309956008
1675981166350012362
1675981166370087257
1675981166409977987
1675981166449936632
1675981166509735070
1675981166549577101
1675981166610135434
1675981166649821372
1675981166690251893
1675981166731317309
1675981166771467518
1675981166810554445
1675981166870842570
1675981166910220122
1675981166934580174
1675981166979002101
1675981167033074445
1675981167079191893
1675981167110240591
1675981167172191476
1675981167210188768
1675981167252800434
1675981167310399549
1675981167350141059
1675981167390186736
1675981167410435174
1675981167469871945
1675981167515494549
1675981167549911684
1675981167610354549
1675981167650158142
1675981167676540955
1675981167749209913
1675981167790201580
1675981167810405851
1675981167850265851
1675981167890201684
1675981167930294809
1675981167989924496
1675981168038087621
1675981168089680538
1675981168129920434
1675981168172056059
1675981168211859809
1675981168250119028
1675981168309619965
1675981168339361840
1675981168373236580
1675981168430176944
1675981168473710069
1675981168510120017
1675981168569703767
1675981168610122309
1675981168649861267
1675981168694100173
1675981168714854861
1675981168770435225
1675981168829946059
1675981168849988142
1675981168910501892
1675981168950493819
1675981168989943767
1675981169050111788
1675981169090149392
1675981169117165381
1675981169156610173
1675981169230188506
1675981169250083454
1675981169290036475
1675981169349944652
1675981169389507725
1675981169430100277
1675981169478669183
1675981169529871683
1675981169569869027
1675981169610472985
1675981169651893298
1675981169690074496
1675981169732461579
1675981169779931215
1675981169813438662
1675981169869923298
1675981169910011267
1675981169949999756
1675981170009935798
1675981170049894652
1675981170089926683
1675981170134366423
1675981170167160746
1675981170210407048
1675981170250484860
1675981170291036631
1675981170350436787
1675981170390782048
1675981170422362308
1675981170490093141
1675981170529925745
1675981170549522725
1675981170596996162
1675981170650241839
1675981170689741006
1675981170730441891
1675981170790310016
1675981170829691631
1675981170869830172
1675981170910107672
1675981170958563766
1675981171009750120
1675981171049822881
1675981171090038766
1675981171119321318
1675981171173484912
1675981171210345120
1675981171253408662
1675981171309611266
1675981171349813401
1675981171389913558
1675981171440278714
1675981171469939651
1675981171514787881
1675981171569747568
1675981171595500224
1675981171650151683
1675981171690241370
1675981171729550537
1675981171789910328
1675981171829490485
1675981171849929287
1675981171929323714
1675981171970268141
1675981171990414443
1675981172030125537
1675981172089829391
1675981172130087255
1675981172170591318
1675981172212309964
1675981172270456734
1675981172310011318
1675981172350663661
1675981172390237307
1675981172438716995
1675981172489778036
1675981172512686057
1675981172559540276
1675981172613447776
1675981172649937776
1675981172693391526
1675981172730248297
1675981172789860849
1675981172830177880
1675981172869497411
1675981172901961422
1675981172956193505
1675981173009695120
1675981173029885067
1675981173089934442
1675981173130072047
1675981173170209703
1675981173230223088
1675981173269768088
1675981173289805484
1675981173329942828
1675981173390894859
1675981173436846786
1675981173470149755
1675981173529670276
1675981173569724859
1675981173610807932
1675981173651876265
1675981173710043973
1675981173749735901
1675981173790639650
1675981173829819703
1675981173870001578
1675981173900386682
1675981173953684963
1675981173989837827
1675981174054118140
1675981174090245640
1675981174129868557
1675981174190008348
1675981174209946057
1675981174270078973
1675981174309958192
1675981174335306942
1675981174390386734
1675981174430138713
1675981174470449702
1675981174530072202
1675981174569914546
1675981174596684702
1675981174669380692
1675981174709262567
1675981174730670796
1675981174770666056
1675981174829672619
1675981174869764181
1675981174917274390
1675981174969723192
1675981175009308713
1675981175049833140
1675981175092205744
1675981175132689337
1675981175189834077
1675981175229672827
1675981175269800483
1675981175293021317
1675981175349844598
1675981175393483087
1675981175440074389
1675981175469876317
1675981175529965535
1675981175569846369
1675981175613719858
1675981175649897202
1675981175690384754
1675981175735562879
1675981175769928452
1675981175830230327
1675981175870333348
1675981175909661316
1675981175970039545
1675981176010056420
1675981176037188035
1675981176089455691
1675981176129674754
1675981176170713191
1675981176229901681
1675981176270036472
1675981176309521472
1675981176358262618
1675981176398816420
1675981176449818556
1675981176490020899
1675981176532547879
1675981176572383035
1675981176609774493
1675981176670279493
1675981176700070014
1675981176733421316
1675981176790054649
1675981176833409701
1675981176870061576
1675981176914417462
1675981176950108139
1675981177010016993
1675981177050002410
1675981177076098399
1675981177130062878
1675981177176060170
1675981177210334701
1675981177270333660
1675981177309755170
1675981177349629337
1675981177410108451
1675981177449841212
1675981177470123712
1675981177517386993
1675981177569831576
1675981177610022462
1675981177669780482
1675981177710028868
1675981177749533243
1675981177790007982
1675981177839003711
1675981177889992826
1675981177930043816
1675981177970290534
1675981178012970691
1675981178049462409
1675981178093004076
1675981178129991055
1675981178173766263
1675981178230092461
1675981178249956993
1675981178309576784
1675981178354032357
1675981178390142982
1675981178430204284
1675981178482845430
1675981178516186263
1675981178569733555
1675981178609745847
1675981178650144805
1675981178710020794
1675981178749483086
1675981178770010638
1675981178836763607
1675981178870234961
1675981178909523346
1675981178970639180
1675981179009767461
1675981179050064232
1675981179090947565
1675981179149480430
1675981179189675326
1675981179229978659
1675981179270002617
1675981179313953815
1675981179353026836
1675981179410011055
1675981179449778346
1675981179490175273
1675981179514129023
1675981179569453919
1675981179609979388
1675981179669993502
1675981179690213919
1675981179749926471
1675981179794973711
1675981179829850013
1675981179870321367
1675981179910360690
1675981179956314596
1675981180010077252
1675981180050345429
1675981180090080533
1675981180149766679
1675981180189794127
1675981180210298190
1675981180269202773
1675981180310568450
1675981180357015377
1675981180389718450
1675981180449508502
1675981180489626992
1675981180531319648
1675981180572488502
1675981180629332929
1675981180669453502
1675981180710195846
1675981180749965585
1675981180799594023
1675981180849939544
1675981180873983294
1675981180909914179
1675981180969933606
1675981180993973502
1675981181050033814
1675981181100887200
1675981181129979700
1675981181169966991
1675981181229710793
1675981181262943346
1675981181309993918
1675981181350219127
1675981181390097043
1675981181450067720
1675981181489965898
1675981181529986575
1675981181569702929
1675981181617620793
1675981181650650689
1675981181709728085
1675981181749967772
1675981181790040064
1675981181849715324
1675981181889978970
1675981181929980481
1675981181972276991
1675981182012824595
1675981182069811731
1675981182109748501
1675981182150034595
1675981182190534960
1675981182229531001
1675981182260961626
1675981182314705168
1675981182349937512
1675981182409604751
1675981182434693241
1675981182489729283
1675981182529528970
1675981182570068553
1675981182610336366
1675981182655938866
1675981182690308970
1675981182749967407
1675981182790229855
1675981182830233605
1675981182889680741
1675981182929468137
1675981182957381053
1675981183009526470
1675981183050741418
1675981183091452928
1675981183149767355
1675981183190198761
1675981183229617459
1675981183277736001
1675981183329697511
1675981183369700741
1675981183412231313
1675981183453468032
1675981183493174803
1675981183549593449
1675981183589359386
1675981183629451470
1675981183657080740
1675981183689691418
1675981183769180428
1675981183789703188
1675981183849486522
1675981183869515688
1675981183914720428
1675981183969668032
1675981184009723553
1675981184049878240
1675981184089739959
1675981184130039959
1675981184189712459
1675981184229864022
1675981184269819126
1675981184329672042
1675981184350314959
1675981184397168136
1675981184452162146
1675981184489686001
1675981184529980740
1675981184589947094
1675981184629775219
1675981184669953084
1675981184716915896
1675981184759280792
1675981184809701053
1675981184849870844
1675981184893386886
1675981184933434698
1675981184969900740
1675981185029638240
1675981185061182927
1675981185094384750
1675981185149658240
1675981185169993604
1675981185229859282
1675981185274660011
1675981185310043500
1675981185355147198
1675981185409456625
1675981185436320479
1675981185489785167
1675981185530400792
1675981185570403604
1675981185630029125
1675981185669673188
1675981185710116625
1675981185757290531
1675981185791047771
1675981185829853500
1675981185891510740
1675981185929426885
1675981185970107927
1675981186029603344
1675981186069893708
1675981186109228969
1675981186149982979
1675981186199620010
1675981186249939385
1675981186289694177
1675981186330177406
1675981186373032614
1675981186409864073
1675981186449643500
1675981186509877354
1675981186539310010
1675981186569726573
1675981186609776885
1675981186650200114
1675981186709609177
1675981186749940271
1675981186790430010
1675981186835904177
1675981186876650739
1675981186930462041
1675981186970364177
1675981187010663239
1675981187069890375
1675981187109683864
1675981187131063343
1675981187197936156
1675981187230944489
1675981187269629489
1675981187329657197
1675981187370081104
1675981187411720531
1675981187449351885
1675981187508973447
1675981187539468968
1675981187589824958
1675981187630510479
1675981187680154437
1675981187729597874
1675981187769353343
1675981187809554645
1675981187840606051
1675981187889613291
1675981187949424749
1675981187974385114
1675981188009841780
1675981188050108291
1675981188089508239
1675981188149653135
1675981188189465635
1675981188229657249
1675981188269728082
1675981188317337978
1675981188370064489
1675981188409728707
1675981188449779749
1675981188509619072
1675981188537526207
1675981188571048655
1675981188629753343
1675981188671378499
1675981188709355374
1675981188769789384
1675981188810057978
1675981188851720218
1675981188889333291
1675981188932859176
1675981188989818707
1675981189029853655
1675981189070014645
1675981189109594124
1675981189149726624
1675981189189513915
1675981189249577353
1675981189280909853
1675981189315096624
1675981189354771467
1675981189429345061
1675981189449465426
1675981189489374436
1675981189529615999
1675981189570111051
1675981189623069749
1675981189669770426
1675981189709543967
1675981189749654176
1675981189810422613
1675981189850476624
1675981189889773655
1675981189930926311
1675981189977856676
1675981190011289488
1675981190069268603
1675981190109568863
1675981190149827561
1675981190209127717
1675981190249996311
1675981190289758967
1675981190332016103
1675981190373270373
1675981190410136259
1675981190460635530
1675981190510228498
1675981190549581623
1675981190589785738
1675981190629525217
1675981190689847404
1675981190709755009
1675981190769330269
1675981190795321884
1675981190835918602
1675981190889600009
1675981190929877144
1675981190970034019
1675981191009707665
1675981191049997821
1675981191117390738
1675981191156938342
1675981191209513498
1675981191249097665
1675981191290716467
1675981191318290998
1675981191371646831
1675981191409898654
1675981191453558810
1675981191489335425
1675981191549380790
1675981191589849123
1675981191638922508
1675981191690013967
1675981191729341727
1675981191769373498
1675981191813180581
1675981191849794227
1675981191889566727
1675981191929835894
1675981191989937560
1675981192014615060
1675981192069585373
1675981192129130737
1675981192169835946
1675981192189749800
1675981192229617300
1675981192275690893
1675981192315920008
1675981192369562300
1675981192409626623
1675981192450125581
1675981192490515164
1675981192549853237
1675981192596902508
1675981192636934122
1675981192689787664
1675981192711227039
1675981192758367977
1675981192811822404
1675981192849244904
1675981192889710372
1675981192949547768
1675981192989496362
1675981193029563810
1675981193069098914
1675981193119936258
1675981193169493497
1675981193209298862
1675981193253992820
1675981193293819018
1675981193329418445
1675981193369548393
1675981193429791883
1675981193459579018
1675981193489574018
1675981193529868497
1675981193610053028
1675981193629847143
1675981193669421570
1675981193709396882
1675981193756604591
1675981193797232091
1675981193850307664
1675981193909147559
1675981193948970424
1675981193990011830
1675981194029753966
1675981194077344486
1675981194118338809
1675981194158038653
1675981194193628236
1675981194238885997
1675981194290184903
1675981194331979538
1675981194369775580
1675981194430427247
1675981194469274486
1675981194509090684
1675981194549551830
1675981194609162976
1675981194649391257
1675981194681541882
1675981194729571934
1675981194771736622
1675981194795202142
1675981194871196153
1675981194910134642
1675981194930109174
1675981194970543497
1675981195009479694
1675981195069835111
1675981195109565997
1675981195149889330
1675981195190211726
1675981195236798184
1675981195290095632
1675981195330178757
1675981195391387923
1675981195429839330
1675981195469735944
1675981195491384330
1675981195558301205
1675981195591458965
1675981195629722507
1675981195669334069
1675981195729495892
1675981195769777923
1675981195812508705
1675981195869765163
1675981195909720111
1675981195949684225
1675981195989548027
1675981196040837246
1675981196089764017
1675981196109689017
1675981196169450059
1675981196209590892
1675981196235244121
1675981196308950475
1675981196349086569
1675981196369641100
1675981196409608027
1675981196449579225
1675981196489606100
1675981196549564225
1675981196596919433
1675981196649484954
1675981196689011361
1675981196731136725
1675981196770720683
1675981196809704433
1675981196869680631
1675981196897962194
1675981196932239277
1675981196989550110
1675981197032645110
1675981197069741881
1675981197129645996
1675981197169457350
1675981197209707298
1675981197253117194
1675981197293823652
1675981197349695319
1675981197389627871
1675981197409793704
1675981197469999641
1675981197514537246
1675981197549645423
1675981197609529277
1675981197649752193
1675981197675392714
1675981197715199537
1675981197789715839
1675981197809549798
1675981197849512610
1675981197889744693
1675981197930003756
1675981197970559798
1675981198037203964
1675981198088972506
1675981198129383339
1675981198170894641
1675981198211535266
1675981198249588652
1675981198291591777
1675981198338469589
1675981198372775891
1675981198429425266
1675981198469439954
1675981198518778704
1675981198549431516
1675981198609735891
1675981198649496256
1675981198693339745
1675981198715143026
1675981198769712922
1675981198809743547
1675981198854343078
1675981198909686880
1675981198949800578
1675981198981666516
1675981199049515735
1675981199089256099
1675981199109667453
1675981199155951880
1675981199196017714
1675981199249739641
1675981199289897297
1675981199349680839
1675981199389626203
1675981199429550839
1675981199469626412
1675981199518041464
1675981199549991151
1675981199609181776
1675981199649870943
1675981199678474484
1675981199732316203
1675981199769640734
1675981199813819068
1675981199869416411
1675981199909451724
1675981199949087974
1675981199989449224
1675981200049422036
1675981200089282609
1675981200129550109
1675981200154701724
1675981200209974953
1675981200249880161
1675981200288949745
1675981200349206463
1675981200389688755
1675981200409646307
1675981200489172297
1675981200529106151
1675981200549087297
1675981200589513234
1675981200636981307
1675981200676853755
1675981200729688546
1675981200770348494
1675981200829340474
1675981200869528390
1675981200909933286
1675981200950130005
1675981200998268026
1675981201049161932
1675981201072080317
1675981201118534119
1675981201171787348
1675981201209406775
1675981201249378182
1675981201309135369
1675981201349335734
1675981201389375005
1675981201429417192
1675981201460702296
1675981201513828911
1675981201568945473
1675981201589645734
1675981201649721775
1675981201689434536
1675981201729031046
1675981201789434744
1675981201829435942
1675981201849429431
1675981201889515681
1675981201969343338
1675981201989276983
1675981202029472400
1675981202089405108
1675981202129358494
1675981202169839275
1675981202210802348
1675981202269118233
1675981202309617973
1675981202349427869
1675981202389578598
1675981202438072035
1675981202478585629
1675981202512748754
1675981202549378806
1675981202612870681
1675981202649798285
1675981202689327400
1675981202749563389
1675981202789505160
1675981202829626358
1675981202869628389
1675981202890236306
1675981202954598441
1675981202994490525
1675981203041663858
1675981203089253025
1675981203129657191
1675981203155328181
1675981203229093389
1675981203269620733
1675981203291590941
1675981203329808858
1675981203370093910
1675981203429630160
1675981203468937816
1675981203529075056
1675981203569609587
1675981203610236722
1675981203651707712
1675981203691274014
1675981203749287556
1675981203789338077
1675981203829306202
1675981203852542452
1675981203919514587
1675981203952837087
1675981203989273389
1675981204049535524
1675981204089321722
1675981204129765941
1675981204173243649
1675981204209621931
1675981204261088753
1675981204309835889
1675981204329787347
1675981204389477920
1675981204429685368
1675981204469616878
1675981204529472503
1675981204569085107
1675981204595997295
1675981204669016930
1675981204709489378
1675981204730155889
1675981204769972660
1675981204829563909
1675981204869573441
1675981204916267607
1675981204957838128
1675981204991188805
1675981205049296826
1675981205091771514
1675981205131785576
1675981205169114378
1675981205228880472
1675981205259108232
1675981205294615472
1675981205329481045
1675981205392992972
1675981205429335940
1675981205488842295
1675981205529266357
1675981205569235472
1675981205613789482
1675981205634576618
1675981205689867555
1675981205749588336
1675981205769547190
1675981205829408232
1675981205869410315
1675981205909461878
1675981205969377190
1675981206009119586
1675981206036429847
1675981206075860419
1675981206149355263
1675981206169334430
1675981206210433232
1675981206269568492
1675981206309409117
1675981206349197190
1675981206397673909
1675981206449325211
1675981206489073336
1675981206529589013
1675981206572170471
1675981206609532138
1675981206652771930
1675981206698724325
1675981206732968544
1675981206789264898
1675981206829108857
1675981206869264482
1675981206929200263
1675981206949441044
1675981207009271409
1675981207049294013
1675981207074695054
1675981207129444846
1675981207169587867
1675981207209648231
1675981207269501669
1675981207309576304
1675981207329322867
1675981207409248700
1675981207449740836
1675981207468887606
1675981207516663804
1675981207569515836
1675981207609021617
1675981207650357346
1675981207709070731
1675981207749730679
1675981207789050940
1675981207829886304
1675981207878856408
1675981207929333440
1675981207969523127
1675981208009599169
1675981208039609221
1675981208092795679
1675981208129398075
1675981208173388856
1675981208229544637
1675981208269457346
1675981208309644637
1675981208359982554
1675981208389623283
1675981208434126356
1675981208489277137
1675981208527375314
1675981208569798856
1675981208609433804
1675981208649630002
1675981208709616773
1675981208749359950
1675981208769440991
1675981208848883023
1675981208889085731
1675981208909638804
1675981208949291043
1675981209009705210
1675981209049249950
1675981209089957397
1675981209131645314
1675981209178301408
1675981209229281356
1675981209269147606
1675981209309799012
1675981209358310314
1675981209409082501
1675981209432984012
1675981209469713179
1675981209533413387
1675981209569415001
1675981209609192501
1675981209669660991
1675981209689538856
1675981209748958803
1675981209789490835
1675981209821605470
1675981209869533074
1675981209909616147
1675981209949531355
1675981210009456564
1675981210049242605
1675981210089168803
1675981210149173074
1675981210189251095
1675981210209512397
1675981210249695157
1675981210309927866
1675981210349117553
1675981210409016824
1675981210448966928
1675981210489146772
1675981210530367084
1675981210571819689
1675981210628952345
1675981210668908230
1675981210709480938
1675981210749368126
1675981210789179272
1675981210839531355
1675981210872723647
1675981210909039793
1675981210973341251
1675981211009204584
1675981211048982709
1675981211109024011
1675981211129277345
1675981211189223386
1675981211229467188
1675981211249533959
1675981211309790001
1675981211349802240
1675981211389203282
1675981211449242761
1675981211489083699
1675981211516026459
1675981211568967032
1675981211609474115
1675981211649778855
1675981211708880001
1675981211749264688
1675981211789275678
1675981211837147501
1675981211888927501
1675981211929068803
1675981211970652605
1675981212011462813
1675981212052375990
1675981212109709219
1675981212149328438
1675981212188768855
1675981212213749688
1675981212269211407
1675981212314109896
1675981212349615834
1675981212409614375
1675981212434166771
1675981212489519844
1675981212529484636
1675981212569584427
1675981212609359688
1675981212655622136
1675981212689434375
1675981212749311198
1675981212789651823
1675981212829239167
1675981212889586302
1675981212929372448
1675981212956800886
1675981213008638594
1675981213049447917
1675981213090062188
1675981213149401198
1675981213189158802
1675981213228954375
1675981213277294688
1675981213318584844
1675981213369627083
1675981213409227865
1675981213452803802
1675981213492471094
1675981213529715208
1675981213589418698
1675981213623145469
1675981213653586094
1675981213709223437
1675981213749157187
1675981213789159479
1675981213849179166
1675981213869008906
1675981213929200885
1675981213968871510
1675981213995081562
1675981214049242552
1675981214089515052
1675981214129824479
1675981214189406875
1675981214228996770
1675981214269448802
1675981214316856510
1675981214349612760
1675981214389072552
1675981214450565156
1675981214489739583
1675981214529290416
1675981214589934791
1675981214629610260
1675981214669895989
1675981214709272656
1675981214758590729
1675981214792319427
1675981214829916770
1675981214889502291
1675981214929739062
1675981214969800520
1675981215013194479
1675981215053104270
1675981215093323124
1675981215136143437
1675981215169189270
1675981215240013801
1675981215269991822
1675981215309652968
1675981215349250364
1675981215401818801
1675981215435913593
1675981215490035624
1675981215529799478
1675981215569089426
1675981215629328280
1675981215668941718
1675981215689835624
1675981215756405989
1675981215796617499
1675981215830259999
1675981215869659843
1675981215917158593
1675981215968732811
1675981216009055207
1675981216069472707
1675981216109177551
1675981216149735832
1675981216189416613
1675981216238377291
1675981216269723332
1675981216330929738
1675981216369859426
1675981216400112447
1675981216453326093
1675981216492981665
1675981216528898332
1675981216575078280
1675981216610667238
1675981216649902499
1675981216720136561
1675981216748979426
1675981216789458436
1675981216830007342
1675981216876108228
1675981216929577863
1675981216969004217
1675981217009076509
1675981217069609374
1675981217097510467
1675981217131402603
1675981217189214999
1675981217236505207
1675981217270191405
1675981217308990519
1675981217371765728
1675981217409538176
1675981217448982603
1675981217491438332
1675981217548998905
1675981217589121769
1675981217629552550
1675981217669439165
1675981217709526040
1675981217768953696
1675981217793143280
1675981217836073905
1675981217888478227
1675981217913679634
1675981217973580415
1675981218008950102
1675981218050062550
1675981218089251821
1675981218149099373
1675981218185006509
1675981218229185363
1675981218269191352
1675981218309444738
1675981218369781404
1675981218408901561
1675981218448892238
1675981218489670988
1675981218537513435
1675981218570615363
1675981218629301560
1675981218669210727
1675981218717449581
1675981218749065206
1675981218809703696
1675981218849191092
1675981218891785779
1675981218933197342
1675981218969328123
1675981219019216456
1675981219069007289
1675981219108776717
1675981219149386352
1675981219189003904
1675981219249092185
1675981219269080466
1675981219329056821
1675981219354017394
1675981219394279789
1675981219448976091
1675981219488620779
1675981219528928331
1675981219569380779
1675981219609406196
1675981219669112289
1675981219709445102
1675981219749432706
1675981219808669633
1675981219849292914
1675981219876679633
1675981219930010831
1675981219969231300
1675981220011209581
1675981220069343591
1675981220109271768
1675981220148631872
1675981220189246612
1675981220248617497
1675981220289147810
1675981220329285154
1675981220373247497
1675981220413190206
1675981220469259945
1675981220509002289
1675981220549297237
1675981220573391872
1675981220629365570
1675981220688815622
1675981220709077862
1675981220769692185
1675981220789388122
1675981220835084841
1675981220889053435
1675981220929364216
1675981220969334216
1675981221009161455
1675981221049632393
1675981221109190882
1675981221149575778
1675981221189306976
1675981221249516091
1675981221270366664
1675981221317268903
1675981221370887132
1675981221410271403
1675981221449330309
1675981221497991247
1675981221549026403
1675981221589289424
1675981221638405726
1675981221679178486
1675981221729500778
1675981221769314320
1675981221812875049
1675981221853383538
1675981221890529528
1675981221929094268
1675981221988880361
1675981222013862028
1675981222069043017
1675981222089383851
1675981222169592965
1675981222189254945
1675981222229076767
1675981222269038747
1675981222315354319
1675981222355959580
1675981222409245934
1675981222449859736
1675981222489788278
1675981222549454007
1675981222589137601
1675981222636343017
1675981222676941090
1675981222710643642
1675981222748759215
1675981222811011767
1675981222849102601
1675981222890894423
1675981222929167548
1675981222989001350
1675981223028794423
1675981223068817392
1675981223119163694
1675981223169052965
1675981223209040257
1675981223249064944
1675981223293198069
1675981223330701819
1675981223353938277
1675981223429256559
1675981223454639007
1675981223509220517
1675981223529084996
1675981223569743850
1675981223629185569
1675981223669421194
1675981223709060361
1675981223755669215
1675981223796342965
1675981223849571142
1675981223889468225
1675981223930208173
1675981223989380256
1675981224029000204
1675981224050371038
1675981224117199475
1675981224150860048
1675981224189208121
1675981224248967235
1675981224288945569
1675981224329228069
1675981224371087027
1675981224429034527
1675981224469217600
1675981224509003954
1675981224549043694
1675981224593206819
1675981224633416610
1675981224680034110
1675981224728683381
1675981224760600569
1675981224809238902
1675981224868755569
1675981224908931662
1675981224928847235
1675981224969043277
1675981225009391506
1675981225049536610
1675981225109499423
1675981225149525777
1675981225189323589
1675981225236858016
1675981225290073537
1675981225330058641
1675981225369007079
1675981225429182808
1675981225457184422
1675981225490569058
1675981225548986870
1675981225597548954
1675981225629256870
1675981225671487079
1675981225728529266
1675981225768834891
1675981225808847756
1675981225853080047
1675981225908672651
1675981225949236974
1675981225989181714
1675981226029792703
1675981226073181037
1675981226109270464
1675981226168911506
1675981226189385933
1675981226249312130
1675981226274173849
1675981226349018068
1675981226369757912
1675981226409308485
1675981226449280985
1675981226489535203
1675981226529339735
1675981226589103224
1675981226629377755
1675981226669591245
1675981226730409891
1675981226770037234
1675981226809153120
1675981226850563120
1675981226897858953
1675981226931538172
1675981226989104630
1675981227028903120
1675981227068942495
1675981227109182963
1675981227168923224
1675981227209432338
1675981227252148224
1675981227293178380
1675981227349156140
1675981227388843588
1675981227413682963
1675981227469189161
1675981227508947911
1675981227548826974
1675981227609185255
1675981227649421036
1675981227669151765
1675981227715242599
1675981227755260828
1675981227808830307
1675981227848826609
1675981227888840932
1675981227929791713
1675981227969491453
1675981228036289682
1675981228076593432
1675981228128776036
1675981228169026973
1675981228209811296
1675981228237593901
1675981228290650880
1675981228328840463
1675981228371313275
1675981228428854838
1675981228468897442
1675981228508919421
1675981228558100463
1675981228608774682
1675981228648711400
1675981228688714421
1675981228733278223
1675981228773141557
1675981228828855671
1675981228849141400
1675981228909007182
1675981228934366713
1675981228988523640
1675981229048665984
1675981229089207494
1675981229109111400
1675981229149588119
1675981229195663431
1675981229235074056
1675981229289234108
1675981229329271192
1675981229369464942
1675981229410281452
1675981229469565931
1675981229517037025
1675981229549358431
1675981229609007494
1675981229631341192
1675981229678223952
1675981229732039629
1675981229768778587
1675981229809022390
1675981229869111400
1675981229909172389
1675981229948919004
1675981229989199473
1675981230039796817
1675981230089201192
1675981230129129264
1675981230153854473
1675981230209467025
1675981230249165202
1675981230289143796
1675981230348450618
1675981230389211504
1675981230409132337
1675981230449369785
1675981230529126764
1675981230549147389
1675981230589206764
1675981230629443223
1675981230676337910
1675981230716864108
1675981230770203900
1675981230828920879
1675981230869125775
1675981230909357597
1675981230949083535
1675981230988872233
1675981231018181087
1675981231071398222
1675981231109129472
1675981231171871712
1675981231208962285
1675981231249126712
1675981231308886347
1675981231348999160
1675981231389477806
1675981231429395618
1675981231469115358
1675981231528825253
1675981231568871764
1675981231600355358
1675981231649207910
1675981231692530045
1675981231714054055
1675981231788574993
1675981231828671816
1675981231848630670
1675981231888960201
1675981231928899107
1675981231988699732
1675981232028505722
1675981232089030878
1675981232128648847
1675981232169179472
1675981232210791295
1675981232250605618
1675981232308640774
1675981232348972805
1675981232388799732
1675981232411644576
1675981232478697493
1675981232511995461
1675981232557853013
1675981232588981191
1675981232648412388
1675981232689104316
1675981232732272649
1675981232789093013
1675981232828688586
1675981232868939420
1675981232889369784
1675981232949424472
1675981232994130305
1675981233028871034
1675981233088722284
1675981233128648586
1675981233154670774
1675981233228622128
1675981233268865617
1675981233288888586
1675981233328852284
1675981233369052180
1675981233408951086
1675981233468712753
1675981233516369732
1675981233568439628
1675981233608626607
1675981233650579055
1675981233690765357
1675981233728840826
1675981233789311086
1675981233817848117
1675981233851089315
1675981233908785565
1675981233951728221
1675981233989074836
1675981234048596242
1675981234089021607
1675981234128876034
1675981234172469159
1675981234213353742
1675981234268552492
1675981234309069107
1675981234329107232
1675981234389477752
1675981234433594679
1675981234469060825
1675981234529049211
1675981234568795773
1675981234595498481
1675981234635094888
1675981234709090721
1675981234729752388
1675981234769187283
1675981234829463898
1675981234869570669
1675981234910149158
1675981234957767231
1675981235009062648
1675981235049039627
1675981235089261085
1675981235130838638
1675981235169028481
1675981235213574262
1675981235258874940
1675981235294510877
1675981235329353273
1675981235388461294
1675981235429267544
1675981235488808794
1675981235529203012
1675981235569167231
1675981235613235877
1675981235633509783
1675981235689209835
1675981235729808481
1675981235769140096
1675981235829179887
1675981235869601554
1675981235902109054
1675981235969176658
1675981236009950304
1675981236029319731
1675981236077065408
1675981236117378585
1675981236169318637
1675981236209565095
1675981236268890772
1675981236308814783
1675981236349721502
1675981236389476710
1675981236438369991
1675981236489703533
1675981236529334731
1675981236571273845
1675981236599048845
1675981236652149731
1675981236688434314
1675981236732560981
1675981236788485460
1675981236830194679
1675981236869294835
1675981236918976501
1675981236969254210
1675981237009318116
1675981237049748064
1675981237075227283
1675981237129616918
1675981237169833012
1675981237209163324
1675981237269351137
1675981237309045668
1675981237329362855
1675981237408539366
1675981237449046553
1675981237468781085
1675981237509199887
1675981237569165824
1675981237609380251
1675981237649882074
1675981237691372595
1675981237749687126
1675981237788909678
1675981237830245772
1675981237869805459
1675981237917384157
1675981237968839678
1675981237992267647
1675981238039346397
1675981238092271032
1675981238129447699
1675981238168657855
1675981238229187334
1675981238269394782
1675981238309061918
1675981238349597751
1675981238381550303
1675981238433895824
1675981238469164365
1675981238509531084
1675981238569909782
1675981238609276292
1675981238648633011
1675981238708390615
1675981238749872022
1675981238768911136
1675981238809716397
1675981238889125876
1675981238908623792
1675981238948731240
1675981239008475146
1675981239049566605
1675981239090340303
1675981239133911553
1675981239191769886
1675981239231385094
1675981239271889053
1675981239312085771
1675981239352196240
1675981239402898688
1675981239435656553
1675981239471829053
1675981239535252334
1675981239572419052
1675981239612346500
1675981239672418792
1675981239691883740
1675981239751610927
1675981239793000771
1675981239812936552
1675981239871948375
1675981239913903115
1675981239952393636
1675981240012939209
1675981240052357021
1675981240079353427
1675981240153684990
1675981240192311917
1675981240212204729
1675981240252402906
1675981240311796396
1675981240352026188
1675981240399085354
1675981240452380875
1675981240491695563
1675981240533115771
1675981240573947906
1675981240613822698
1675981240672037802
1675981240711523583
1675981240752381552
1675981240775390562
1675981240841133062
1675981240876015927
1675981240911626760
1675981240972484104
1675981241011835198
1675981241052506083
1675981241097155614
1675981241132179677
1675981241184687125
1675981241232166552
1675981241252402958
1675981241312513062
1675981241352545614
1675981241392671552
1675981241452811916
1675981241492479989
1675981241519861291
1675981241591547437
1675981241632314833
1675981241652612281
1675981241692772177
1675981241752201500
1675981241792148531
1675981241840044729
1675981241880406135
1675981241932513999
1675981241972067020
1675981242014078635
1675981242055281656
1675981242092163791
1675981242152355145
1675981242182422489
1675981242215902697
1675981242271533999
1675981242316378114
1675981242351759728
1675981242412371916
1675981242432608739
1675981242496832176
1675981242532554416
1675981242557875666
1675981242612539155
1675981242658605770
1675981242692712385
1675981242753811291
1675981242792410666
1675981242832280145
1675981242892483791
1675981242932127905
1675981242959037853
1675981242999493739
1675981243052781655
1675981243092555457
1675981243152523114
1675981243192142228
1675981243232085353
1675981243271436186
1675981243320573947
1675981243371712593
1675981243412003843
1675981243452225666
1675981243494521082
1675981243531645093
1675981243574944572
1675981243611421655
1675981243655897645
1675981243711948843
1675981243752097801
1675981243802574259
1675981243831414572
1675981243872172072
1675981243931793895
1675981243971447124
1675981243997443061
1675981244052215978
1675981244092009832
1675981244132078999
1675981244192185405
1675981244231518113
1675981244251721238
1675981244331659988
1675981244371724467
1675981244391964155
1675981244439658217
1675981244491441030
1675981244531711707
1675981244572804623
1675981244631408634
1675981244672057644
1675981244711235353
1675981244752017957
1675981244801028894
1675981244851554780
1675981244891244780
1675981244931898686
1675981244961796550
1675981245015632071
1675981245051599832
1675981245095914050
1675981245151681602
1675981245171588686
1675981245231684050
1675981245276303842
1675981245311524467
1675981245352227175
1675981245392105665
1675981245438187331
1675981245492217488
1675981245532216498
1675981245572016290
1675981245631931498
1675981245671527956
1675981245692350352
1675981245751145404
1675981245792608633
1675981245831932019
1675981245891889050
1675981245931896238
1675981245972020508
1675981246013078113
1675981246053885144
1675981246111709727
1675981246151709727
1675981246191786237
1675981246232234727
1675981246281033529
1675981246331891498
1675981246355876081
1675981246391949623
1675981246455606029
1675981246491900352
1675981246531911133
1675981246591592435
1675981246612240873
1675981246671742331
1675981246711655925
1675981246744535873
1675981246792203581
1675981246832235925
1675981246872124571
1675981246931679883
1675981246971897643
1675981247011494310
1675981247071432435
1675981247111672539
1675981247132448112
1675981247172620508
1675981247232835091
1675981247279182279
1675981247312167122
1675981247371643893
1675981247413162331
1675981247451623893
1675981247494455560
1675981247551624674
1675981247591628893
1675981247632558320
1675981247671573164
1675981247711249414
1675981247762338060
1675981247796043945
1675981247831859622
1675981247891372591
1675981247916227851
1675981247971865143
1675981248011498268
1675981248051774830
1675981248092008737
1675981248137531914
1675981248172189101
1675981248231897747
1675981248272249674
1675981248312410247
1675981248371679778
1675981248411922330
1675981248438998893
1675981248491966393
1675981248531371289
1675981248573112851
1675981248631493997
1675981248671519518
1675981248711802122
1675981248759658789
1675981248811615195
1675981248851618476
1675981248893570091
1675981248934470507
1675981248974614153
1675981249031679466
1675981249071359934
1675981249111537695
1675981249135210924
