1675988297316076599,-0.23626146,-0.10693758,-0.03762163
1675988297512288630,0.3346527,-0.20543955,0.12263872
1675988297708991807,0.2788196,-0.048722193,-0.020792302
1675988297903177172,-0.011768691,0.7131178,-0.19995894
1675988298100465766,0.276254,0.55914927,-0.54259294
1675988298294196859,0.19164924,0.10692613,-0.073968075
1675988298489692692,2.1856647,-1.0653843,0.06051378
1675988298685610297,5.9261723,-0.02355456,-0.5495873
1675988298881931442,0.18621294,0.12998629,0.36414415
1675988299077336078,1.2616093,0.48663965,0.22340083
1675988299272716286,-0.5636544,1.0138465,0.3669541
1675988299468449202,-0.3368404,0.7494335,0.82232326
1675988299671902588,-0.4426421,9.411182E-4,-0.101273745
1675988299861284515,0.96582854,0.16523318,0.120775595
1675988300057125296,-1.1072017,0.38092947,0.27776784
1675988300250680713,1.2202843,1.0323862,-0.07937423
1675988300447357015,-0.051138923,0.46620622,-0.7467134
1675988300642177015,0.0234782,0.22234906,-0.10695478
1675988300838235504,0.13447233,-0.29224342,-0.3866697
1675988301033703421,-0.9619994,0.11944887,-0.040065076
1675988301229245243,0.79661906,-0.3291702,0.14252238
1675988301424871337,0.038566537,0.50676763,-0.089392416
1675988301620876754,1.0472875,2.2576582,0.5560472
1675988301816226597,-0.22016518,3.1623797,0.31466407
1675988302011877327,0.33480543,1.2363845,-2.0216796
1675988302205944826,-1.2123928,1.4109697,0.53744644
1675988302401759618,0.47392985,-0.375657,0.5956312
1675988302596905920,0.62090385,0.56238693,-0.93003386
1675988302793482847,0.46357566,0.94707894,-0.19775985
1675988302988749930,0.33104864,0.24708909,0.22798236
1675988303184377639,0.41156057,-0.018576015,0.24862958
1675988303379782326,0.61317647,0.31309298,-0.044768754
1675988303576281076,0.64039046,0.011936681,-0.10570251
1675988303771359774,0.670506,-0.021660877,-0.09895244
1675988303966318367,0.71485484,1.5821034,-0.8249956
1675988304161893732,0.5705687,3.0790577,-1.8351219
1675988304358224409,0.19983482,1.2747468,-1.260909
1675988304554540555,0.26724374,1.1249017,-0.2740568
1675988304749983732,0.10573112,2.023117,-0.4475424
1675988304945181180,0.19833823,0.9202619,-0.75337183
1675988305142081023,0.431994,0.50780606,-0.61812633
1675988305336187065,0.4712114,1.0660143,-0.91378486
1675988305532670086,0.2798887,1.5986578,-0.45719406
1675988305727584825,0.39595297,0.7468069,-0.36275434
1675988305922909981,0.6309526,-0.583015,0.0077961637
1675988306119673106,0.7049589,-0.6704908,0.1290528
1675988306314863471,0.5701105,-0.0032433104,-0.121187925
1675988306509772169,0.45319098,0.17589277,-0.107748896
1675988306705370502,0.43168852,-0.035191536,-0.1052138
1675988306903548523,0.4103083,-0.24218304,0.09731838
1675988307096612116,0.30380404,-8.609388E-4,0.110482514
1675988307291870762,0.1548141,0.27347842,-0.029772017
1675988307489363470,0.09497991,0.3217062,-0.1076878
1675988307684224720,0.18221143,-0.27898762,-0.087865256
1675988307878832793,0.18639581,-0.20269062,0.19646172
1675988308074504512,0.11263391,-0.114665024,0.3061731
1675988308270705553,0.0035029277,-0.04606493,0.32199442
1675988308466103834,-0.088920906,0.11947942,0.2347324
1675988308662562324,-0.07236646,0.26065025,0.088552475
1675988308857684043,0.041468166,0.13462888,0.13791034
1675988309053292376,0.10512029,0.0013076309,0.09850957
1675988309248473782,0.07204195,0.45343915,0.023525931
1675988309444746803,0.14534572,0.46696982,0.1803349
1675988309639600240,0.16965812,0.36318392,0.16173406
1675988309835945188,0.12567586,0.24153012,0.06802743
1675988310031585240,0.05050897,-0.03033516,-0.067523465
1675988310228524146,-0.009416862,0.022718439,-0.14269036
1675988310421981750,-0.019709934,0.11712758,-0.079313144
1675988310618089354,0.0047857426,0.015815666,0.037087124
1675988310813944979,0.04461412,-0.13134165,0.11799617
1675988311009410500,0.053380035,-0.089925006,0.09383645
1675988311203969511,0.03144999,0.020458242,-0.0033215769
1675988311399954823,0.0119939465,0.052620277,-0.047426008
1675988311596404250,-0.0047437474,0.12473285,-0.03249037
1675988311790752687,-0.025329888,0.06969394,-0.012026398
1675988311986922687,-0.025329888,-0.03662707,0.03018435
1675988312182947739,-0.025054999,-0.020103177,0.052022763
1675988312377798937,-0.017052671,-0.08580167,0.077556916
1675988312572355135,-0.017663535,-0.051929235,0.0787481
1675988312770060291,-0.037180662,0.05457504,0.029359687
1675988312965395812,-0.042464644,0.037470825,0.033696823
1675988313161732635,-0.053368576,0.018961621,0.017386738
1675988313356393676,-0.053551838,0.052772984,0.026977312
1675988313552855760,-0.047992967,-0.040475518,0.043470666
1675988313746361905,-0.039196514,-0.0757835,0.058742285
1675988313942940030,-0.036386542,-0.007885881,0.059597492
1675988314139270395,-0.038616195,-0.02257718,0.050403982
1675988314333956124,-0.043778002,-0.0139029,0.03574322
1675988314529881853,-0.050497517,0.050726585,0.025083635
1675988314728621540,-0.05397944,0.011020375,0.026122104
1675988314921239145,-0.051841415,-0.026517255,0.035101812
1675988315116695759,-0.045427337,-0.0073055616,0.043256864
1675988315312949926,-0.037791528,-0.039223243,0.04939604
1675988315508561019,-0.032293744,-0.04352984,0.04551705
1675988315703048311,-0.029789198,0.0031096805,0.035162903
1675988315899755498,-0.029269964,-0.0040374324,0.025419615
1675988316094148727,-0.028903447,-8.3039515E-4,0.015767947
1675988316289267009,-0.028017692,0.02253518,0.009598215
1675988316485549717,-0.023527836,-0.011306725,0.012194387
1675988316681052998,-0.016961042,-0.016254729,0.015431968
1675988316876367269,-0.01100511,0.001490891,0.018944439
1675988317072889612,-0.007614812,-0.022485549,0.01909716
1675988317267581383,-0.0052018967,-0.018576015,0.018852808
1675988317464130758,-0.005751674,-0.003396025,0.016134467
1675988317660227737,-0.008378392,-0.0026324447,0.01033125
1675988317854837268,-0.009875011,-0.007366647,0.010483964
1675988318051378310,-0.0070344913,-0.017415373,0.022915058
1675988318246525341,-0.01619746,0.03432487,0.003489566
1675988318441648154,-0.022397738,0.05717121,-0.0064369864
1675988318637518362,-0.015800398,-0.050188266,0.012286018
1675988318833602372,-0.0054156985,-0.025845306,0.031925317
1675988319029448622,-0.0033693016,0.023879087,0.03384954
1675988319224609455,-4.06608E-4,-0.09169652,0.04023308
1675988319419567684,-0.0038579945,-0.041941583,0.033666275
1675988319614911799,-0.01638072,0.0861262,-0.013064869
1675988319810873101,-0.007492638,0.02943795,0.008407027
1675988320006927788,-0.015372793,-0.0015634336,-0.008697186
1675988320202308205,-0.006729056,0.045381524,0.014240784
1675988320398080809,-2.2334792E-4,-0.05360911,0.030825764
1675988320592896955,0.0011205543,-0.06631509,0.028290667
1675988320789096903,8.151233E-4,0.010226257,0.02233474
1675988320985255809,-0.003522017,-0.016804509,0.007368558
1675988321180853205,-0.0076148105,0.026200367,-0.0090942485
1675988321376303413,-0.009752837,0.062180296,-0.015172352
1675988321570819090,-0.0062098233,-0.015827123,-0.005826121
1675988321766559611,-0.0025140913,-0.0027240757,2.5198422E-4
1675988321961834454,0.003380753,0.0018268693,0.009659297
1675988322158610808,0.008023327,-0.06698704,0.014362956
1675988322353679090,0.00964212,-0.012558997,0.007857247
1675988322550644610,0.008176042,0.032247923,-0.0057650357
1675988322744856329,0.007229205,-0.016682334,-0.016882773
1675988322940788777,0.007076487,0.026169827,-0.02687041
1675988323136402162,0.010039182,0.047091946,-0.025587592
1675988323331897006,0.01669761,-0.02721975,-0.017004946
1675988323527355287,0.0243945,-0.0145137645,-0.009735656
1675988323723100547,0.029983917,0.005553143,-0.0052152574
1675988323919557214,0.031175101,-0.034977734,-0.009338594
1675988324114687318,0.029525766,-6.776806E-4,-0.02033416
1675988324310317266,0.026074378,0.032644995,-0.03071886
1675988324506175339,0.02411961,0.0054309685,-0.036033385
1675988324701443151,0.024822107,0.020030634,-0.034567308
1675988324897390287,0.028701095,0.019053252,-0.024946187
1675988325092794245,0.033068776,-0.021324906,-0.015691586
1675988325287785963,0.035939842,-0.012253565,-0.011782053
1675988325484031484,0.034412682,-0.0034265723,-0.0147447465
1675988325678942370,0.031541616,-0.013658553,-0.023235768
1675988325875120755,0.02854838,0.013005691,-0.0294055
1675988326070444140,0.027235014,0.021679973,-0.02977202
1675988326265192578,0.025432969,0.0154491495,-0.030107994
1675988326461382369,0.026074378,0.008851809,-0.024182606
1675988326658291119,0.023447657,0.023023875,-0.02751182
1675988326852534973,0.028304031,-0.01927851,-0.014103338
1675988327049746952,0.032305196,-0.049638487,0.0028786995
1675988327248105494,0.029464675,0.006438894,-0.01278998
1675988327440539192,0.029953362,3.6078878E-4,-0.008697186
1675988327635421223,0.020882027,-0.0015939754,-0.031787872
1675988327831760233,0.014926096,0.079040155,-0.04314995
1675988328026120025,0.01654489,0.024184512,-0.03282634
1675988328221779556,0.022745168,-0.042155392,-0.015783217
1675988328417758098,0.030503148,3.3024885E-4,-3.5888236E-4
1675988328613414764,0.034107253,-0.033297855,0.003184135
1675988328808691014,0.032580093,-0.045942754,-0.00921642
1675988329004988358,0.026166009,0.046694882,-0.030749403
1675988329200072837,0.021248547,0.048069328,-0.040828664
1675988329395616431,0.021279095,0.0072024744,-0.03948477
1675988329590409920,0.026318727,0.02760536,-0.027878338
1675988329788864920,0.034473762,-0.015735496,-0.011262817
1675988329982890128,0.040887848,-0.05266226,-0.0066507887
1675988330177588514,0.04210958,0.0014603492,-0.015599957
1675988330373229816,0.040063187,0.013860902,-0.030810487
1675988330570101066,0.03731429,0.010531688,-0.044616036
1675988330764931691,0.036459073,0.045961842,-0.049533494
1675988330961042420,0.039971545,0.018503478,-0.04238637
1675988331156360492,0.04617183,-0.021111103,-0.0330096
1675988331352160440,0.051272556,-0.0031211358,-0.027969966
1675988331547891378,0.054143608,-0.0056562265,-0.031451896
1675988331743350336,0.053318962,-0.0072139315,-0.0420504
1675988331939278826,0.051822327,0.026414169,-0.05219075
1675988332134671690,0.05151689,0.022077033,-0.055153444
1675988332329588357,0.05295243,0.0037205461,-0.053595744
1675988332525261117,0.055395886,0.008363122,-0.04916697
1675988332720855231,0.058114238,-4.944224E-4,-0.045165807
1675988332917304658,0.059427604,-0.0025102738,-0.045837764
1675988333112293617,0.058938913,0.011264732,-0.04999164
1675988333307888148,0.058511302,0.008057687,-0.05164098
1675988333503062262,0.057992063,0.0061029214,-0.051763147
1675988333698730648,0.05756446,0.00894344,-0.050694138
1675988333894580283,0.05649545,0.0028042495,-0.049716752
1675988334089312835,0.055365346,0.008943442,-0.05148826
1675988334285318043,0.054479584,0.017923148,-0.05191586
1675988334481706897,0.054418497,0.009859733,-0.049319685
1675988334677376272,0.054937743,0.0048506446,-0.044157885
1675988334872009085,0.0553348,0.0015214346,-0.039820746
1675988335067167001,-0.0012159944,-0.014240784,0.01069013
1675988335263030335,-0.003018044,-0.0075823553,0.0071471073
1675988335459585491,-0.006530538,0.006009385,0.0030543208
1675988335654978720,-0.008668549,0.007597629,0.0013744384
1675988335850733564,-0.009462677,0.0070173144,0.0035735518
1675988336046171272,-0.008760177,0.0029550605,0.009407312
1675988336242563563,-0.0072941035,-0.010881027,0.015821392
1675988336437410855,-0.0071413964,-0.013507744,0.017134752
1675988336633063251,-0.0084242,-0.006849317,0.01459966
1675988336828516532,-0.0095237605,-0.003794996,0.010445781
1675988337024099136,-0.011081457,0.0060704686,0.0069638565
1675988337221205178,-0.010898203,0.008758277,0.0065973327
1675988337415446844,-0.010684401,-7.636845E-6,0.008307755
1675988337610888719,-0.008424211,-0.0056275874,0.012339462
1675988337806156584,-0.0067137927,-0.010972656,0.014202602
1675988338001904448,-0.005980745,-0.009353865,0.012156203
1675988338197434031,-0.0056142285,-0.0032452177,0.0077579767
1675988338393569604,-0.0058891177,0.0062537305,0.0017715059
1675988338588132469,-0.0050339103,0.00918588,-1.2218207E-4
1675988338784359760,-0.0025599152,-0.0018096846,9.4683096E-4
1675988338980047104,1.2790412E-4,-0.0024510901,0.004062243
1675988339175368979,0.0030905902,-0.0080405045,0.0057115797
1675988339371738614,0.00483156,-0.012163844,0.0024129115
1675988339566422729,0.0050758943,0.0048181973,-0.0036041029
1675988339762391739,0.0054424256,0.009521857,-0.008521561
1675988339958505020,0.005778387,0.0022831112,-0.010629062
1675988340153481322,0.008038595,0.0064369887,-0.009376772
1675988340349613301,0.0108180195,-0.002145661,-0.0051618107
1675988340545602416,0.013292037,-0.014607301,-0.0035735592
1675988340741189499,0.013566934,-0.0021762028,-0.0058337636
1675988340937182937,0.012620077,0.004512761,-0.009804383
1675988341131572728,0.011581615,0.0015500709,-0.013652839
1675988341327551791,0.010879122,0.009521857,-0.014599677
1675988341523095749,0.010665312,0.0057650357,-0.011362091
1675988341719077624,0.010909662,-0.0053832456,-0.0070860386
1675988341914251374,0.010940202,-0.0019624047,-0.004734207
1675988342110311738,0.009718478,-0.0020845756,-0.004306603
1675988342305373092,0.0077026337,-0.0024816375,-0.0051618107
1675988342501360905,0.006083831,0.0046960227,-0.005497787
1675988342696827363,0.004709393,0.0018555038,-0.004031718
1675988342891759551,0.0033960342,-0.003794996,-0.0021685697
1675988343087947207,0.0014718026,3.588833E-4,-3.9706752E-4
1675988343283375592,-6.0513616E-4,-3.741514E-4,0.0010384619
1675988343479808040,-0.0017963201,-0.0020845719,0.0025350861
1675988343675155540,-0.0032318532,0.0016417019,0.0045509376
1675988343869615331,-0.0047590137,-8.933861E-4,0.006933311
1675988344065324238,-0.006194547,-0.004100429,0.008643735
1675988344261450123,-0.007874429,-0.0025121756,0.009712741
1675988344458248873,-0.00937105,-0.0040393397,0.009651655
1675988344652588352,-0.010867663,-0.0021762066,0.009743288
1675988344848461164,-0.011753421,0.0029550605,0.010140348
1675988345044019289,-0.012394827,-5.5741146E-4,0.011423163
1675988345239530383,-0.012517005,-0.003978256,0.013072502
1675988345435288508,-0.012272663,-0.002756523,0.015027262
1675988345630362154,-0.012639172,-0.006727144,0.015638132
1675988345826145539,-0.012669705,-0.006727148,0.014202602
1675988346021691476,-0.013158403,-9.850152E-4,0.012370003
1675988346217787935,-0.013280578,0.002344191,0.011575881
1675988346414022049,-0.013250034,-0.0018402264,0.011514796
1675988346608527153,-0.012181021,-0.0027259812,0.012431085
1675988346804124601,-0.0112036355,-0.0022983775,0.013530651
1675988347000537726,-0.0102568045,-0.0073380116,0.014080428
1675988347195808455,-0.009890288,-0.005199982,0.012614349
1675988347390718559,-0.009737574,8.399412E-5,0.009834915
1675988347585935851,-0.009920828,5.421452E-4,0.007819066
1675988347781995694,-0.009340502,-0.0012904517,0.008002324
1675988347977215069,-0.0077217147,-0.0033979379,0.00940731
1675988348173504392,-0.007049769,-0.0052916147,0.011026107
1675988348369449444,-0.0064694434,-0.0068798624,0.0105068665
1675988348564101371,-0.0071719363,-0.0036422778,0.008093953
1675988348760353507,-0.008088231,0.0023747385,0.0065057017
1675988348955715694,-0.007813342,3.588833E-4,0.0064140745
1675988349151614184,-0.0076911673,-0.0033979379,0.007849611
1675988349347169183,-0.0072024837,-0.0019929428,0.009773828
1675988349543001788,-0.007385738,-0.007002037,0.010506868
1675988349738393715,-0.0079966,-0.006116282,0.009590566
1675988349934139652,-0.008302033,9.392034E-4,0.007757975
1675988350129211996,-0.009371061,2.0616502E-4,0.0069943946
1675988350325464183,-0.009523772,0.0015195273,0.008185584
1675988350520845798,-0.009493221,6.0323067E-4,0.010262523
1675988350716447464,-0.009554308,-0.008376483,0.012125656
1675988350911909964,-0.009829193,-0.0053221583,0.012644891
1675988351107594287,-0.010745484,-0.0026038103,0.012034031
1675988351303614599,-0.01163125,-0.004894551,0.010965019
1675988351499682099,-0.011753421,0.0014279019,0.010262519
1675988351696161474,-0.011845045,0.0027717985,0.010506868
1675988351889215432,-0.012150485,-0.004497487,0.011911854
1675988352085354443,-0.012730796,-0.0022067465,0.013164131
1675988352281994391,0.0061754584,-0.015951205,0.014569119
1675988352476610901,-0.012211561,-0.0050472654,0.012431093
1675988352671990641,-0.011081457,-8.323025E-4,0.01072067
1675988352867530901,-0.010837119,0.0013362654,0.0089186225
1675988353062999130,-0.01019571,-8.9338794E-4,0.009926543
1675988353259406005,-0.008821268,-0.0034590233,0.010231979
1675988353456262099,-0.008210402,-0.0039171707,0.010476328
1675988353656910588,-0.007263556,-0.005291609,0.010201434
1675988353846118713,-0.006255634,-0.004100425,0.008857533
1675988354041512098,-0.0061945543,-4.0469877E-4,0.0067805946
1675988354237426161,-0.0060418323,4.8105605E-4,0.0058337543
1675988354433276525,-0.0051866323,-8.323025E-4,0.0053450614
1675988354628534911,-0.004606299,-2.214387E-4,0.0052534305
1675988354823880952,-0.004514672,-0.002054032,0.0058032107
1675988355019912150,-0.003781639,-0.0043142308,0.0056810416
1675988355216304390,-0.0041176155,-0.0010155607,0.005283974
1675988355410753921,-0.002682075,-0.006696604,0.0083383005
1675988355607114337,-0.0034762025,-0.006146824,0.00940731
1675988355802447723,-0.0033540279,0.0065897033,0.0028710589
1675988355997082931,-0.0011549145,-0.010331251,0.010415239
1675988356193478035,-0.0072941035,0.016638432,-8.8575855E-4
1675988356389444129,-0.0021323115,-0.015767943,0.016248997
1675988356584667722,-0.0083631165,-0.011278089,0.0044898503
1675988356780475118,-0.014288507,0.050602503,0.004001163
1675988356976523139,-0.007141389,-0.06488147,0.028008142
1675988357172077878,-0.020488791,0.003504835,0.018203763
1675988357366258087,-0.021374539,0.04104247,0.009651661
1675988357562643451,-0.0075079054,-0.07315868,0.06029234
1675988357758313191,-0.027483184,0.025098905,0.019058973
1675988357953738868,-0.044770654,0.012545638,-0.037323836
1675988358149471420,-0.032461736,-0.027588177,0.027641622
1675988358345721680,-0.019328147,0.0248851,0.07904589
1675988358540712670,-0.034752477,0.0178907,0.015118895
1675988358736734336,-0.035241168,-0.016562069,0.011270447
1675988358931790169,-0.02525353,-0.005719224,0.028008142
1675988359127598242,-0.013952531,-0.010545051,0.018631369
1675988359323170065,0.0017772391,-0.016989674,0.039186966
1675988359519071523,4.3333322E-4,0.012209661,0.018570282
1675988359714893086,-0.011081468,0.018837541,-0.026542079
1675988359910170586,-0.006377816,-0.0028786976,-0.006902773
1675988360105661888,0.002449192,-0.007948875,0.006627882
1675988360302082408,0.009290874,-0.0068493225,0.0019547641
1675988360496740429,0.0165907,-0.004100429,0.013469562
1675988360691748919,0.0131087825,0.003779728,-0.0032986738
1675988360888297981,0.0068168715,0.0013057217,-0.013866629
1675988361083661210,0.00886327,-0.00904843,0.0045509376
1675988361278952929,0.0068474114,0.0024663657,-0.006383542
1675988361482868085,0.004678853,0.018012874,-0.016126838
1675988361670047773,0.009718463,0.008055776,0.0076663475
1675988361865532200,0.008282945,-0.010636684,0.007727433
1675988362062195793,0.003854178,-0.009903641,0.0057115797
1675988362257843345,1.5844405E-4,-0.007612899,0.011698052
1675988362453414856,-0.006469436,-0.0019624047,0.0018936768
1675988362648784908,-0.010776032,0.006009385,0.005009085
1675988362843974282,-0.013830356,-9.850152E-4,0.015913025
1675988363040093657,-0.019847374,-0.00125991,0.012736527
1675988363235346053,-0.033683456,0.014744747,0.015913023
1675988363431003709,-0.009829193,-0.022487458,0.031215183
1675988363627194959,-0.029285233,-0.008529197,0.033231035
1675988363822073032,-0.033591833,-0.008009966,0.037201658
1675988364017321938,-0.039975367,-0.00788779,0.039339684
1675988364212978969,-0.046908684,-0.0010766499,0.032528542
1675988364408945011,-0.04941323,-0.0036422797,0.038026325
1675988364605089698,-0.049718663,-0.008407023,0.04743364
1675988364801186000,-0.051520713,-0.0065744333,0.046731144
1675988364995649230,-0.0522232,-0.008895716,0.049205147
1675988365190651521,-0.052131575,-0.011339171,0.051801324
1675988365385844854,-0.05246755,-0.009598214,0.048899718
1675988365582749073,-0.051184736,-0.010178531,0.049510583
1675988365778576052,-0.050207354,-0.0076739863,0.047372553
1675988365972840896,-0.048710734,-0.004100429,0.041141734
1675988366168993031,-0.04565641,-0.007002037,0.04166097
1675988366365340844,-0.04193014,-0.008712459,0.041294448
1675988366560190739,-0.03838712,-0.007521268,0.035857756
1675988366756217823,-0.03346966,-0.008590287,0.03488037
1675988366951576937,-0.028521653,-0.007490728,0.031215183
1675988367147421000,-0.024612121,-0.0048029236,0.023518287
1675988367342615531,-0.020641498,-0.0049556363,0.021013742
1675988367538814020,-0.016640335,-0.0041004308,0.015607588
1675988367734101104,0.027265564,0.0073723663,-0.030619593
1675988367929896728,0.030778043,0.008380296,-0.03199404
1675988368125601572,0.036031473,1.9470789E-4,-0.028084505
1675988368321091364,0.03899416,-4.7724135E-4,-0.030130904
1675988368516766572,0.041376542,-0.0016073436,-0.03168861
1675988368711930166,0.023233853,0.010273976,-0.036728248
1675988368907712405,0.03896362,0.01745163,-0.04115701
1675988369103568707,0.04116274,0.008991163,-0.040607233
1675988369302208915,0.040215906,0.010396147,-0.04130972
1675988369496437405,0.0404297,0.008013781,-0.04063778
1675988369689373394,0.040643502,0.00718911,-0.037583455
1675988369885581467,0.042323377,5.612299E-4,-0.030741768
1675988370081522092,0.04330076,-0.0062193703,-0.024816379
1675988370276652613,0.040399153,0.0019967575,-0.029336782
1675988370472750998,0.036184188,0.009938,-0.033918265
1675988370667423186,0.0327328,0.008838445,-0.032482736
1675988370864101831,0.029861733,0.007586172,-0.029245151
1675988371059332144,0.027601544,0.0056314077,-0.026984949
1675988371254840581,0.026043829,0.0012942664,-0.022403466
1675988371452124383,0.02586057,-0.00472275,-0.013087778
1675988371646282560,0.02363092,-0.005241988,-0.010430517
1675988371842126727,0.01846911,0.0037988126,-0.014859287
1675988372037826571,0.015017718,0.004165327,-0.012568542
1675988372232873498,0.009153426,0.009754745,-0.018157953
1675988372428978758,0.004449766,0.015802307,-0.022953246
1675988372623805737,0.006587792,0.0037988126,-0.009483676
1675988372820150789,0.013704363,0.0025159959,0.02011272
1675988373015333706,0.011108186,0.01882608,2.901589E-4
1675988373211630633,0.009855919,0.011556791,-0.011560617
1675988373407403810,0.012726989,0.013878075,0.012568539
1675988373601846153,0.0015176125,0.032967605,-0.02973384
1675988373797575007,0.0022812001,0.02313268,-0.01907425
1675988373993532195,0.0150177255,-0.023537384,0.020173803
1675988374188542091,0.035726037,-0.042718537,-0.0076205386
1675988374384803028,0.011688512,0.016871316,-0.010522146
1675988374579989486,0.021981582,-0.007349468,0.006062831
1675988374775697090,0.01547588,0.0062117297,-0.022861613
1675988374970927142,0.011352535,0.02343811,-0.03315468
1675988375166616465,0.015628587,0.0033101235,-0.022647811
1675988375363603601,0.019446492,0.0055703223,-0.03065014
1675988375559705996,0.02790697,1.3362058E-4,-0.014370595
1675988375753996621,0.034992997,-0.019780567,0.0010537403
1675988375949694434,0.03126673,-0.0031650476,-0.019960005
1675988376145220892,0.026837956,0.0103656035,-0.030039273
1675988376340972454,0.0257384,0.005234346,-0.030833397
1675988376538621673,0.023661457,0.018093048,-0.044394597
1675988376731908027,0.027204476,0.01613828,-0.037308563
1675988376927795110,0.033862907,-0.0062804557,-0.019410226
1675988377123279642,0.035328973,-0.006555345,-0.020570872
1675988377319411881,0.035023544,-0.0035621058,-0.01873828
1675988377515194121,0.0330077,-0.006616433,-0.017211115
1675988377710576308,0.027143393,0.008655185,-0.02955058
1675988377905616204,0.02292842,0.017695988,-0.03376555
1675988378100943964,0.022164844,0.01076266,-0.029367324
1675988378296839537,0.021828871,0.008838441,-0.02643517
1675988378491397349,0.024791554,5.61228E-4,-0.01565341
1675988378687703495,0.026929583,-0.00951804,-0.006215549
1675988378883320474,0.025371883,-0.0052419864,-0.008689552
1675988379079739693,0.022500817,-7.521305E-4,-0.010827579
1675988379275245214,0.01849965,0.0038904399,-0.015134175
1675988379469975266,0.0145901255,0.01247309,-0.022311835
1675988379665513026,0.024883192,-0.013152685,-0.018463386
1675988379862351932,0.01730847,0.0052648876,-0.012843433
1675988380057106568,0.014559582,0.002821425,-0.010858121
1675988380253170995,0.01956867,-0.006249912,-0.004382956
1675988380448911776,0.020179532,-0.007196754,-0.0037720911
1675988380643748338,0.018010959,2.8633885E-4,-0.0112246405
1675988380839538130,0.01657543,0.005325973,-0.015653409
1675988381036135369,0.0151399,0.008868987,-0.020234894
1675988381231433234,0.016239453,0.008563554,-0.021731514
1675988381427342036,0.019293778,0.0022105612,-0.017150028
1675988381622059275,0.021828864,0.0017829575,-0.017119484
1675988381818230890,0.025005363,-0.0038980823,-0.013148865
1675988382013948963,0.0264409,-0.006738605,-0.011682789
1675988382208916411,0.025127545,0.003585007,-0.021700969
1675988382404271358,0.023997437,0.0076472573,-0.026068656
1675988382600980369,0.024394497,0.007250199,-0.02704604
1675988382796571723,0.026440892,0.0021800194,-0.024541494
1675988382990983962,0.028578922,0.0030963141,-0.025793767
1675988383186306306,0.030380968,0.0052648894,-0.027076583
1675988383382484587,0.031511072,0.0028214287,-0.024999643
1675988383577815993,0.03132781,-7.521305E-4,-0.023228135
1675988383773253754,0.031114008,0.0023632795,-0.026893321
1675988383968682087,0.030228253,0.0055397768,-0.030314164
1675988384164399170,0.030930743,0.0053565204,-0.030222533
1675988384363425108,0.03178597,0.0023632813,-0.02671006
1675988384563189118,0.032977153,-0.0019127745,-0.022434007
1675988384752773285,0.029647939,0.01283961,-0.034742936
1675988384947904951,0.029037062,0.012259288,-0.033429578
1675988385144069222,0.05041733,-0.028179958,-0.012446372
1675988385338417191,0.03328258,-0.0028901547,-0.02509127
1675988385534867763,0.029006522,0.012686895,-0.03187187
1675988385730621305,0.0302588,-9.0484694E-4,-0.01873828
1675988385925271774,0.029128697,-0.0037759114,-0.01831067
1675988386121985576,0.026440892,0.0019967593,-0.02234238
1675988386316552607,0.024180695,0.011709509,-0.029794924
1675988386512116617,0.024058525,0.010121265,-0.02811505
1675988386708035055,0.025677316,0.005936837,-0.020234898
1675988386903230055,0.026685242,-0.0034704767,-0.013545927
1675988387098891148,0.026654702,-0.008723915,-0.013271039
1675988387294653336,0.023966894,0.0028825104,-0.022189662
1675988387489462606,0.022439722,0.008716267,-0.024205517
1675988387687052658,0.022500824,0.0046234783,-0.017302744
1675988387881117710,0.021065287,0.00679205,-0.020906847
1675988388076684273,0.01993519,0.00795269,-0.025091272
1675988388272261981,0.021492891,0.0013553537,-0.019196426
1675988388467734273,0.02473047,-0.007441098,-0.010735948
1675988388663559741,0.025921654,-0.0069524087,-0.007987058
1675988388859665939,0.024272326,9.888336E-4,-0.014553852
1675988389055295679,0.020454418,0.009571487,-0.02331976
1675988389250555835,0.01834694,0.012198204,-0.026099198
1675988389447430522,0.01999627,0.0074334554,-0.023564106
1675988389642260522,0.022378638,0.0025770813,-0.019715661
1675988389837820991,0.025677316,1.144968E-5,-0.017027857
1675988390033454376,0.02867056,-0.004020257,-0.01415679
1675988390228921043,0.029037062,-0.0035621095,-0.015531236
1675988390424605834,0.028120771,0.0023938213,-0.020906845
1675988390620028699,0.007901151,0.021819321,-0.028542655
1675988390815557241,0.015995104,0.018398473,-0.032116216
1675988391011229740,0.03154161,0.0070974827,-0.030253079
1675988391206351199,0.032152478,0.0036460925,-0.026710065
1675988391402221876,0.03508464,-9.659361E-4,-0.024266604
1675988391597918751,0.037161577,-0.0018822309,-0.024083346
1675988391799759428,0.038169492,-9.353887E-4,-0.026038112
1675988391989593282,0.037619714,0.0037071798,-0.031077744
1675988392184950105,0.037253197,0.0093576815,-0.03645335
1675988392380537240,0.03758919,0.010762671,-0.038683012
1675988392576934896,0.038383294,0.008868989,-0.03853029
1675988392771132188,0.0404297,0.006181186,-0.03733911
1675988392967053438,0.042750996,0.0013553519,-0.033032514
1675988393162903229,0.044919554,-0.0017906036,-0.029794933
1675988393358621250,0.044094887,3.4742616E-4,-0.03205513
1675988393554971562,0.042170662,0.00425696,-0.036422815
1675988393750479687,0.041376535,0.0065782424,-0.037430737
1675988393946449271,0.040368605,0.009815829,-0.03953822
1675988394141000573,0.039330136,0.0110070165,-0.039904743
1675988394336227760,0.039849367,0.006700417,-0.036147922
1675988394532451822,0.040246446,0.0012637228,-0.03181078
1675988394728003541,0.040551875,-3.2452308E-4,-0.028756453
1675988394923214426,0.039666127,3.4742244E-4,-0.026893323
1675988395119819426,0.037528086,0.0035850108,-0.02961167
1675988395314599791,0.03419887,0.008685729,-0.03284925
1675988395510038333,0.03209139,0.009327138,-0.033521198
1675988395705598385,0.030778036,0.0068531334,-0.031199915
1675988395901789530,0.031266715,0.0029436033,-0.025763223
1675988396096849270,0.027906977,-0.0012102816,-0.021120649
1675988396292969947,0.015995115,0.009510396,-0.02057087
1675988396487166353,0.031999763,-0.0029207002,-0.020204354
1675988396683865415,0.02763208,0.005661946,-0.023258677
1675988396879559894,0.025371883,0.008044319,-0.026465718
1675988397075334738,0.024119612,0.008563558,-0.027382012
1675988397270552811,0.02506645,0.005997928,-0.024205517
1675988397465785676,0.027662627,7.253699E-5,-0.02017381
1675988397662011405,0.029373046,-0.0026763566,-0.016875139
1675988397857472811,0.029983912,-9.048451E-4,-0.017394373
1675988398053006561,0.028975978,0.001538612,-0.02283107
1675988398248801821,0.027112853,0.008624643,-0.02884809
1675988398444183331,0.02738773,0.009815833,-0.030222531
1675988398639919738,0.02873164,0.0041347854,-0.028573198
1675988398835872394,0.03120564,0.003798807,-0.026221368
1675988399036409529,0.034809757,0.0013248101,-0.023961173
1675988399226919998,0.03609256,-0.0016989708,-0.02463312
1675988399422106977,0.036000926,0.003187945,-0.026068656
1675988399617684529,0.035695497,0.0041042417,-0.031261
1675988399813200518,0.034626473,0.006578246,-0.036758784
1675988400009209112,0.035909306,0.010732127,-0.03617847
1675988400204218956,0.038810905,0.006028464,-0.03446804
1675988400400269945,0.041437622,0.0038598944,-0.032207847
1675988400595777862,0.042995345,0.0014164373,-0.029031347
1675988400790747497,0.04406436,-0.0027985275,-0.031169377
1675988400986433747,0.040643502,0.014244599,-0.043508843
1675988401183183382,0.04064351,0.018734453,-0.045494154
1675988401378675778,0.04827931,-0.005180899,-0.01941023
1675988401573204632,0.04632454,0.0057535786,-0.035995204
1675988401769702653,0.027632084,0.040817216,-0.057955794
1675988401964360153,0.04427815,6.52859E-4,-0.019288057
1675988402160783747,0.047698993,-0.009365324,-0.028359395
1675988402356166351,0.040307526,0.024354411,-0.05517636
1675988402552615882,0.039391216,0.021116821,-0.04408916
1675988402747296663,0.039085794,0.0011720937,-0.035139997
1675988402943114788,0.040154804,-0.007318928,-0.025457788
1675988403138719736,0.039910454,-0.0073494725,-0.022525635
1675988403334460673,0.03749754,-6.2995777E-4,-0.024694206
1675988403530853434,0.03334366,0.0068531353,-0.02490801
1675988403725541506,0.027845882,3.7796982E-4,-0.020082178
1675988403922159527,0.020515505,0.005906295,-0.02386954
1675988404116780933,0.014498487,0.01723784,-0.033857178
1675988404321454162,0.013734903,0.009693654,-0.022922698
1675988404508016402,0.016208913,-0.0035926532,-0.0030390532
1675988404704402027,0.015414786,-0.011045202,0.0023365559
1675988404899391558,0.01110819,-0.007899247,0.0015118888
1675988405095759527,0.006496165,2.863407E-4,-0.0031612264
1675988405289754214,0.0024644546,0.0050816294,-0.008842268
1675988405485107860,9.3729235E-4,0.00853301,-0.006429353
1675988405681248849,9.067487E-4,0.007463997,-0.0056963144
1675988405876852495,0.0012121834,-8.017942E-5,-0.005360339
1675988406072396245,0.0043275915,-0.0035926495,0.0012064565
1675988406267913849,0.008114949,-0.0057001356,0.0030085074
1675988406463505099,0.010283522,-0.0063110013,0.0019700367
1675988406659696453,0.01147471,-0.0014546253,-7.483108E-4
1675988406859480776,0.011260904,0.004745653,-0.013729187
1675988407051119839,0.011932861,0.010060182,-0.022525636
1675988407246093172,0.01584239,0.019711835,-0.022983786
1675988407441925515,0.038688723,-0.008571202,-0.020448698
1675988407637679942,0.02977011,7.253513E-5,-0.019654576
1675988407833299422,0.035451148,-0.0031039584,-0.0206625
1675988408028897338,0.039482858,-0.0017906018,-0.02777907
1675988408225314682,0.04235393,0.0031574015,-0.034651306
1675988408420355619,0.044217054,0.006486615,-0.040026914
1675988408615512494,0.045835864,0.009571483,-0.043936446
1675988408812012130,0.047943328,0.010793215,-0.0463799
1675988409007151452,0.04998972,0.006792048,-0.045005456
1675988409202976192,0.05273861,0.0037988126,-0.0416457
1675988409397802338,0.054418493,3.4742244E-4,-0.03993528
1675988409595287077,0.054479588,0.0017524157,-0.040576696
1675988409788859837,0.05246373,0.007250199,-0.044028074
1675988409984776660,0.04983702,0.008349756,-0.04567741
1675988410180945202,0.047698986,0.006730959,-0.042745262
1675988410375731035,0.045530412,0.0074334554,-0.040423974
1675988410570562910,0.044461418,0.005631404,-0.036147922
1675988410766631087,0.042781528,-1.1072308E-4,-0.029397868
1675988410962394056,0.038261127,-9.353887E-4,-0.027107123
1675988411159031712,0.034198876,0.0011415482,-0.026099201
1675988411354369524,0.030716948,8.0557354E-4,-0.024022255
1675988411550118587,0.025432967,0.004928911,-0.02209803
1675988411746585618,0.021095835,0.0061506424,-0.019746205
1675988411941648378,0.016880862,0.0011720955,-0.015745038
1675988412137151660,0.012696434,0.00117209,-0.011071925
1675988412332320201,0.009122886,-1.4126673E-4,-0.0065515246
1675988412528124576,0.0055493265,-0.0028901547,-0.0021532995
1675988412723400357,-0.015006276,0.003187945,-4.5816414E-5
1675988412919416503,-0.01210467,0.009846369,0.0020922103
1675988413114674992,-0.0048659183,-0.0019127745,0.0039248057
1675988413310517440,-0.007309379,0.002118934,0.0029168774
1675988413511110826,-0.008561654,0.0021494776,0.004596755
1675988413701518013,-0.009416863,-7.5213425E-4,0.00661261
1675988413898004575,-0.009966642,-5.688686E-4,0.0072845602
1675988414097029575,-0.00914198,-0.0018822309,0.008353574
1675988414287440982,-0.008439481,-0.0044173207,0.008842265
1675988414488717544,-0.00758427,-0.0029817875,0.008811722
1675988414679296294,-0.0059960186,-0.0020349473,0.007834339
1675988414874516242,-0.004896464,-0.0013629999,0.0056352243
1675988415070429523,-0.004591033,0.0016607884,0.0010842837
1675988415266006085,-0.0025446322,0.0021189377,-3.8179196E-4
1675988415463216971,3.5697222E-4,-9.048488E-4,-5.955943E-4
1675988415657412231,0.0030142367,-6.6049956E-4,-0.0023060157
1675988415853319366,0.006526705,-7.2158687E-4,-0.002214386
1675988416048343064,0.00994755,-0.0037148204,-0.0036499181
1675988416244777856,0.012024488,-7.826742E-4,-0.007192933
1675988416439903845,0.013918169,0.002393825,-0.012049308
1675988416636637647,0.015445333,0.0027298015,-0.016264271
1675988416831210304,0.017430644,0.004165327,-0.017516546
1675988417027420616,0.02060714,0.002821425,-0.017669262
1675988417222501085,0.023233864,-2.0235218E-4,-0.01718057
1675988417418315355,0.025219165,-7.826742E-4,-0.017272199
1675988417613461449,0.026104912,-3.2452494E-4,-0.018646646
1675988417809400199,0.026685234,0.0015997011,-0.02115119
