1675988297346260610,-0.11288667,0.40608168,0.29331207
1675988297541918943,-0.2119627,-0.5610795,-0.41979694
1675988297738578630,0.09179354,-0.37494373,-0.20026684
1675988297932884099,1.8371736,-0.19881272,0.24738121
1675988298129859672,0.94707274,0.22464108,0.33927155
1675988298324373734,-0.4311955,-0.42411017,0.15379333
1675988298520351182,-1.8289324,-4.4811797,-0.6533041
1675988298716511599,0.43543994,-9.231521,7.5990763
1675988298912354724,-0.10182303,-2.3444,2.2488174
1675988299107568473,0.14960063,1.8770466,-0.67946255
1675988299302739775,0.4586321,0.46934414,-1.672616
1675988299499508630,0.941887,2.088354,-1.9535317
1675988299694402952,0.561401,1.1199217,-3.2690778
1675988299888895869,0.8917154,1.4905643,0.39866662
1675988300084965556,0.7531395,-0.94898033,-0.42039037
1675988300280568369,1.7894028,0.6421375,-0.4154861
1675988300476378525,2.7731972,0.007167816,-0.9443418
1675988300684843994,1.7727972,0.7169409,0.13918304
1675988300868378681,1.5975188,1.7870312,0.09172869
1675988301066316285,2.0688794,1.467164,-1.7519505
1675988301259334983,-0.4009208,-1.8596115,-1.0937226
1675988301455413212,0.99031675,1.8563595,0.17014325
1675988301650442431,0.5950193,1.9840899,1.6821773
1675988301845313004,-0.27785072,-0.2736349,0.4815314
1675988302041559202,2.152753,3.2526245,0.59806776
1675988302236451129,-0.6924441,0.7986202,-1.0089717
1675988302432272222,0.6517749,-2.8824706,1.7233707
1675988302628006493,1.8606675,2.8239346,1.4282051
1675988302823384878,0.88972664,1.3854504,1.1554415
1675988303020305087,-0.8317704,1.7246542,0.7888129
1675988303214123107,0.27762383,0.089113235,0.47763658
1675988303410488368,0.39720362,0.7161341,0.90408254
1675988303605836232,0.6639526,1.0549107,0.6736069
1675988303800712534,0.7308086,1.5266542,0.46580553
1675988303996481753,-0.94417095,2.901248,0.5345082
1675988304192385138,-2.0323138,1.5768046,-0.13001394
1675988304387144826,-0.54075074,0.40903664,-0.8698211
1675988304583229461,-0.27023578,-0.45280504,-0.65576744
1675988304779361075,-1.3795319,0.11987972,-1.8286881
1675988304974979721,0.32196188,-0.5301657,-0.90967894
1675988305171778315,0.926754,-0.6328864,0.33573532
1675988305367925554,1.3187561,0.9066868,0.038542986
1675988305561686388,0.1697011,0.6390915,-0.7538922
1675988305757245971,0.13136578,0.2619877,0.11916304
1675988305952866388,0.44653034,0.7385411,1.8360982
1675988306148576231,0.5297258,1.3055983,2.1255739
1675988306344111439,0.115356684,1.4423957,1.2192664
1675988306540466700,-0.11667061,1.1417699,0.56796455
1675988306735250398,0.0470438,1.0148411,0.4874072
1675988306931076335,0.18853426,1.0172005,0.4661665
1675988307126380293,-0.21677661,0.90852356,0.124432564
1675988307322337949,-0.65826535,0.5683422,-0.35237312
1675988307518544251,-0.5966902,0.22289181,-0.38257694
1675988307713548835,0.4851849,0.5441117,-0.010620117
1675988307908981439,0.2565105,0.6435604,0.11550045
1675988308104458366,-0.072203875,0.6616504,-0.079226494
1675988308301127168,-0.25838327,0.45398378,-0.23301792
1675988308498928782,-0.46530867,0.17392898,-0.38588428
1675988308694286282,-0.72126126,0.07223606,-0.5285959
1675988308886571959,-0.35639048,0.22074223,-0.20307446
1675988309083291126,0.0880065,0.4199245,-0.12708378
1675988309278145970,-0.7704272,0.2045145,-0.44618273
1675988309474111751,-0.8420925,0.49584675,-0.6657591
1675988309668815240,-0.6310687,0.558789,-0.57040024
1675988309864377896,-0.21203566,0.32050085,-0.35556984
1675988310060982167,0.2618537,-0.1865282,0.011166573
1675988310256117740,0.25375795,-0.442626,0.0521636
1675988310452305917,0.073604584,-0.34085274,-0.120251656
1675988310647260500,0.06645775,-0.08267808,0.018243313
1675988310844004511,0.19359016,0.11524272,0.19376993
1675988311038700917,0.17162132,0.1118778,0.11050558
1675988311234979094,0.001645565,-0.06833911,-0.049663544
1675988311430549719,-0.049829483,-0.14046252,-0.112588406
1675988311625882062,-0.12549543,-0.12414014,-0.15626526
1675988311821814667,-0.07011366,-0.08404255,-0.05401802
1675988312017013364,0.08792162,0.0019907951,0.07983494
1675988312212431125,0.0444417,0.044276,0.08666468
1675988312408453156,0.08210468,0.07241261,0.11144066
1675988312604001489,0.07707214,0.06356561,0.04098177
1675988312800276124,-0.060579777,-0.02737701,-0.089968204
1675988312995082531,-0.0678606,-0.05480361,-0.07035065
1675988313190220135,-0.0049672127,-0.05817187,-0.031298637
1675988313385478051,-0.04586506,-0.03772235,-0.032298088
1675988313580967843,0.03257084,-0.0010969639,0.07317209
1675988313776666905,0.09805822,0.034897327,0.100050926
1675988313973429718,0.015390873,0.03899467,0.013531685
1675988314169159561,0.0071954727,0.009917378,0.0041275024
1675988314364310238,0.017371655,-0.019074082,-0.01142168
1675988314560461280,-0.0563426,-0.037388444,-0.068415165
1675988314755433676,-0.025074959,-0.036224008,-0.016953468
1675988314951629457,0.02911663,-0.010227323,0.040023327
1675988315146429353,0.008946896,0.015056014,0.02494049
1675988315341847738,0.033235073,0.027612329,0.04757929
1675988315537724196,0.05055523,0.02673006,0.043900013
1675988315733088311,-0.0068974495,0.01045239,-0.01069212
1675988315932147321,-6.6185E-4,-0.006311059,-0.013225555
1675988316124569457,0.0038990974,-0.013808727,-0.012463093
1675988316320441852,-0.025869846,-0.018443942,-0.024676323
1675988316515494873,0.0052371025,-0.006955266,0.018858433
1675988316711933623,0.021717072,0.014933467,0.028890133
1675988316907579352,-0.0073423386,0.023652792,0.0107131
1675988317103276644,0.020959854,0.022995472,0.026361942
1675988317298013154,0.026077747,0.02383101,0.021855354
1675988317493147633,0.0093483925,0.014216661,-1.5211105E-4
1675988317688783466,0.006419182,0.002678752,-0.0029864311
1675988317884931227,0.0051727295,0.0026665926,0.0069031715
1675988318080712112,0.022069454,0.02340877,0.012777805
1675988318275580706,-0.030880451,-0.006256461,-0.04495859
1675988318472608570,-0.09551811,-0.042400956,-0.049945354
1675988318667309299,0.03430748,-0.0019036531,0.075167656
1675988318863716747,0.075249195,0.06193638,0.04626608
1675988319059359143,-0.024196625,0.04786122,-0.008278847
1675988319263882320,0.07707167,0.03588009,0.09722519
1675988319449987684,0.08019161,0.028725863,0.028032303
1675988319644957320,-0.09278345,-0.035269976,-0.12169075
1675988319840907893,-0.07910681,-0.023498774,-0.046997547
1675988320036098153,0.017370224,-0.02078116,0.008969784
1675988320232893361,-0.033171654,0.015981555,-0.014549732
1675988320427747267,0.051281452,0.043653965,0.086108685
1675988320631640132,0.09198332,0.0419178,0.08724737
1675988320818984351,-0.013864994,0.020894885,-0.009676456
1675988321014587059,0.016428947,-0.007010579,-0.0093045235
1675988321210253517,-0.015405655,-0.025395036,-0.048448563
1675988321406304402,-0.07528114,-0.035716295,-0.06606436
1675988321601991329,0.016247272,-0.011658788,0.027960777
1675988321796605704,0.020585537,0.0144302845,0.028230667
1675988321993320444,-0.012795925,0.025086284,0.026257038
1675988322188326954,0.07161379,0.036362767,0.08086109
1675988322384323933,0.035396576,0.02964437,0.0125107765
1675988322578830704,-0.03950739,7.2562695E-4,-0.046414375
1675988322775047527,0.015593052,-0.021331668,1.6450882E-4
1675988322970302110,-0.012079716,-0.020025492,-0.030259132
1675988323165853308,-0.055119514,-0.014155269,-0.037936687
1675988323361760548,0.026033401,0.008389115,0.044382095
1675988323557131225,0.030714512,0.035591125,0.036838055
1675988323755340599,-0.0040073395,0.039923668,0.008438587
1675988323949124974,0.04104948,0.02861607,0.03717947
1675988324145093568,0.015729904,0.010377049,6.3562393E-4
1675988324340557683,-0.03288126,-0.010434389,-0.036746502
1675988324535500651,-0.005185604,-0.01801002,-0.008227348
1675988324731376328,-0.01472044,-0.0051862,-0.00813055
1675988324927218047,-0.022214413,0.015034318,-0.002368927
1675988325122288203,0.028481483,0.033809304,0.03866148
1675988325317661172,0.026817799,0.038170338,0.029233932
1675988325513273828,0.009815693,0.0259521,0.009923935
1675988325709937838,0.022243977,0.0058689117,0.01082468
1675988325904452838,-0.0066456795,-0.002011776,-0.016838074
1675988326099980911,-0.021311283,-0.0047159195,-0.023776531
1675988326295724609,-0.011562347,-7.183552E-4,-0.011364937
1675988326490767786,-0.011248112,0.0061780214,0.00643301
1675988326686690494,-0.018631458,0.003258109,-0.0039491653
1675988326883235650,0.010858536,0.018931031,0.04626465
1675988327078210754,0.08155537,0.051767707,0.06281805
1675988327274178567,0.014592171,0.033052325,-0.0059103966
1675988327469090546,-0.017421722,0.0070496798,-0.009642124
1675988327664186067,0.010323048,-0.01876092,-0.018072605
1675988327860999192,-0.07565355,-0.037485242,-0.08562279
1675988328056407264,-0.044744015,-0.023671985,-0.00974226
1675988328251711639,0.062469006,0.02441454,0.07237482
1675988328448263306,0.023934841,0.05570662,0.03276205
1675988328652332421,0.03441763,0.050877213,0.048438072
1675988328839238150,0.059589863,0.026111007,0.041976452
1675988329035090337,-0.043177128,-0.014028311,-0.06379843
1675988329229960024,-0.06394243,-0.034584403,-0.06344366
1675988329425421118,-0.0024795532,-0.020031571,-0.0037431717
1675988329621120233,-0.016496181,0.009341121,-0.0018782616
1675988329817014399,0.018520832,0.038199544,0.04597473
1675988330012456587,0.071009636,0.052720785,0.075867176
1675988330207587107,0.009614468,0.03198898,0.0038781166
1675988330403294972,-0.019068241,7.9524517E-4,-0.026527405
1675988330599037524,-0.0024108887,-0.016403198,-0.022202492
1675988330794354920,-0.037352562,-0.01895523,-0.041920662
1675988330991332628,-0.015984535,-7.7700615E-4,-0.0025987625
1675988331192605492,0.035676956,0.026774526,0.048591614
1675988331381488565,0.013039112,0.037869096,0.026986122
1675988331576937836,0.0091843605,0.029112577,0.017691135
1675988331773091117,0.015386581,0.009525657,0.008162022
1675988331967802784,-0.01781416,-0.0048714876,-0.02763462
1675988332164088982,-0.015075207,-0.005932212,-0.021318913
1675988332359369607,0.0048327446,0.0011707544,0.00826025
1675988332555204034,0.002597332,0.013155937,0.009964466
1675988332751927575,0.0077929497,0.022982478,0.015631676
1675988332947143617,0.011496067,0.021679759,0.015566349
1675988333141959398,-0.0062613487,0.013912797,-0.0018277168
1675988333337798356,-3.900528E-4,0.008922458,-4.119873E-4
1675988333533297262,0.007478237,0.009714484,0.0013566017
1675988333729204294,0.0022673607,0.009500027,-6.752014E-4
1675988333925116429,0.005382538,0.009100795,0.007264614
1675988334120286950,-0.0028471947,0.008739591,-7.1430206E-4
1675988334315602314,-0.018062592,0.005279422,-0.00884676
1675988334510969970,-0.0056443214,0.010637403,0.0017800331
1675988334706839502,0.005182743,0.018663645,0.007937431
1675988334902098199,0.009791851,0.01839459,0.01162672
1675988335098231533,0.018179893,0.019152999,0.016034126
1675988335292936689,0.01069212,0.007842779,0.0050621033
1675988335488373668,-0.0083117485,-0.00344944,-0.012262344
1675988335684729866,-0.011245728,-0.0058324337,-0.0108885765
1675988335880274293,-0.009296894,-0.0020474195,-0.007171154
1675988336075260074,-0.0028643608,0.007070899,0.0030603409
1675988336271219241,0.010020733,0.01634419,0.019141674
1675988336466276324,0.01613617,0.017542005,0.0185256
1675988336662655386,0.008224964,0.008978605,0.007112026
1675988336858442574,0.0036005974,0.0013102293,-0.0018362999
1675988337053755386,-0.0056858063,-0.0045216084,-0.011885166
1675988337249370021,-0.012201309,-0.0025562048,-0.008272171
1675988337445219032,2.7799606E-4,0.0013750792,0.005361557
1675988337640809344,0.0055356026,0.009091377,0.0143585205
1675988337836038094,0.014784336,0.014113307,0.016137123
1675988338031820438,0.011454105,0.010742545,0.010775566
1675988338227555802,0.0026135445,0.0020543337,0.0010457039
1675988338424297886,-0.007276058,-0.0066046715,-0.011925697
1675988338619056063,-0.011821747,-0.004944682,-0.010146618
1675988338813916115,0.0038161278,3.9982796E-4,0.005346298
1675988339014451531,0.0077967644,0.00959909,0.012525082
1675988339206589500,0.009727478,0.015371442,0.014962673
1675988339400917989,0.0152750015,0.011758208,0.016421795
1675988339596299031,-0.0029673576,9.754896E-4,-0.00611639
1675988339792777885,-0.012703896,-0.0063091516,-0.014526367
1675988339987259604,4.8398972E-4,-0.005302906,-0.0013203621
1675988340184426791,-0.0021500587,0.0025829077,5.2022934E-4
1675988340379907312,0.003636837,0.013100624,0.011158466
1675988340573989499,0.0168252,0.01704526,0.020585537
1675988340769570333,0.007727623,0.0108036995,0.0033168793
1675988340966808978,-0.006161213,0.0044419765,-0.0073280334
1675988341162039395,6.1893463E-4,-0.00451231,-0.0048265457
1675988341356668093,-0.0071644783,-0.004648447,-0.009041786
1675988341552544291,-0.004184723,0.0027616024,-5.8603287E-4
1675988341749393561,0.0071353912,0.008596301,0.012454033
1675988341943831270,0.0036373138,0.012538433,0.011587143
1675988342139688353,0.0024924278,0.0078213215,0.0042920113
1675988342336157467,0.0045051575,0.0033727884,0.002688408
1675988342530933769,-0.004262924,0.002565384,-0.00646019
1675988342726603665,-5.2165985E-4,0.0024770498,-6.4373016E-4
1675988342921914030,0.0065083504,0.004625678,0.005952835
1675988343117499967,0.0015721321,0.0027143955,-1.3589859E-4
1675988343312829446,-0.0011806488,0.0037317276,0.0029568672
1675988343508934238,0.0018172264,0.0038858652,0.0033020973
1675988343704104238,-0.0023965836,0.005253911,-1.244545E-4
1675988343899590019,0.0014238358,0.006472826,0.00402689
1675988344095329029,0.0058469772,0.0043159723,0.005625725
1675988344290704290,0.004087925,0.0043780804,0.004746914
1675988344486562102,0.0036315918,0.0017131567,0.0034852028
1675988344682251373,0.002129078,-0.0014871359,0.001540184
1675988344877637206,-0.004221916,6.496906E-4,-0.00538826
1675988345073560956,-0.0023760796,0.0040249825,3.8146973E-5
1675988345268941789,0.0024476051,0.0043610334,0.0072398186
1675988345464426060,0.004617214,0.0062624216,0.005797863
1675988345661007779,0.006175518,0.0074926615,0.0073132515
1675988345856245539,0.006731987,0.004402995,0.0070142746
1675988346051786112,0.0026569366,8.6426735E-5,0.0011987686
1675988346251151997,-0.004992485,-1.7523766E-4,-0.0031599998
1675988346442867726,-6.818771E-5,0.0011786222,0.0010223389
1675988346640108716,0.0032229424,0.0018757582,0.0052142143
1675988346835222830,0.0025568008,0.0062434673,0.0041618347
1675988347029940330,0.0063471794,0.00898993,0.009915829
1675988347225341997,0.0047659874,0.004185319,0.0056824684
1675988347420885434,-8.1157684E-4,0.0028545856,-0.0032286644
1675988347616015851,-5.040169E-4,-9.847879E-4,-0.0014810562
1675988347812697205,-1.8548965E-4,6.1929226E-4,0.0040836334
1675988348007840434,0.0046229362,0.0057127476,0.0053167343
1675988348203221319,0.007814407,0.008670688,0.009486198
1675988348399346111,0.007565975,0.007760167,0.010360718
1675988348593747100,0.004778385,0.0018779039,0.0027513504
1675988348789456944,-0.0033097267,0.0010625124,-0.0028004646
1675988348985789861,-0.0019493103,-0.0013175011,-0.0026979446
1675988349181103767,0.0028061867,0.005113244,0.0049209595
1675988349376796840,0.0032906532,0.0067505836,0.005004883
1675988349572381996,0.008256912,0.006155014,0.009003639
1675988349768109548,0.0063323975,0.0033576488,0.006558895
1675988349963154548,-5.812645E-4,0.0024029016,-0.0040102005
1675988350160551162,-1.5497208E-4,-0.0015653372,-0.0018463135
1675988350354946527,-0.0026669502,0.0015565157,-0.0014352798
1675988350550495120,-2.28405E-4,0.004819274,0.0023150444
1675988350746003402,0.0084171295,0.00887084,0.011497498
1675988350942721058,0.0076436996,0.005328059,0.009573936
1675988351138329339,0.0019721985,0.003628254,0.00223732
1675988351333030693,0.0029559135,1.951456E-4,0.0032486916
1675988351528927776,-0.0017399788,0.0031286478,-0.00370121
1675988351724122828,-0.004593849,8.019209E-4,-0.005721092
1675988351920051526,0.0027046204,0.00246346,0.006618023
1675988352115382932,0.007627964,0.013992429,0.011780739
1675988352311020484,0.01154089,0.020981431,0.020206928
1675988352507454547,0.0056324005,0.012785077,0.04188299
1675988352703237620,0.003583908,0.003866315,0.013804436
1675988352898633974,0.0021176338,3.886223E-5,-0.013740063
1675988353092734338,0.0016326904,0.0018332005,-0.004799366
1675988353288641474,0.007402897,0.005944848,0.0013585091
1675988353485768401,0.006093979,0.0056420565,0.0049939156
1675988353680036942,0.005004406,0.0059844255,0.0060482025
1675988353875985015,0.0042886734,0.004515767,0.0031466484
1675988354071533400,-0.0014023781,0.0019800663,-2.913475E-4
1675988354267256369,-1.8882751E-4,-4.3308735E-4,-0.0013184547
1675988354463255744,0.0022358894,0.0034083128,0.0013155937
1675988354660301629,0.002872467,0.0030859709,0.0025424957
1675988354853677358,0.001513958,0.004734397,0.0047078133
1675988355049290952,0.004468441,0.0035790205,0.00588274
1675988355244920535,0.0016713142,0.005166292,0.0012545586
1675988355440979754,0.004775524,0.009559035,0.0108242035
1675988355636201056,0.01630783,0.007698655,0.0016589165
1675988355831638348,-0.014447689,0.0053454638,-0.005979061
1675988356027178660,0.0062065125,0.0064189434,0.006380081
1675988356223748087,-0.011238575,-0.0070194006,-0.01442337
1675988356419345795,0.00851202,0.013853192,0.020592213
1675988356614197722,0.029649734,-0.0017315149,0.0059013367
1675988356810891785,-0.069190025,-0.009982467,-0.037659645
1675988357005716316,0.054659367,0.024636507,0.069313526
1675988357205863712,0.04119444,0.0023316145,-0.004676342
1675988357396661160,-0.07635498,-0.00884974,-0.03893757
1675988357592170795,0.055999756,0.052441835,0.06497717
1675988357787334441,0.04243231,3.6466122E-4,-0.004796982
1675988357984444336,-0.035752296,-0.093120754,-0.017223358
1675988358187766107,0.014395237,0.0076924562,0.014343739
1675988358374561368,-0.02960968,0.08534527,-0.018862247
1675988358569549961,-0.030395031,-0.012639165,-0.01691103
1675988358766592201,0.039865017,-0.027613759,0.026901245
1675988358961996419,0.025911808,0.00880599,0.021728992
1675988359157192201,8.058548E-4,0.02236545,0.020855427
1675988359353045169,0.018023014,0.053519845,0.022515774
1675988359549378242,-0.0012168884,0.016355395,-0.016011238
1675988359744178919,-0.017651558,-0.05393803,-0.021996975
1675988359940169075,0.011195183,-0.024189591,0.007288933
1675988360135379388,0.011762142,0.01891613,0.02111435
1675988360331319023,0.0017752647,0.03107512,0.016622066
1675988360526936627,0.009343624,0.042868137,0.007387638
1675988360722160846,0.0021882057,0.010240436,-0.0029344559
1675988360918496731,-0.0038690567,-0.01693356,-4.7683716E-7
1675988361113275794,0.013602734,0.008685827,0.014615536
1675988361308932356,0.0011610985,0.003464222,-6.170273E-4
1675988361504584283,-0.021612167,-0.0062693357,-0.01637888
1675988361700261887,-0.0047898293,0.024829745,-5.378723E-4
1675988361895660220,0.016714573,0.024278522,0.02210617
1675988362090673658,0.01570654,0.0122846365,0.021643162
1675988362286370741,0.015587807,0.009064734,0.009937286
1675988362482261835,0.004842758,-0.0053749084,-2.7275085E-4
1675988362682926574,-0.008971214,-0.006886184,-0.009640217
1675988362873550741,0.0022101402,0.0026366115,-0.0011277199
1675988363069468241,0.0020184517,-4.8041344E-4,0.004183769
1675988363265255689,-0.0050172806,7.7831745E-4,1.9454956E-4
1675988363460466366,0.0021862984,0.02545476,0.03756523
1675988363656114438,0.0021181107,0.017871857,0.007910728
1675988363852527876,0.005045891,0.0075339675,0.0010256767
1675988364047322355,0.011246681,-2.515912E-4,-7.200241E-4
1675988364243193605,0.0017743111,-0.013269067,-0.006152153
1675988364438854907,0.0016288757,-0.0072107315,-0.0024170876
1675988364635140428,0.0063080788,0.006015897,0.006877899
1675988364830243553,0.0015287399,0.006090164,0.00822258
1675988365025492407,0.005534172,0.0060095787,0.009307861
1675988365221184334,0.010647774,0.008212805,0.010809898
1675988365417419542,0.007835388,0.0043923855,0.008108139
1675988365612627667,0.008198261,0.0050233603,0.010646343
1675988365808034802,0.007060051,0.0039237738,0.004565239
1675988366003765375,8.5926056E-4,-0.0014646053,-4.014969E-4
1675988366199147510,0.002682209,0.0042060614,0.005525589
1675988366393718344,0.0077142715,0.007958412,0.009734154
1675988366589548604,0.0054478645,0.006972909,0.0067982674
1675988366785705531,0.007654667,0.009352326,0.008713722
1675988366982077666,0.008077145,0.008936167,0.0062646866
1675988367176668916,0.0026431084,0.004051447,0.004029751
1675988367372559124,0.0033316612,0.004374981,0.0044379234
1675988367567325895,0.003572464,0.0020278692,0.0044646263
1675988367763272874,-0.0024104118,-0.0057542324,-0.0026450157
1675988367960042353,-0.004281521,-1.2242794E-4,-4.7826767E-4
1675988368154774072,0.0056123734,0.00952971,0.007956982
1675988368350473239,0.007940769,0.011906505,0.007411957
1675988368547268707,0.010845661,0.011861205,0.008640766
1675988368742970426,0.0030140877,-0.0064970255,-0.001663208
1675988368937850061,-0.023172855,-0.01574862,-0.0056915283
1675988369133197405,-0.014683247,-0.01517117,-0.0021986961
1675988369329536572,-0.014499664,-0.016804338,-0.028244495
1675988369524366676,-0.0054354668,-0.0060008764,-0.012836933
1675988369720206572,-3.6859512E-4,-1.6331673E-5,-0.0077438354
1675988369916355582,-0.0015525818,0.010093212,0.0057845116
1675988370111195946,0.009986401,0.018213391,0.012699604
1675988370306785165,0.004085541,0.007859349,9.75132E-4
1675988370507229592,-0.0052342415,-0.006541848,-0.012052059
1675988370698094123,-0.0055189133,-0.009108901,-0.008708954
1675988370892862509,-0.0055298805,-0.005302191,-0.0053629875
1675988371088437144,-0.002313137,3.8266182E-5,-0.0024552345
1675988371284907769,0.0028467178,0.0061467886,0.0071148872
1675988371480334435,0.00939703,0.014774203,0.010571003
1675988371676064956,0.011367321,0.012983024,0.008728981
1675988371872347925,-0.002503872,-6.662607E-4,-0.0046191216
1675988372066453289,2.822876E-4,-0.0054210424,-0.0072155
1675988372261931675,-0.0072641373,-0.016647875,-0.010447025
1675988372458892820,-0.016608715,-0.024953961,-0.017632484
1675988372654113550,-0.008284569,-3.4964085E-4,0.0018153191
1675988372849690372,0.0019631386,0.044729352,0.0069413185
1675988373045107924,-0.0055975914,0.015264988,-0.013235569
1675988373241318393,-0.013412952,-0.009272695,-0.008386135
1675988373436122976,0.004547596,0.007848084,-0.006505966
1675988373631711778,-0.02895689,-0.041615486,-0.02456522
1675988373828321049,-0.021905899,-0.027484238,-0.007200718
1675988374023424955,0.049720287,0.039133966,0.049768448
1675988374219173184,0.05471325,0.039755166,0.05958414
1675988374414477455,0.00694561,0.016888142,0.03482485
1675988374610879695,0.020801067,0.025098264,0.012002945
1675988374806126830,0.003396511,-0.02426821,-0.004082203
1675988375000910580,-0.02290392,-0.037706554,-0.021520138
1675988375196665059,0.007918358,-0.013558805,0.0020542145
1675988375392973965,0.005564213,-0.0014443994,0.008397102
1675988375587386621,0.0036182404,0.026421666,0.014416695
1675988375783500788,0.03270197,0.046119988,0.032336712
1675988375978810632,0.008968353,0.007681966,0.0071806908
1675988376174470684,-0.011264324,-0.020816684,-0.01376152
1675988376370150215,-2.3031235E-4,-0.021335721,-0.008774281
1675988376565435163,-0.016098976,-0.027928889,-0.017084599
1675988376761922558,-0.01559782,-0.0068055987,-0.009001255
1675988376957307767,0.015312195,0.026302516,0.017936707
1675988377152814485,0.014113426,0.025315166,0.018744946
1675988377348724173,0.005311489,0.01873231,0.011243343
1675988377544161569,0.012899876,0.00884223,0.005827427
1675988377741615735,-0.004451275,-0.014230013,-0.0130906105
1675988377935387089,-0.018176556,-0.022446334,-0.023025036
1675988378130937714,-0.007475853,-0.01028645,-0.011154175
1675988378327116047,-0.005189419,-2.1779537E-4,-0.0016794205
1675988378522171620,0.0019440651,0.019338965,0.011649132
1675988378717663026,0.013608456,0.027939677,0.021762848
1675988378913632453,0.00855875,0.017585099,0.011698246
1675988379110088443,0.0029315948,0.0048720837,-5.836487E-4
1675988379305054328,-0.001932621,-0.006097853,-0.008422375
1675988379500422037,-0.012050629,-0.016586125,-0.016979218
1675988379696137661,0.011157513,9.956956E-4,0.0156059265
1675988379890802557,0.0068478584,0.015628695,0.026034832
1675988380086486672,0.0018725395,0.02224511,0.03641939
1675988380282877453,0.015614986,0.019953847,0.008351326
1675988380478045161,0.016980648,0.013784647,0.006820202
1675988380673577974,0.0029520988,8.6313486E-4,5.226135E-4
1675988380869179901,-7.9774857E-4,-0.009846866,-0.008451939
1675988381064691151,-0.0040836334,-0.012910128,-0.010457039
1675988381260552921,-0.005731106,-0.010274887,-0.0069828033
1675988381457088025,0.0041480064,0.0033637881,0.003385067
1675988381651714223,0.003036499,0.00996393,0.007989407
1675988381847328911,0.00590086,0.01615876,0.011378288
1675988382043912192,0.012928963,0.012780845,0.0111198425
1675988382238584483,-0.0011777878,-0.0023678541,-0.0021982193
1675988382434243390,-0.0053429604,-0.012836218,-0.009079456
1675988382630389223,-0.003639698,-0.009100318,-0.004880905
1675988382825142712,0.0018110275,-4.621148E-4,0.002626896
1675988383021057608,0.00419569,0.004206896,0.0039072037
1675988383216171150,-0.0010566711,0.0053367615,1.950264E-4
1675988383412870993,-8.8119507E-4,0.0055030584,0.0011758804
1675988383608062556,0.003643036,0.0046336055,0.006864071
1675988383804926931,4.5490265E-4,4.0262938E-4,9.589195E-4
1675988383998825837,-9.455681E-4,-0.003406763,-0.0036172867
1675988384195077972,9.012222E-5,-0.0034331083,-0.005605221
1675988384389907660,0.0021529198,0.0053337812,0.0018444061
1675988384585617555,0.008462429,0.010834932,0.00494051
1675988384782143545,-0.010559082,-0.0095332265,-0.010563374
1675988384976863076,-0.01716566,-0.009823382,-0.0068569183
1675988385173145889,0.043448925,0.041395903,0.049750328
1675988385368662347,0.016904831,0.026396155,0.03425598
1675988385567407295,-0.0077033043,0.006647885,0.026648045
1675988385759533961,0.011613846,0.010881901,-0.0021157265
1675988385955085055,0.0122618675,0.010762274,0.0042028427
1675988386150602607,0.002892971,0.0019379258,-0.003686428
1675988386346330524,-0.0050172806,-0.011815369,-0.01594162
1675988386542146513,-0.0085840225,-0.0073506236,-0.010776043
1675988386738445055,-0.0015377998,0.005983472,4.6920776E-4
1675988386933311930,0.0060486794,0.016817093,0.013940334
1675988387130101252,0.018281937,0.012882829,0.016259193
1675988387325423492,0.0046167374,-4.0191412E-4,3.7908554E-4
1675988387519797815,-0.010347843,-0.009157181,-0.008700848
1675988387715825992,-0.005886078,9.77099E-4,-0.003203392
1675988387911230419,-0.004234791,-0.0027786493,-0.0050196648
1675988388106994950,-0.0042476654,-0.00727123,-0.0057458878
1675988388302185262,0.0028471947,0.005398214,0.003484249
1675988388498071408,0.011094093,0.018955588,0.01415205
1675988388692883752,0.011711121,0.02034086,0.01426506
1675988388888287866,0.00304842,0.0045898557,-8.392334E-5
1675988389084964793,-0.006040573,-0.013766468,-0.015381336
1675988389280117710,-0.011876583,-0.01616162,-0.014349461
1675988389475939533,-0.0074625015,-0.0053453445,-0.0019636154
1675988389671822085,0.0028243065,0.0055376887,0.0058426857
1675988389866497605,0.0036034584,0.01450938,0.009102821
1675988390063016199,0.009151936,0.017943144,0.012011528
1675988390259425001,0.008488178,0.009516001,0.0085635185
1675988390453862501,0.001455307,-3.4058094E-4,-0.0030970573
1675988390649415470,-0.018434048,-0.030830562,-0.029135227
1675988390845379480,-0.021577358,-0.030431747,-0.015469074
1675988391042022501,-0.018197536,-0.008229196,-0.019721031
1675988391236586251,-0.0043969154,-0.0013006926,-0.0072140694
1675988391432236719,0.0051369667,0.005236566,0.004916668
1675988391627752292,0.007504463,0.0069012046,0.009599686
1675988391824452553,0.005624771,0.004099846,0.00586462
1675988392019268021,0.0011324883,-0.004216194,-0.0038146973
1675988392214571511,-0.0054368973,-0.009754479,-0.0095767975
1675988392410165000,-0.007910728,-0.007653892,-0.009339809
1675988392605581875,-0.0055789948,-0.0035635233,-0.004204273
1675988392802463698,-0.0012593269,0.0015065074,4.5681E-4
1675988393002094740,0.003642559,0.011127412,0.010654926
1675988393192805833,0.006969452,0.017519653,0.01079607
1675988393387718490,0.005469799,0.007736504,0.005150318
1675988393583523646,0.001543045,-0.003008008,-0.002711296
1675988393779550312,-7.004738E-4,-0.0035853982,-0.005727768
1675988393974701510,-0.0061793327,-0.005136013,-0.00776577
1675988394170097291,-0.0068912506,-0.004495561,-0.0067777634
1675988394365822135,-0.0020723343,0.0040723085,4.3964386E-4
1675988394561810208,0.0036230087,0.01053828,0.005903244
1675988394757349322,0.004562378,0.011456311,0.0068888664
1675988394953067656,0.0037546158,0.01323545,0.004295349
1675988395148780364,0.0023479462,0.0026115775,-0.002375126
1675988395345149270,-0.006913662,-0.0061059594,-0.007469654
1675988395539873228,-0.0061922073,-0.009308457,-0.008453846
1675988395735103905,-0.0018815994,-0.0015754104,-2.565384E-4
1675988395931243332,0.0022358894,0.005702555,0.0058994293
1675988396126688072,0.004664898,0.005622506,0.0057673454
1675988396322916613,-0.0035305023,-1.7791986E-4,-5.440712E-4
1675988396517872968,-0.004545212,0.0028550625,0.029994488
1675988396713780103,-0.004274845,-0.01007998,-0.016392708
1675988396909148644,-0.0070958138,-0.015636265,-0.020195484
1675988397104873905,-0.0046076775,-0.010428548,-0.012876987
1675988397300466144,5.450249E-4,-0.0014674067,-0.0058956146
1675988397495596405,0.0043768883,0.009838879,0.0033593178
1675988397690587863,0.008010387,0.013188422,0.010345459
1675988397886523488,0.0051956177,0.009648144,0.004196644
1675988398083532446,0.0032105446,2.130866E-4,0.0021014214
1675988398279373800,-0.0037941933,-0.011330128,-0.0075621605
1675988398473532342,-0.009476185,-0.009965777,-0.007282734
1675988398669479633,-9.3078613E-4,-0.001814127,0.0018782616
1675988398864367602,0.0029010773,0.006796181,0.0031809807
1675988399060812706,0.0025734901,0.013287246,0.0074181557
1675988399256219894,0.006872654,0.011846185,0.008999348
1675988399453107446,-1.6403198E-4,0.0036836267,-0.0010223389
1675988399647182393,-6.8998337E-4,-0.001081109,-0.004992008
1675988399843300883,-9.069443E-4,-0.0113253,-0.005423069
1675988400038398175,-0.0050644875,-0.0055065155,-0.006816387
1675988400239574424,-0.0013604164,0.0050492883,-2.5510788E-4
1675988400430421091,0.0027661324,0.009553552,0.0044255257
1675988400628747185,0.0029907227,0.013582408,0.010120392
1675988400822247341,0.009534836,0.009270966,0.008376598
1675988401016453435,-0.010465622,-0.0137425065,-0.013786316
1675988401212408435,-0.02626276,-0.014174938,-0.014947414
1675988401408378643,0.015103817,0.031286895,0.012938023
1675988401603500153,-0.0042295456,-0.006113291,-0.020745754
1675988401799476820,-0.032004833,-0.029273152,-0.025364876
1675988401994570674,4.7063828E-4,0.021656334,0.021086216
1675988402190553122,0.015499592,0.011875272,0.012544155
1675988402386768642,-0.028476238,-0.034904778,-0.036334515
1675988402582070257,-0.02122736,-0.02156198,-0.027840614
1675988402777754423,0.004757881,-4.1633844E-4,0.0063171387
1675988402973241923,0.014137268,0.019415498,0.017809868
1675988403168263642,0.019228935,0.023480177,0.014746666
1675988403363468746,0.008569241,0.010585606,0.0019388199
1675988403560069319,-0.0076618195,-4.0143728E-4,-0.010269642
1675988403756139371,-0.0035352707,-0.0062466264,-0.0025701523
1675988403951006350,-4.6491623E-4,-0.013870001,-0.006087303
1675988404146593277,-0.013804436,-0.024567544,-0.019381046
1675988404342463954,-0.0077853203,-0.0042389035,-0.0067224503
1675988404538097183,0.0042886734,0.022410452,0.015283585
1675988404733174214,0.012579441,0.028995574,0.021330357
1675988404928764631,0.011454105,0.014664471,0.013935089
1675988405124650621,0.0027675629,-0.0026925206,-0.0036377907
1675988405319974318,-0.004602909,-0.012561679,-0.011836052
1675988405516685829,-0.008625507,-0.011275232,-0.011662483
1675988405711201089,-0.007039547,-0.0042274594,-0.0060634613
1675988405907213329,0.0017223358,-0.0011945367,0.006315708
1675988406102500308,0.0076208115,0.011869967,0.010817051
1675988406298016297,0.008635521,0.017595232,0.013264656
1675988406493025672,0.007528782,0.012262285,0.010002613
1675988406688791714,0.005639553,0.004611671,0.0031223297
1675988406884986037,-6.64711E-4,-0.010480702,-0.007226944
1675988407080363172,-0.008010387,-0.020644069,-0.010849953
1675988407275859474,0.0018100739,0.007751465,0.004883766
1675988407476381505,-0.008774757,0.018672109,0.022788048
1675988407667032182,0.002366066,0.020949066,-0.0013155937
1675988407862558380,0.013578415,0.019248843,0.011908054
1675988408062691349,0.009078026,0.008579254,0.007849216
1675988408254708744,0.0027990341,6.297827E-4,-0.0013432503
1675988408449800203,-4.067421E-4,-0.0051963925,-0.00412035
1675988408645390515,-0.0035557747,-0.006109774,-0.005921364
1675988408840956036,-0.0061707497,-0.0034256577,-0.005288124
1675988409036527598,0.0014510155,0.0034190416,0.0028648376
1675988409231933952,0.0016264915,0.012646973,0.008111
1675988409428013796,0.004802227,0.015189111,0.008992672
1675988409623435202,0.006819725,0.009952962,0.0034327507
1675988409819146556,-0.0029501915,8.5270405E-4,-0.0020871162
1675988410015271244,-0.0038900375,-0.003549695,-0.006009102
1675988410210380462,-0.0018281937,-1.8012524E-4,-0.0038642883
1675988410405799368,-0.0023608208,0.0032294989,-0.0031313896
1675988410601675046,-0.002421856,0.009398878,-0.0014533997
1675988410796639525,0.0045456886,0.013739884,0.0049967766
1675988410992326191,0.0053954124,0.009102285,0.007817745
1675988411187516295,0.0027370453,0.003390193,0.003648281
1675988411384276191,0.0021247864,0.0019640923,0.002816677
1675988411579006087,-8.7213516E-4,-5.393028E-4,-0.00259161
1675988411775018535,-0.0042800903,-0.0013085008,-0.002547264
1675988411970684316,7.02858E-4,0.0023170114,-7.519722E-4
1675988412165980305,8.8596344E-4,0.0016915202,7.6150894E-4
1675988412361958639,0.001033783,0.0037910342,0.0022287369
1675988412557587128,0.0030565262,0.0058564544,0.00498724
1675988412753667649,-0.0024733543,-0.012468994,-0.0019040108
1675988412949454003,-0.012571812,-0.01128304,0.008099079
1675988413144800409,-0.0041384697,-0.0133116245,0.013344288
1675988413339973742,-0.0040040016,-0.016718328,-0.025186062
1675988413536394003,-0.0044002533,-0.010949075,-0.017762661
1675988413731128326,-9.54628E-4,-0.005277276,-0.0070204735
1675988413927078898,-0.001060009,-0.004107058,-0.0029535294
1675988414122662284,0.0018019676,-5.2279234E-4,0.001516819
1675988414318172805,0.0047807693,0.0035161972,0.0047569275
1675988414513603794,0.0033721924,0.0023340583,0.0029959679
1675988414710398325,0.001636982,0.0032883286,8.5783005E-4
1675988414905402648,0.0015869141,7.2294474E-4,2.5749207E-4
1675988415100227127,4.7779083E-4,-0.00567168,-0.001390934
1675988415299986502,-0.0014152527,-0.004316509,-6.3467026E-4
1675988415491072023,0.0017504692,0.0012936592,0.004593849
1675988415686948169,0.003469944,0.0026320815,0.006661892
1675988415883088273,0.003276825,0.0064693093,0.0044846535
1675988416078516450,0.006696224,0.0074571967,0.0072956085
1675988416273755356,0.0039186478,0.0041871667,-2.7179718E-5
1675988416470236189,7.7724457E-4,-0.0016137958,-0.0010643005
1675988416665488533,-9.899139E-4,-0.00542593,-8.778572E-4
1675988416861143637,-0.0013699532,-0.0030614734,-0.002064228
1675988417056196553,4.0721893E-4,0.0051059723,0.001142025
1675988417251951658,0.0038294792,0.008069634,0.006586075
1675988417447496085,0.0051956177,0.008099496,0.0058436394
1675988417643227334,0.006415844,0.0057765245,0.0046920776
1675988417839418897,9.794235E-4,0.001341939,0.0025658607
