1675988297269849568,1030.1079
1675988297369338318,1030.1265
1675988297468959672,1030.169
1675988297568747484,1030.2253
1675988297671595297,1030.2651
1675988297769653109,1030.2917
1675988297869324464,1030.2947
1675988297969546078,1030.3267
1675988298071422953,1030.3835
1675988298169296390,1030.4746
1675988298269851495,1030.5171
1675988298369952120,1030.5171
1675988298469511755,1030.5813
1675988298568969828,1030.5906
1675988298669262067,1030.626
1675988298769981078,1030.5657
1675988298870534359,1030.5288
1675988298970236963,1030.4692
1675988299070439723,1030.5435
1675988299171620505,1030.5591
1675988299270185713,1030.5667
1675988299371097900,1030.6062
1675988299469744827,1030.6401
1675988299569903161,1030.6338
1675988299671942327,1030.6667
1675988299770281546,1030.6748
1675988299872558473,1030.7412
1675988299971055244,1030.737
1675988300076078994,1030.7495
1675988300169906494,1030.7886
1675988300272820192,1030.7598
1675988300371143785,1030.7483
1675988300469880504,1030.7661
1675988300570796806,1030.7505
1675988300684773994,1030.7532
1675988300770578212,1030.7478
1675988300883790192,1030.7944
1675988300970934514,1030.7856
1675988301083380660,1030.7886
1675988301172241754,1030.7947
1675988301281886441,1030.8
1675988301368730712,1030.8167
1675988301471498420,1030.8477
1675988301569363212,1030.874
1675988301669459827,1030.8384
1675988301769698108,1030.813
1675988301871930243,1030.8079
1675988301969989618,1030.8167
1675988302072349931,1030.7769
1675988302172547587,1030.781
1675988302275263576,1030.781
1675988302369299670,1030.7822
1675988302469357014,1030.9583
1675988302571762743,1032.1721
1675988302669209670,1034.9666
1675988302769691337,1038.7449
1675988302869627535,1043.0474
1675988302969101805,1047.5703
1675988303069746337,1052.0022
1675988303171110347,1056.1638
1675988303270025086,1060.1826
1675988303369766857,1064.2327
1675988303469225503,1068.4099
1675988303569575607,1072.781
1675988303668936336,1077.3508
1675988303770555607,1082.0718
1675988303869348263,1086.8855
1675988303968812899,1091.6184
1675988304069166388,1096.0261
1675988304168617013,1099.9517
1675988304269672117,1103.376
1675988304368820294,1106.2866
1675988304469123784,1108.7971
1675988304568665763,1111.0874
1675988304669117065,1113.3044
1675988304768652065,1115.4519
1675988304869502690,1117.5366
1675988304969620398,1119.6411
1675988305069529357,1121.7573
1675988305171745242,1123.9319
1675988305270032638,1126.3572
1675988305369463627,1128.9309
1675988305469143159,1131.2466
1675988305568750815,1133.0654
1675988305668743783,1134.5156
1675988305768868054,1135.7078
1675988305868937273,1136.6738
1675988305969695294,1137.5127
1675988306069178367,1138.2444
1675988306169172221,1138.2444
1675988306268949669,1138.9185
1675988306369885658,1139.5774
1675988306469650658,1140.2102
1675988306569740606,1140.8059
1675988306669862064,1141.3545
1675988306769064304,1141.8496
1675988306869182585,1142.3223
1675988306968915658,1142.7744
1675988307068996543,1143.2224
1675988307169295606,1143.669
1675988307269780397,1144.1304
1675988307369764981,1144.5767
1675988307469036439,1145.0137
1675988307568936908,1145.4375
1675988307670029095,1145.856
1675988307769193314,1146.2646
1675988307869113106,1146.6411
1675988307969772012,1146.9897
1675988308070133366,1147.321
1675988308169100501,1147.6204
1675988308270671074,1147.9094
1675988308369960137,1148.1536
1675988308468647845,1148.3716
1675988308568830814,1148.5566
1675988308668791282,1148.7278
1675988308769671855,1148.8857
1675988308869323834,1149.0503
1675988308970175918,1149.2317
1675988309069627793,1149.4194
1675988309170739720,1149.6062
1675988309268774772,1149.7749
1675988309370307636,1149.9563
1675988309468958626,1150.1414
1675988309569044667,1150.3208
1675988309668790344,1150.49
1675988309769718365,1150.6443
1675988309868715449,1150.7725
1675988309969266803,1150.8665
1675988310070534771,1150.8665
1675988310169159823,1150.9436
1675988310269082167,1151.0032
1675988310368952948,1151.0288
1675988310470394146,1151.0566
1675988310568560500,1151.0779
1675988310668801334,1151.1052
1675988310769754823,1151.1357
1675988310869782636,1151.1606
1675988310969062427,1151.1951
1675988311069810917,1151.228
1675988311168772063,1151.2605
1675988311270026229,1151.2878
1675988311369354667,1151.2986
1675988311468636802,1151.2974
1675988311569555708,1151.2896
1675988311669394406,1151.2749
1675988311770038521,1151.2639
1675988311869684562,1151.2266
1675988311969983052,1151.196
1675988312070003729,1151.1726
1675988312169979510,1151.1555
1675988312269991177,1151.147
1675988312370047791,1151.1548
1675988312469904250,1151.1719
1675988312569966125,1151.1987
1675988312669303312,1151.2302
1675988312770026489,1151.2554
1675988312869926802,1151.2756
1675988312969621541,1151.2886
1675988313070327947,1151.279
1675988313169920083,1151.2715
1675988313269108885,1151.2607
1675988313368962322,1151.2397
1675988313469526958,1151.2231
1675988313569437530,1151.2017
1675988313669491697,1151.197
1675988313770147218,1151.2
1675988313870329301,1151.2161
1675988313969893572,1151.2195
1675988314070911072,1151.2195
1675988314169206749,1151.2383
1675988314269101020,1151.2559
1675988314369930499,1151.2681
1675988314470122218,1151.2866
1675988314568759249,1151.2788
1675988314668660238,1151.2798
1675988314769242478,1151.2671
1675988314869652009,1151.2522
1675988314969829144,1151.2378
1675988315068801905,1151.2231
1675988315168940499,1151.2039
1675988315268930603,1151.1973
1675988315369312113,1151.1882
1675988315468933780,1151.2002
1675988315568798571,1151.2041
1675988315668899873,1151.221
1675988315769921696,1151.2441
1675988315868984717,1151.2612
1675988315969316175,1151.2812
1675988316069684040,1151.294
1675988316169202321,1151.2981
1675988316270363988,1151.2898
1675988316370372998,1151.2817
1675988316470047425,1151.2693
1675988316569934613,1151.2517
1675988316669143883,1151.2427
1675988316769156175,1151.2219
1675988316868968623,1151.2117
1675988316969074769,1151.2134
1675988317069878883,1151.22
1675988317170005394,1151.2312
1675988317269173154,1151.2495
1675988317369158675,1151.2673
1675988317468686383,1151.2896
1675988317568942060,1151.3137
1675988317668511696,1151.3354
1675988317769245810,1151.3474
1675988317868806539,1151.3567
1675988317969359768,1151.3567
1675988318069480810,1151.3599
1675988318169191122,1151.3438
1675988318268894456,1151.3096
1675988318369331904,1151.2747
1675988318470059820,1151.2239
1675988318575973362,1151.1794
1675988318669597112,1151.1384
1675988318770258466,1151.1287
1675988318869053518,1151.1294
1675988318970742685,1151.1445
1675988319069663622,1151.1609
1675988319170254143,1151.1951
1675988319269574872,1151.2278
1675988319369863830,1151.2622
1675988319468276851,1151.2976
1675988319569322580,1151.3191
1675988319670400184,1151.345
1675988319770332945,1151.345
1675988319869922216,1151.3313
1675988319970036799,1151.3196
1675988320069411070,1151.3003
1675988320169857945,1151.2903
1675988320269630028,1151.2686
1675988320370091903,1151.2615
1675988320469806747,1151.2568
1675988320569400809,1151.2639
1675988320669095861,1151.2803
1675988320769440288,1151.3008
1675988320869327736,1151.3176
1675988320969980496,1151.3391
1675988321069442944,1151.3596
1675988321170030705,1151.3652
1675988321270001330,1151.3604
1675988321369737319,1151.342
1675988321469492059,1151.3206
1675988321569631486,1151.2893
1675988321669960652,1151.2695
1675988321768690444,1151.2478
1675988321870160548,1151.2478
1675988321968716590,1151.2297
1675988322070874975,1151.2109
1675988322168934350,1151.2056
1675988322269337579,1151.2163
1675988322369070548,1151.241
1675988322469078829,1151.2593
1675988322569152267,1151.2856
1675988322669200548,1151.3064
1675988322769335808,1151.3281
1675988322869212891,1151.3354
1675988322970337527,1151.3362
1675988323070573621,1151.3386
1675988323169479610,1151.3267
1675988323270694818,1151.3115
1675988323369407475,1151.2961
1675988323468980860,1151.2913
1675988323569505131,1151.2888
1675988323669282006,1151.281
1675988323771787683,1151.29
1675988323868821849,1151.2998
1675988323970125339,1151.3096
1675988324070069454,1151.3206
1675988324169999818,1151.335
1675988324269773203,1151.3418
1675988324369010912,1151.3464
1675988324471393255,1151.3481
1675988324570236797,1151.3306
1675988324669551485,1151.3206
1675988324768999974,1151.3103
1675988324869335287,1151.2996
1675988324969379037,1151.281
1675988325070109818,1151.2654
1675988325169686797,1151.263
1675988325270579870,1151.273
1675988325368739505,1151.2808
1675988325468767838,1151.2991
1675988325568797734,1151.3196
1675988325669160390,1151.3196
1675988325770055599,1151.3354
1675988325869192838,1151.362
1675988325969201276,1151.3728
1675988326070416015,1151.3708
1675988326169284140,1151.3711
1675988326269038515,1151.3662
1675988326369044921,1151.3535
1675988326469839713,1151.3357
1675988326568966796,1151.3228
1675988326668840234,1151.3015
1675988326769231484,1151.292
1675988326868923932,1151.2971
1675988326969433202,1151.3123
1675988327070031119,1151.3306
1675988327169611327,1151.3574
1675988327269115702,1151.3826
1675988327369007994,1151.4033
1675988327469061483,1151.4158
1675988327569280442,1151.4365
1675988327669750181,1151.4382
1675988327769026588,1151.4268
1675988327868841275,1151.4153
1675988327968661171,1151.3967
1675988328068855910,1151.3757
1675988328168828619,1151.3567
1675988328268967994,1151.3467
1675988328369132004,1151.3413
1675988328469739712,1151.3442
1675988328570271848,1151.354
1675988328669781743,1151.3689
1675988328769535858,1151.387
1675988328869544504,1151.3997
1675988328971868358,1151.4043
1675988329070196535,1151.416
1675988329170416899,1151.4106
1675988329268957733,1151.408
1675988329372310441,1151.3972
1675988329468978566,1151.3772
1675988329572438983,1151.3772
1675988329668846639,1151.3547
1675988329769797160,1151.3389
1675988329869952316,1151.3391
1675988329969413410,1151.3362
1675988330070525597,1151.3386
1675988330169143826,1151.3511
1675988330269621170,1151.3708
1675988330369615128,1151.3872
1675988330469341899,1151.4099
1675988330570128566,1151.4246
1675988330669567784,1151.4292
1675988330769599138,1151.4258
1675988330869117055,1151.4187
1675988330969893409,1151.4182
1675988331069966847,1151.4102
1675988331170300701,1151.4045
1675988331270705805,1151.3989
1675988331368877732,1151.3901
1675988331469087472,1151.3904
1675988331568546013,1151.3887
1675988331669067680,1151.3914
1675988331768876586,1151.3953
1675988331870718982,1151.4006
1675988331969270023,1151.4048
1675988332070213617,1151.4124
1675988332168774503,1151.4172
1675988332270120336,1151.4109
1675988332369252523,1151.4089
1675988332468737315,1151.3953
1675988332568635232,1151.3911
1675988332668654659,1151.3962
1675988332768889034,1151.4001
1675988332868836169,1151.3994
1675988332968897158,1151.3987
1675988333069430075,1151.4004
1675988333170089606,1151.4114
1675988333268948044,1151.418
1675988333372370075,1151.4275
1675988333468736950,1151.4387
1675988333568981533,1151.4387
1675988333668981533,1151.4482
1675988333769108252,1151.4534
1675988333869041585,1151.4514
1675988333968874971,1151.4526
1675988334069397471,1151.4531
1675988334169121741,1151.4473
1675988334269151689,1151.439
1675988334369498877,1151.4287
1675988334468880075,1151.4321
1675988334570217106,1151.4265
1675988334669425231,1151.4131
1675988334769214918,1151.4102
1675988334869578460,1151.418
1675988334969587366,1151.427
1675988335068467418,1151.4377
1675988335169174345,1151.449
1675988335268547783,1151.4585
1675988335369176793,1151.4578
1675988335468595491,1151.4609
1675988335568666741,1151.4612
1675988335668787678,1151.4722
1675988335768827834,1151.468
1675988335869452105,1151.4648
1675988335969002053,1151.4585
1675988336068902574,1151.458
1675988336169049657,1151.4473
1675988336269126480,1151.4446
1675988336369395282,1151.4412
1675988336469373303,1151.4375
1675988336569195438,1151.4436
1675988336669615647,1151.4526
1675988336770122105,1151.4602
1675988336869179865,1151.4666
1675988336969954553,1151.4663
1675988337068932365,1151.4666
1675988337169519084,1151.4663
1675988337268734501,1151.4707
1675988337368784761,1151.4707
1675988337469042990,1151.4661
1675988337568401480,1151.4597
1675988337668828667,1151.4573
1675988337768598771,1151.4524
1675988337869011219,1151.4614
1675988337968796479,1151.4604
1675988338069408511,1151.467
1675988338169768406,1151.4692
1675988338269353979,1151.4763
1675988338368829396,1151.4775
1675988338470040646,1151.4846
1675988338569545438,1151.4861
1675988338669576583,1151.4805
1675988338769754708,1151.4829
1675988338869695854,1151.4802
1675988338969607417,1151.4775
1675988339068903875,1151.4844
1675988339169148042,1151.4822
1675988339269849083,1151.488
1675988339369938146,1151.4846
1675988339469055698,1151.4792
1675988339568090750,1151.4846
1675988339670210958,1151.487
1675988339768589448,1151.4868
1675988339869570125,1151.4797
1675988339968787781,1151.4785
1675988340069017052,1151.4775
1675988340168734656,1151.4746
1675988340269026427,1151.4827
1675988340368403041,1151.4895
1675988340469098301,1151.4927
1675988340568385124,1151.4978
1675988340668969864,1151.4971
1675988340769587676,1151.5046
1675988340869035958,1151.5061
1675988340968799968,1151.5076
1675988341068948457,1151.4976
1675988341168786582,1151.4966
1675988341268941687,1151.5024
1675988341368758874,1151.5024
1675988341468840228,1151.5093
1675988341568739707,1151.5029
1675988341668768770,1151.5012
1675988341768882624,1151.4958
1675988341868539863,1151.4954
1675988341969322520,1151.4902
1675988342068952728,1151.4912
1675988342169258665,1151.479
1675988342270175957,1151.4797
1675988342369104134,1151.4741
1675988342468911790,1151.4783
1675988342569359551,1151.4832
1675988342670387363,1151.492
1675988342769422311,1151.498
1675988342869022311,1151.5042
1675988342970302780,1151.508
1675988343068992259,1151.5034
1675988343169039550,1151.5007
1675988343269359811,1151.4973
1675988343369042936,1151.5
1675988343469961946,1151.5
1675988343568872988,1151.4985
1675988343669494029,1151.5012
1675988343769602988,1151.5061
1675988343869599863,1151.5056
1675988343969129811,1151.5032
1675988344068664602,1151.4998
1675988344169265019,1151.5012
1675988344268634967,1151.5032
1675988344368712050,1151.5095
1675988344469788404,1151.5007
1675988344568696217,1151.5007
1675988344668908821,1151.501
1675988344769334602,1151.5029
1675988344869105696,1151.5049
1675988344969054862,1151.498
1675988345069368039,1151.5046
1675988345169115487,1151.5015
1675988345268908404,1151.5015
1675988345369038039,1151.5032
1675988345468952310,1151.5029
1675988345568721008,1151.509
1675988345668570122,1151.5093
1675988345768629445,1151.5061
1675988345868864810,1151.5063
1675988345968874393,1151.511
1675988346069067153,1151.5171
1675988346168159237,1151.5154
1675988346269028924,1151.5168
1675988346368611737,1151.5164
1675988346468793924,1151.5232
1675988346568992153,1151.5264
1675988346668577674,1151.5273
1675988346769620695,1151.529
1675988346869206216,1151.5332
1675988346969341789,1151.5347
1675988347069290643,1151.5396
1675988347168704861,1151.543
1675988347269054809,1151.5388
1675988347368892726,1151.5359
1675988347468635070,1151.5371
1675988347568675642,1151.5425
1675988347668818663,1151.5457
1675988347769946372,1151.5361
1675988347870251944,1151.5349
1675988347968878871,1151.5303
1675988348070438715,1151.5281
1675988348169046371,1151.5322
1675988348269867621,1151.5317
1675988348369469600,1151.5337
1675988348470771267,1151.5361
1675988348568303038,1151.541
1675988348670524548,1151.5415
1675988348769210642,1151.5447
1675988348869386632,1151.5393
1675988348969307100,1151.5332
1675988349069692100,1151.5359
1675988349168781111,1151.5359
1675988349268907725,1151.5393
1675988349368889808,1151.5369
1675988349469133663,1151.5447
1675988349569662204,1151.5508
1675988349669223402,1151.5513
1675988349768973506,1151.5525
1675988349869196527,1151.5532
1675988349969066162,1151.5598
1675988350069236944,1151.5615
1675988350168226787,1151.5549
1675988350268883506,1151.5559
1675988350369027881,1151.5503
1675988350468617360,1151.5547
1675988350568782725,1151.5564
1675988350668684079,1151.5547
1675988350768921214,1151.5513
1675988350868931475,1151.5481
1675988350969881943,1151.5491
1675988351069618714,1151.5527
1675988351169331735,1151.5569
1675988351269048141,1151.5593
1675988351369946683,1151.5691
1675988351470149808,1151.5623
1675988351570327256,1151.5703
1675988351669276526,1151.5693
1675988351769652464,1151.564
1675988351869677047,1151.5703
1675988351969104026,1151.5681
1675988352069423505,1151.5696
1675988352169091995,1151.5603
1675988352269078089,1151.5566
1675988352368829443,1151.5642
1675988352470254911,1151.5918
1675988352568800693,1151.5896
1675988352670223766,1151.5918
1675988352770301370,1151.5935
1675988352868906109,1151.5869
1675988352969173609,1151.5803
1675988353068937047,1151.5796
1675988353169616786,1151.5796
1675988353272020797,1151.5759
1675988353369184130,1151.5698
1675988353469314182,1151.5759
1675988353569211369,1151.5703
1675988353669607151,1151.574
1675988353769325223,1151.5862
1675988353869428765,1151.5789
1675988353970129494,1151.5874
1675988354070224442,1151.5823
1675988354169091734,1151.5759
1675988354268551473,1151.5869
1675988354369201525,1151.5847
1675988354469588713,1151.5828
1675988354570149806,1151.5806
1675988354668758973,1151.5715
1675988354769550379,1151.5715
1675988354868951890,1151.5696
1675988354968812410,1151.574
1675988355069529910,1151.5723
1675988355169882046,1151.5762
1675988355269271629,1151.5706
1675988355369721889,1151.5769
1675988355469132723,1151.584
1675988355568949702,1151.5889
1675988355669274754,1151.5933
1675988355768794494,1151.5977
1675988355869531889,1151.594
1675988355969058921,1151.5938
1675988356069877098,1151.5942
1675988356169437723,1151.592
1675988356269848347,1151.5913
1675988356369517202,1151.5913
1675988356469877931,1151.5862
1675988356568896264,1151.5752
1675988356669469493,1151.5759
1675988356769438608,1151.5835
1675988356869062462,1151.5854
1675988356969927670,1151.5901
1675988357069057931,1151.5901
1675988357169103868,1151.6025
1675988357269028816,1151.6204
1675988357369497514,1151.647
1675988357469303920,1151.667
1675988357568922826,1151.6841
1675988357669663764,1151.7043
1675988357768927670,1151.7268
1675988357869002722,1151.7383
1675988357968929961,1151.7722
1675988358069191732,1151.7908
1675988358183131888,1151.8027
1675988358270519440,1151.7964
1675988358369598815,1151.7832
1675988358471203920,1151.7705
1675988358569527409,1151.7627
1675988358671656732,1151.7551
1675988358768696680,1151.7437
1675988358871715117,1151.7375
1675988358968744596,1151.741
1675988359072311732,1151.7344
1675988359169765794,1151.7314
1675988359272688503,1151.7368
1675988359368881315,1151.7349
1675988359473991003,1151.7373
1675988359569498138,1151.7405
1675988359674410221,1151.7361
1675988359769290690,1151.7397
1675988359874815013,1151.7373
1675988359969695638,1151.738
1675988360074717565,1151.7334
1675988360168944804,1151.7317
1675988360268782200,1151.7332
1675988360368932669,1151.7397
1675988360469102148,1151.7417
1675988360569636210,1151.7524
1675988360668994387,1151.7571
1675988360770236002,1151.749
1675988360869018085,1151.7405
1675988360969023814,1151.7402
1675988361069052773,1151.7402
1675988361169886523,1151.7375
1675988361269002512,1151.7385
1675988361369454335,1151.7356
1675988361469545481,1151.7266
1675988361569961627,1151.7283
1675988361670077825,1151.7383
1675988361769627512,1151.7363
1675988361869200585,1151.7366
1675988361969291054,1151.7393
1675988362068974231,1151.7449
1675988362169091314,1151.7522
1675988362268973397,1151.7598
1675988362369327199,1151.7715
1675988362468744491,1151.7781
1675988362569158293,1151.7783
1675988362669771626,1151.7805
1675988362769245480,1151.7832
1675988362868785272,1151.7854
1675988362969646522,1151.7788
1675988363069498137,1151.7764
1675988363169364543,1151.7664
1675988363268844386,1151.7573
1675988363369620793,1151.7725
1675988363469575168,1151.7764
1675988363569317720,1151.7678
1675988363669133761,1151.7739
1675988363769040011,1151.7705
1675988363868661678,1151.7715
1675988363968519022,1151.7788
1675988364068973345,1151.7805
1675988364169132094,1151.7881
1675988364268986678,1151.7966
1675988364369155271,1151.7957
1675988364468853032,1151.7959
1675988364569113292,1151.791
1675988364669128917,1151.7898
1675988364770156313,1151.7925
1675988364870311365,1151.7922
1675988364969834386,1151.7922
1675988365069139490,1151.7849
1675988365169933605,1151.7808
1675988365269469386,1151.7847
1675988365369505688,1151.7776
1675988365469374750,1151.7773
1675988365569142667,1151.7822
1675988365669783969,1151.7778
1675988365769501573,1151.78
1675988365869631990,1151.7834
1675988365968529281,1151.7783
1675988366070559750,1151.7793
1675988366168963396,1151.7854
1675988366269478917,1151.783
1675988366369561989,1151.7744
1675988366470164125,1151.7778
1675988366568579541,1151.7817
1675988366670111416,1151.7854
1675988366769207771,1151.7852
1675988366869568031,1151.7761
1675988366969949177,1151.7778
1675988367068962458,1151.7817
1675988367168901208,1151.7803
1675988367268998083,1151.7827
1675988367368750947,1151.7876
1675988367470502927,1151.7922
1675988367568147510,1151.7905
1675988367669337926,1151.79
1675988367768688708,1151.78
1675988367869409124,1151.779
1675988367968417510,1151.7859
1675988368069084541,1151.7854
1675988368168967562,1151.7825
1675988368268824957,1151.7893
1675988368370212562,1151.7949
1675988368468844384,1151.8081
1675988368568668603,1151.8069
1675988368668892770,1151.8105
1675988368769533603,1151.804
1675988368868934593,1151.804
1675988368969673551,1151.8008
1675988369069613030,1151.8013
1675988369168861624,1151.8213
1675988369268791415,1151.8118
1675988369369177092,1151.7996
1675988369468851155,1151.7942
1675988369569328342,1151.78
1675988369669165426,1151.7668
1675988369769201571,1151.751
1675988369869153290,1151.75
1675988369969624176,1151.7461
1675988370069044748,1151.7395
1675988370169988811,1151.7375
1675988370269935686,1151.7417
1675988370369235634,1151.7407
1675988370469167821,1151.7407
1675988370569018446,1151.7402
1675988370668582300,1151.7385
1675988370769242040,1151.742
1675988370869056154,1151.7478
1675988370969119748,1151.7441
1675988371068623290,1151.7434
1675988371169100165,1151.7358
1675988371268718342,1151.7307
1675988371369546623,1151.738
1675988371469218446,1151.7471
1675988371570009019,1151.7495
1675988371669622456,1151.7529
1675988371769519175,1151.7605
1675988371870202039,1151.7695
1675988371968694800,1151.7693
1675988372068597196,1151.7654
1675988372169882404,1151.7649
1675988372268751727,1151.7571
1675988372371102925,1151.7473
1675988372468702195,1151.7295
1675988372568758341,1151.7197
1675988372669021154,1151.7183
1675988372769413081,1151.7234
1675988372868705424,1151.7234
1675988372968676570,1151.7148
1675988373069951049,1151.7126
1675988373169708393,1151.7109
1675988373268833914,1151.7092
1675988373369077716,1151.7036
1675988373470115737,1151.6892
1675988373569755685,1151.6719
1675988373669963289,1151.6555
1675988373769555060,1151.6511
1675988373869763289,1151.6494
1675988373969740372,1151.6562
1675988374069935424,1151.6609
1675988374169805372,1151.6704
1675988374269467611,1151.6853
1675988374369603913,1151.6838
1675988374469396049,1151.6943
1675988374569492663,1151.7361
1675988374670074434,1151.7463
1675988374769237507,1151.7385
1675988374870046309,1151.7305
1675988374969201570,1151.7224
1675988375070215997,1151.7141
1675988375168764226,1151.6982
1675988375270056413,1151.686
1675988375368903340,1151.6909
1675988375470013965,1151.6934
1675988375568421257,1151.6875
1675988375669198444,1151.6863
1675988375768816153,1151.6946
1675988375869289590,1151.7002
1675988375968721048,1151.7043
1675988376069570423,1151.7117
1675988376169015059,1151.7188
1675988376269553913,1151.7214
1675988376370110736,1151.718
1675988376469171934,1151.7083
1675988376568349902,1151.7036
1675988376669038756,1151.7029
1675988376768639225,1151.7029
1675988376869008808,1151.6975
1675988376968755788,1151.6885
1675988377068786256,1151.696
1675988377168558548,1151.6978
1675988377269547506,1151.7097
1675988377369343600,1151.7144
1675988377469325579,1151.7283
1675988377569637037,1151.7288
1675988377670237506,1151.7305
1675988377768511881,1151.7346
1675988377870111673,1151.7334
1675988377969406100,1151.7317
1675988378069542818,1151.7314
1675988378168915370,1151.74
1675988378269805370,1151.7263
1675988378369120579,1151.7139
1675988378469533183,1151.7097
1675988378568823235,1151.7029
1675988378668947245,1151.7007
1675988378769256047,1151.7117
1675988378869629224,1151.7085
1675988378969290318,1151.7126
1675988379069902037,1151.7168
1675988379169194589,1151.728
1675988379269885318,1151.7314
1675988379369128495,1151.7385
1675988379469944432,1151.7397
1675988379568812297,1151.7385
1675988379668629328,1151.741
1675988379769058495,1151.7346
1675988379868763859,1151.7363
1675988379968897453,1151.7498
1675988380069912193,1151.737
1675988380170058130,1151.7434
1675988380269106307,1151.7463
1675988380369699120,1151.7368
1675988380469875786,1151.7417
1675988380568949276,1151.7375
1675988380669298859,1151.7375
1675988380769051046,1151.7341
1675988380869154171,1151.7375
1675988380969086255,1151.7444
1675988381069603546,1151.7427
1675988381170237453,1151.7429
1675988381269790786,1151.7344
1675988381368511827,1151.7366
1675988381469593859,1151.7339
1675988381568327088,1151.7358
1675988381669101307,1151.7312
1675988381768290629,1151.727
1675988381869530369,1151.7217
1675988381968760838,1151.7227
1675988382069570890,1151.7241
1675988382168974327,1151.7263
1675988382269004327,1151.7297
1675988382370960473,1151.7329
1675988382470248754,1151.7383
1675988382569341254,1151.7368
1675988382669744431,1151.739
1675988382769161202,1151.742
1675988382869874692,1151.7451
1675988382969968025,1151.7432
1675988383069062712,1151.7417
1675988383169193337,1151.7451
1675988383269605785,1151.738
1675988383374135629,1151.7341
1675988383469320264,1151.7363
1675988383570049431,1151.737
1675988383669283650,1151.7417
1675988383769755629,1151.7358
1675988383869171410,1151.7412
1675988383968668181,1151.7454
1675988384069136879,1151.7405
1675988384168593910,1151.7422
1675988384269714222,1151.7449
1675988384369238962,1151.7512
1675988384469833076,1151.7617
1675988384568643493,1151.7627
1675988384668960316,1151.7627
1675988384769133441,1151.7651
1675988384869791357,1151.7607
1675988384969114847,1151.7524
1675988385070238805,1151.75
1675988385169635159,1151.749
1675988385269767711,1151.748
1675988385368684534,1151.7473
1675988385470025055,1151.7756
1675988385568433388,1151.7788
1675988385670107034,1151.79
1675988385769281149,1151.7974
1675988385869294638,1151.8027
1675988385968924899,1151.7993
1675988386069034169,1151.79
1675988386170247294,1151.79
1675988386268915263,1151.7844
1675988386369866721,1151.7876
1675988386468787867,1151.7798
1675988386568598388,1151.7747
1675988386668889221,1151.78
1675988386768880784,1151.7825
1675988386870058596,1151.7781
1675988386969396825,1151.7798
1675988387069289169,1151.7778
1675988387169195367,1151.7793
1675988387269986148,1151.7786
1675988387368983023,1151.7832
1675988387469522190,1151.7854
1675988387569055002,1151.7793
1675988387669384481,1151.769
1675988387769394221,1151.769
1675988387870014638,1151.7722
1675988387969999065,1151.7693
1675988388069056877,1151.7654
1675988388168896148,1151.7649
1675988388269016721,1151.7661
1675988388370839898,1151.77
1675988388468553856,1151.7708
1675988388569453700,1151.7769
1675988388669168856,1151.7769
1675988388768845471,1151.782
1675988388868703752,1151.7917
1675988388969353543,1151.8
1675988389068904325,1151.7979
1675988389169015106,1151.8062
1675988389269467814,1151.8118
1675988389370550939,1151.8108
1675988389470243387,1151.8032
1675988389568650106,1151.804
1675988389669002553,1151.7961
1675988389769962345,1151.7876
1675988389869481772,1151.7874
1675988389970116095,1151.7815
1675988390069214897,1151.779
1675988390170381251,1151.7817
1675988390268898751,1151.7817
1675988390369194480,1151.7847
1675988390469901459,1151.7815
1675988390568598074,1151.7849
1675988390668618334,1151.7874
1675988390769681668,1151.7893
1675988390869211772,1151.8057
1675988390968999845,1151.7876
1675988391069767449,1151.801
1675988391168744220,1151.8015
1675988391268891303,1151.7979
1675988391368943595,1151.7947
1675988391469683074,1151.7983
1675988391569542709,1151.7983
1675988391669016459,1151.7964
1675988391769704480,1151.8057
1675988391868860886,1151.8047
1675988391969185521,1151.8069
1675988392069243542,1151.8093
1675988392168858438,1151.8127
1675988392269551355,1151.8147
1675988392369292292,1151.8103
1675988392469209375,1151.8074
1675988392568780677,1151.8074
1675988392669210990,1151.8074
1675988392769919584,1151.7979
1675988392869521927,1151.794
1675988392968645938,1151.7896
1675988393070203542,1151.78
1675988393168795625,1151.78
1675988393269997969,1151.7781
1675988393369773385,1151.7905
1675988393470368177,1151.8
1675988393568651510,1151.8108
1675988393669955417,1151.823
1675988393768857812,1151.8235
1675988393869085989,1151.8193
1675988393968995989,1151.8267
1675988394069244166,1151.824
1675988394170067812,1151.8176
1675988394269532343,1151.8186
1675988394368764479,1151.8108
1675988394469090364,1151.8088
1675988394568633333,1151.802
1675988394669160156,1151.8083
1675988394768977708,1151.8091
1675988394868901458,1151.8154
1675988394969329531,1151.8181
1675988395069688645,1151.8115
1675988395169738593,1151.81
1675988395268896458,1151.81
1675988395369150260,1151.8088
1675988395469494374,1151.8103
1675988395569072655,1151.8152
1675988395669160832,1151.802
1675988395769565676,1151.8018
1675988395869760520,1151.8044
1675988395969145155,1151.7954
1675988396069322239,1151.8032
1675988396169808801,1151.8083
1675988396269003332,1151.8137
1675988396369371770,1151.8071
1675988396469693645,1151.8137
1675988396568770207,1151.8137
1675988396670082863,1151.8257
1675988396769521197,1151.8357
1675988396868855572,1151.8389
1675988396969148436,1151.8379
1675988397069228749,1151.8257
1675988397168850936,1151.8303
1675988397270506874,1151.8308
1675988397369173280,1151.8218
1675988397468702498,1151.8264
1675988397568825519,1151.8296
1675988397668617550,1151.8225
1675988397769212759,1151.8193
1675988397869720363,1151.8218
1675988397970079842,1151.8286
1675988398069015571,1151.8357
1675988398169804009,1151.833
1675988398268970415,1151.8293
1675988398369376404,1151.831
1675988398469015831,1151.8281
1675988398569876196,1151.8274
1675988398669450988,1151.8374
1675988398769507602,1151.8298
1675988398868508227,1151.8228
1675988398971210779,1151.8235
1675988399070046508,1151.8181
1675988399168404998,1151.8186
1675988399268826404,1151.8176
1675988399368800258,1151.8184
1675988399468883227,1151.8225
1675988399568641716,1151.8276
1675988399669044633,1151.8372
1675988399768654841,1151.8323
1675988399868785883,1151.8293
1675988399969818800,1151.8323
1675988400068961247,1151.8279
1675988400168858122,1151.8267
1675988400269241768,1151.8247
1675988400369849997,1151.8247
1675988400468531560,1151.8284
1675988400568916716,1151.8284
1675988400669325570,1151.8291
1675988400769737497,1151.8269
1675988400869202185,1151.8279
1675988400968757549,1151.8301
1675988401069606091,1151.8269
1675988401169049164,1151.8247
1675988401269295934,1151.8389
1675988401369463278,1151.8396
1675988401468998434,1151.8423
1675988401568864580,1151.8442
1675988401669430570,1151.8582
1675988401769673643,1151.8684
1675988401869338538,1151.8691
1675988401969806715,1151.886
1675988402069356976,1151.9204
1675988402170293174,1151.9265
1675988402269665309,1151.9226
1675988402369158069,1151.9084
1675988402469112653,1151.9045
1675988402569006715,1151.8896
1675988402669869892,1151.8782
1675988402768823955,1151.8723
1675988402869157236,1151.8809
1675988402968826923,1151.8809
1675988403069480048,1151.8914
1675988403168459423,1151.9087
1675988403269222757,1151.9146
1675988403368594111,1151.9326
1675988403469102027,1151.9424
1675988403568639371,1151.9551
1675988403670400309,1151.9612
1675988403768768590,1151.9619
1675988403869000986,1151.9604
1675988403970064215,1151.9597
1675988404069109215,1151.9634
1675988404168949892,1151.9612
1675988404268949319,1151.9492
1675988404368825308,1151.9487
1675988404468277392,1151.9487
1675988404568625517,1151.9409
1675988404669191610,1151.9346
1675988404769001610,1151.9309
1675988404869775516,1151.9336
1675988404968885048,1151.9253
1675988405069689006,1151.9233
1675988405168810725,1151.9382
1675988405269501870,1151.9529
1675988405369710620,1151.9526
1675988405468855464,1151.9512
1675988405568748381,1151.9514
1675988405668860672,1151.9495
1675988405769041714,1151.9502
1675988405869254006,1151.9541
1675988405968915516,1151.9543
1675988406069265203,1151.9541
1675988406170348693,1151.9495
1675988406269770308,1151.9558
1675988406370143016,1151.9543
1675988406473811245,1151.9639
1675988406570168016,1151.9685
1675988406668738328,1151.9746
1675988406770525151,1151.9836
1675988406868923589,1151.9846
1675988406969317807,1151.9893
1675988407069905932,1151.9895
1675988407169110932,1151.9822
1675988407269388432,1151.9714
1675988407370116036,1151.9739
1675988407469208276,1151.9951
1675988407570066557,1151.9773
1675988407668708276,1151.9739
1675988407769579838,1151.967
1675988407868759578,1151.967
1675988407970321869,1151.9634
1675988408069190984,1151.9719
1675988408169506401,1151.9785
1675988408269350880,1151.977
1675988408368919734,1151.977
1675988408469349682,1151.9802
1675988408568589265,1151.9878
1675988408669104994,1151.9932
1675988408768985098,1151.9885
1675988408869891765,1151.9929
1675988408968905150,1151.9951
1675988409069091765,1151.9924
1675988409168781088,1151.9905
1675988409268914473,1151.991
1675988409368423327,1151.9846
1675988409469404525,1151.9849
1675988409568953848,1151.9851
1675988409669926765,1151.9873
1675988409769838640,1151.988
1675988409869213952,1151.9827
1675988409968917494,1151.988
1675988410069389421,1151.9868
1675988410169934421,1151.991
1675988410271292546,1151.9863
1675988410369275150,1151.9924
1675988410473625254,1151.989
1675988410568723223,1151.9934
1675988410671895202,1151.9927
1675988410768753223,1152.0027
1675988410871914368,1152.0
1675988410968545462,1152.0049
1675988411073498431,1152.009
1675988411169759056,1152.0242
1675988411269096087,1152.0176
1675988411368766712,1152.0132
1675988411478553326,1152.021
1675988411568587076,1152.0176
1675988411670911920,1152.0164
1675988411769023535,1152.0156
1675988411870690722,1152.0085
1675988411970650305,1152.012
1675988412069079889,1152.0117
1675988412168688118,1152.0
1675988412270039420,1152.0049
1675988412369513586,1152.0049
1675988412469165566,1152.0105
1675988412568359628,1152.0032
1675988412668603951,1151.9949
1675988412769277649,1151.9958
1675988412869852180,1151.992
1675988412969811086,1152.0173
1675988413069765982,1152.0042
1675988413168942232,1152.0254
1675988413269927440,1152.0359
1675988413369213274,1152.0371
1675988413469876399,1152.0327
1675988413568783846,1152.0239
1675988413668816034,1152.0168
1675988413769175409,1152.019
1675988413869033638,1152.0098
1675988413969313273,1152.0032
1675988414069494523,1151.9983
1675988414168931034,1151.9988
1675988414268689419,1151.998
1675988414369108482,1152.001
1675988414469176815,1151.9983
1675988414568844002,1152.0032
1675988414669088690,1152.0071
1675988414769112231,1152.0056
1675988414868945096,1152.0068
1675988414969031450,1152.0068
1675988415070397700,1152.0017
1675988415169007544,1152.0034
1675988415269258065,1151.9985
1675988415369858742,1152.0083
1675988415468989679,1151.9988
1675988415569442648,1151.9946
1675988415669383221,1151.9912
1675988415769861502,1151.9912
1675988415868762700,1151.9917
1675988415970072908,1151.9893
1675988416068706918,1151.989
1675988416169035304,1151.9973
1675988416269002023,1151.9973
1675988416369380877,1152.0059
1675988416470163793,1152.0037
1675988416568830304,1152.0068
1675988416668801970,1152.0061
1675988416768944158,1151.9968
1675988416869483220,1152.0037
1675988416968494887,1152.001
1675988417068842126,1151.9971
1675988417168571241,1151.9998
1675988417268667908,1152.0022
1675988417368532908,1152.0029
1675988417468849574,1151.9934
1675988417568337907,1151.9976
1675988417669064522,1151.9973
1675988417769266501,1152.0024
1675988417868833220,1152.0161
