1675988297435740610
1675988297475088214
1675988297515085609
1675988297555637797
1675988297595782901
1675988297655386391
1675988297697461755
1675988297736081807
1675988297776111807
1675988297815890349
1675988297855656182
1675988297915418266
1675988297955226286
1675988297995745505
1675988298035603682
1675988298076611495
1675988298136163995
1675988298174889828
1675988298215122693
1675988298255813161
1675988298295367172
1675988298335368890
1675988298395729047
1675988298435089724
1675988298475944099
1675988298515382120
1675988298555388265
1675988298595147640
1675988298655038890
1675988298695286963
1675988298736259880
1675988298776031807
1675988298816512484
1675988298875287588
1675988298915670505
1675988298956549776
1675988298996130869
1675988299036835869
1675988299075573578
1675988299136747171
1675988299176626182
1675988299215763734
1675988299255195453
1675988299296743994
1675988299336193057
1675988299395978473
1675988299435709984
1675988299476687640
1675988299516309098
1675988299556761077
1675988299616623473
1675988299656094150
1675988299696250192
1675988299736613004
1675988299776372692
1675988299816470192
1675988299875935713
1675988299916081859
1675988299956539515
1675988299995952484
1675988300035621859
1675988300075693317
1675988300135144931
1675988300175509358
1675988300216090608
1675988300255226129
1675988300295942952
1675988300355487015
1675988300396337588
1675988300435847900
1675988300476380713
1675988300515848004
1675988300556364619
1675988300615547379
1675988300656434046
1675988300695569046
1675988300735903890
1675988300776229202
1675988300815893785
1675988300876613108
1675988300915780921
1675988300955953889
1675988300997174566
1675988301037173421
1675988301095992275
1675988301138699046
1675988301176808993
1675988301218796077
1675988301255922952
1675988301295172952
1675988301355010191
1675988301394903941
1675988301435639202
1675988301476798837
1675988301515874723
1675988301556014775
1675988301615499202
1675988301656052483
1675988301695490087
1675988301736385087
1675988301775862014
1675988301836612483
1675988301876966337
1675988301915732379
1675988301955569618
1675988301995604358
1675988302035519462
1675988302096127483
1675988302134986910
1675988302175225191
1675988302214853785
1675988302254997066
1675988302295360972
1675988302355036076
1675988302395036753
1675988302435411285
1675988302475284462
1675988302515241701
1675988302575252639
1675988302614779149
1675988302654981337
1675988302695232170
1675988302734959722
1675988302774978993
1675988302834941649
1675988302875166232
1675988302914925920
1675988302955576701
1675988302994964201
1675988303036345139
1675988303097954774
1675988303137932066
1675988303178238472
1675988303218084722
1675988303258475139
1675988303317955295
1675988303358257951
1675988303398278836
1675988303439109878
1675988303478117899
1675988303517969513
1675988303577937065
1675988303617853628
1675988303658093940
1675988303697872795
1675988303738083576
1675988303797551857
1675988303837741597
1675988303878893003
1675988303918377795
1675988303958177065
1675988303998230086
1675988304058152847
1675988304098197951
1675988304138601180
1675988304177845503
1675988304218160607
1675988304258203107
1675988304318260659
1675988304358413940
1675988304398491440
1675988304437865659
1675988304478442951
1675988304538179409
1675988304577969565
1675988304618496232
1675988304658421648
1675988304698230919
1675988304737809305
1675988304798644878
1675988304838593367
1675988304878141440
1675988304919333211
1675988304958906023
1675988304999785867
1675988305058183627
1675988305098248627
1675988305138180450
1675988305178168992
1675988305218581492
1675988305278140554
1675988305318143992
1675988305358221284
1675988305398070190
1675988305438093159
1675988305477977013
1675988305538186023
1675988305578338315
1675988305618807638
1675988305658882221
1675988305698319096
1675988305738086544
1675988305798325190
1675988305838365502
1675988305877948158
1675988305918374460
1675988305958842273
1675988306018995033
1675988306058581335
1675988306097868315
1675988306139412221
1675988306179117325
1675988306219031283
1675988306278736544
1675988306318310450
1675988306358590294
1675988306398249825
1675988306439019825
1675988306478120554
1675988306538259981
1675988306578646023
1675988306618144877
1675988306658137793
1675988306698239043
1675988306758226075
1675988306798704512
1675988306838177481
1675988306878522116
1675988306918188158
1675988306957868262
1675988307018533523
1675988307057867325
1675988307098264252
1675988307139207220
1675988307177862220
1675988307218667481
1675988307277819356
1675988307318022220
1675988307358915033
1675988307398748991
1675988307439623522
1675988307497884043
1675988307539371126
1675988307578663418
1675988307618031074
1675988307658243991
1675988307698071439
1675988307758507533
1675988307797846491
1675988307838196491
1675988307877823470
1675988307919178991
1675988307958560397
1675988308019096074
1675988308059054980
1675988308098222012
1675988308138183626
1675988308177972585
1675988308237997168
1675988308279155970
1675988308318573470
1675988308358765137
1675988308398251282
1675988308439040345
1675988308498279512
1675988308538133887
1675988308578140084
1675988308618278314
1675988308658515866
1675988308699138626
1675988308759289564
1675988308799323314
1675988308839408261
1675988308879079511
1675988308918247324
1675988308979068730
1675988309019049407
1675988309058416803
1675988309098087845
1675988309138147636
1675988309178991490
1675988309238385813
1675988309279408730
1675988309318160865
1675988309358469720
1675988309398832272
1675988309438663001
1675988309498360449
1675988309538167272
1675988309578181803
1675988309618490865
1675988309657831751
1675988309717892271
1675988309758200709
1675988309798320396
1675988309837996021
1675988309877895032
1675988309917893469
1675988309977976334
1675988310018086334
1675988310058201751
1675988310098259615
1675988310138611334
1675988310197818573
1675988310238312636
1675988310277724928
1675988310317868157
1675988310357781282
1675988310398213105
1675988310458180657
1675988310497817480
1675988310539071334
1675988310578171282
1675988310619423834
1675988310658379615
1675988310718279042
1675988310759037115
1675988310798064042
1675988310839688781
1675988310879697063
1675988310937844511
1675988310979391073
1675988311019015031
1675988311059022844
1675988311098094094
1675988311138400240
1675988311198183104
1675988311238054823
1675988311277892010
1675988311318237531
1675988311358066281
1675988311398446490
1675988311459229042
1675988311498448260
1675988311538535292
1675988311578449615
1675988311619550604
1675988311679367844
1675988311717961489
1675988311758042167
1675988311797781594
1675988311839039406
1675988311879000604
1675988311938139146
1675988311978305135
1675988312018030969
1675988312058153312
1675988312099814146
1675988312138583781
1675988312199001541
1675988312238167218
1675988312278150916
1675988312318703729
1675988312359006958
1675988312418995031
1675988312458984302
1675988312497834770
1675988312539082427
1675988312578258000
1675988312618992114
1675988312678695291
1675988312718083468
1675988312758062687
1675988312798158208
1675988312838406645
1675988312878062322
1675988312938145031
1675988312978369458
1675988313018328937
1675988313057760656
1675988313097991333
1675988313157731958
1675988313197920395
1675988313237777531
1675988313277847166
1675988313318219093
1675988313358197531
1675988313418471853
1675988313457976124
1675988313498058624
1675988313537832739
1675988313578100708
1675988313618093155
1675988313677767374
1675988313718551853
1675988313757712635
1675988313798769718
1675988313838106228
1675988313898843884
1675988313938175343
1675988313978670707
1675988314018170499
1675988314059027374
1675988314098932947
1675988314159051853
1675988314199074822
1675988314237873051
1675988314278888624
1675988314318380447
1675988314358495030
1675988314418465759
1675988314458257999
1675988314497780499
1675988314538169249
1675988314578617895
1675988314638621072
1675988314678982270
1675988314717781801
1675988314759021228
1675988314799017738
1675988314839068155
1675988314898956488
1675988314937816436
1675988314978982113
1675988315019494613
1675988315059157947
1675988315098719613
1675988315157850915
1675988315197810499
1675988315237811019
1675988315277806644
1675988315318188103
1675988315377810811
1675988315417993884
1675988315458851853
1675988315497783051
1675988315537829301
1675988315578110551
1675988315638787842
1675988315678161644
1675988315718558675
1675988315758342217
1675988315798050498
1675988315838375550
1675988315898190394
1675988315937868675
1675988315978157425
1675988316018171436
1675988316058949561
1675988316118990394
1675988316157817165
1675988316198875602
1675988316238323311
1675988316278330134
1675988316318824665
1675988316379329613
1675988316419324352
1675988316459634821
1675988316498578571
1675988316538297686
1675988316598650967
1675988316638896488
1675988316678268675
1675988316717709665
1675988316758111644
1675988316799406904
1675988316859364821
1675988316899371279
1675988316937800550
1675988316977768310
1675988317019579821
1675988317057964456
1675988317118055133
1675988317158071487
1675988317198038571
1675988317238124508
1675988317278218414
1675988317338066748
1675988317378470498
1675988317418622841
1675988317458137477
1675988317497724300
1675988317538158987
1675988317597697841
1675988317637875706
1675988317678010237
1675988317718925862
1675988317758421487
1675988317798554091
1675988317858048050
1675988317898918675
1675988317937867373
1675988317978166435
1675988318017786591
1675988318077685081
1675988318118023362
1675988318157797268
1675988318198089664
1675988318238098154
1675988318278211695
1675988318337745654
1675988318377747893
1675988318418240914
1675988318458004560
1675988318498010445
1675988318538659143
1675988318598305966
1675988318637816904
1675988318678735185
1675988318718061018
1675988318757784299
1675988318817997581
1675988318858011435
1675988318897679091
1675988318937692893
1675988318977688674
1675988319018785393
1675988319077760810
1675988319117813987
1675988319157717841
1675988319198112320
1675988319238235028
1675988319278775966
1675988319338408049
1675988319377739299
1675988319417752632
1675988319458556851
1675988319498129612
1675988319558416955
1675988319598055289
1675988319638135601
1675988319678093882
1675988319718002528
1675988319758076486
1675988319818166747
1675988319858100809
1675988319897967736
1675988319938913309
1675988319979594507
1675988320018038726
1675988320078103361
1675988320118094715
1675988320157801070
1675988320198371382
1675988320239261486
1675988320297802840
1675988320339431434
1675988320378126955
1675988320417792163
1675988320457676851
1675988320498497788
1675988320557808569
1675988320598036069
1675988320638069871
1675988320678277840
1675988320718874507
1675988320757748830
1675988320818038569
1675988320859001382
1675988320898158621
1675988320938899507
1675988320978007267
1675988321038920028
1675988321078012580
1675988321118848153
1675988321158877684
1675988321199235236
1675988321238851590
1675988321298863569
1675988321338025236
1675988321379227788
1675988321418108725
1675988321458332319
1675988321498680392
1675988321557694767
1675988321598969350
1675988321637673621
1675988321678046746
1675988321717718621
1675988321777641486
1675988321818437840
1675988321857683569
1675988321897991642
1675988321938248361
1675988321978020756
1675988322037997319
1675988322078364663
1675988322117718048
1675988322157676277
1675988322198043829
1675988322238008777
1675988322297989402
1675988322338107683
1675988322378060704
1675988322418352892
1675988322458120548
1675988322517669610
1675988322557692371
1675988322597658933
1675988322638566694
1675988322678296954
1675988322718701433
1675988322778249089
1675988322818870027
1675988322858799766
1675988322897965131
1675988322937691329
1675988322998601954
1675988323038533048
1675988323078181016
1675988323118896173
1675988323158069454
1675988323197993933
1675988323258140027
1675988323298031120
1675988323338033725
1675988323379158620
1675988323419152995
1675988323457942266
1675988323518817422
1675988323558098620
1675988323598067475
1675988323638853881
1675988323678909870
1675988323737804037
1675988323777767579
1675988323817659141
1675988323857952735
1675988323897793724
1675988323938293151
1675988323997689297
1675988324038046849
1675988324078301485
1675988324117955026
1675988324158459662
1675988324198887370
1675988324257656433
1675988324297952735
1675988324337693360
1675988324378004089
1675988324417801693
1675988324477977683
1675988324518942891
1675988324557983203
1675988324597682787
1675988324638855964
1675988324679132370
1675988324738055807
1675988324778006120
1675988324819117578
1675988324859144922
1675988324898368776
1675988324938214766
1675988324998933203
1675988325038869089
1675988325078260391
1675988325117594714
1675988325158414557
1675988325218853880
1675988325257976641
1675988325298752213
1675988325338193151
1675988325377628411
1675988325418223724
1675988325477523411
1675988325518246172
1675988325558605390
1675988325598890755
1675988325638811432
1675988325679005078
1675988325738773515
1675988325777707734
1675988325820551849
1675988325857956015
1675988325897697890
1675988325957877213
1675988325997824453
1675988326037998307
1675988326077978255
1675988326118398359
1675988326158131796
1675988326217986224
1675988326257966849
1675988326298012057
1675988326338843046
1675988326378098359
1675988326417970390
1675988326478886536
1675988326517940078
1675988326557755025
1675988326597630286
1675988326637598203
1675988326698124088
1675988326738504609
1675988326777679973
1675988326819148984
1675988326858270807
1675988326899160650
1675988326958044609
1675988326997711952
1675988327037590182
1675988327077622369
1675988327117961223
1675988327157834140
1675988327218782317
1675988327257660286
1675988327297650025
1675988327337587213
1675988327377873411
1675988327437559661
1675988327477981015
1675988327517886796
1675988327557942786
1675988327598252681
1675988327637922577
1675988327697984921
1675988327738030129
1675988327777807317
1675988327817591692
1675988327857672160
1675988327898116900
1675988327957582733
1675988327997656952
1675988328037505702
1675988328077803514
1675988328119050754
1675988328177675806
1675988328217631744
1675988328258257369
1675988328298767316
1675988328337942108
1675988328377687994
1675988328438754244
1675988328478787629
1675988328518736900
1675988328558004556
1675988328598301691
1675988328638857577
1675988328698767108
1675988328738774920
1675988328777656118
1675988328818748254
1675988328859374973
1675988328918825650
1675988328957795129
1675988328999411900
1675988329038998410
1675988329077569347
1675988329118823358
1675988329178786535
1675988329218718618
1675988329257975233
1675988329298456118
1675988329338278045
1675988329397544191
1675988329438124191
1675988329479384035
1675988329517992524
1675988329558290129
1675988329597847576
1675988329657559608
1675988329698185389
1675988329738184347
1675988329778621483
1675988329818903201
1675988329858032628
1675988329918348930
1675988329958577576
1675988329997692941
1675988330038811535
1675988330078751639
1675988330138748982
1675988330178041639
1675988330218695180
1675988330258212316
1675988330299048462
1675988330339054347
1675988330397660337
1675988330437533722
1675988330477859711
1675988330518712993
1675988330558101743
1675988330597569764
1675988330657678461
1675988330697787420
1675988330737990076
1675988330777845388
1675988330817552263
1675988330877512316
1675988330918571326
1675988330957491482
1675988330997845076
1675988331037775909
1675988331077814607
1675988331138086482
1675988331177540440
1675988331217850284
1675988331257593461
1675988331297461742
1675988331337852680
1675988331397572107
1675988331438349972
1675988331478796169
1675988331517715180
1675988331557574867
1675988331617667524
1675988331658706221
1675988331697851065
1675988331739127107
1675988331778144451
1675988331817879138
1675988331878033044
1675988331917859242
1675988331957791013
1675988331998095336
1675988332037741065
1675988332078788930
1675988332138635284
1675988332178782315
1675988332217587055
1675988332257759659
1675988332298045909
1675988332357968513
1675988332397558669
1675988332438086898
1675988332477906638
1675988332519402159
1675988332558117992
1675988332618540023
1675988332658252627
1675988332698668565
1675988332738677263
1675988332777710284
1675988332817832523
1675988332877592002
1675988332918556065
1675988332958320648
1675988332997781377
1675988333037781481
1675988333097524658
1675988333139224606
1675988333178011638
1675988333217862835
1675988333257523200
1675988333297781481
1675988333357512471
1675988333397373304
1675988333440292679
1675988333480395648
1675988333520461794
1675988333560699189
1675988333620530075
1675988333661175283
1675988333700504762
1675988333740887002
1675988333780580908
1675988333840970804
1675988333881229033
1675988333921228669
1675988333960353981
1675988334000325023
1675988334040326325
1675988334101264033
1675988334140951377
1675988334181428929
1675988334221157314
1675988334261204345
1675988334301089970
1675988334360878564
1675988334401726481
1675988334441087835
1675988334480497627
1675988334520632522
1675988334581084814
1675988334620825595
1675988334660949137
1675988334700380595
1675988334740415439
1675988334780542106
1675988334841713356
1675988334880809241
1675988334921660387
1675988334960519918
1675988335000541793
1675988335040574606
1675988335100831376
1675988335140818772
1675988335180834606
1675988335220826481
1675988335260602366
1675988335321635178
1675988335360479710
1675988335400972366
1675988335440668095
1675988335480610439
1675988335520496324
1675988335580412001
1675988335620531480
1675988335660906324
1675988335700862939
1675988335740277730
1675988335800590959
1675988335840297834
1675988335880518512
1675988335922015282
1675988335960900334
1675988336000829761
1675988336060262209
1675988336100753564
1675988336140708251
1675988336181573459
1675988336220775334
1675988336260336324
1675988336320256793
1675988336360559709
1675988336400479397
1675988336440385959
1675988336480726897
1675988336540424918
1675988336580469865
1675988336621030907
1675988336660667938
1675988336701949605
1675988336740325438
1675988336800642938
1675988336840272157
1675988336881654657
1675988336921135438
1675988336960866272
1675988337000463980
1675988337060260126
1675988337100493042
1675988337140461376
1675988337180459344
1675988337221975178
1675988337280705959
1675988337320825178
1675988337360464553
1675988337401048146
1675988337440774240
1675988337480892886
1675988337540294657
1675988337580166167
1675988337621244553
1675988337660801688
1675988337700431480
1675988337740475438
1675988337800392261
1675988337840466740
1675988337881026167
1675988337921098459
1675988337960990594
1675988338020329032
1675988338061354761
1675988338100643563
1675988338141196844
1675988338180921844
1675988338220987469
1675988338280363511
1675988338320158511
1675988338361607417
1675988338400733823
1675988338441444813
1675988338481637104
1675988338540443198
1675988338580222156
1675988338620450125
1675988338661113094
1675988338701848198
1675988338760367625
1675988338800781635
1675988338840389031
1675988338880208667
1675988338920400021
1675988338960589031
1675988339020291062
1675988339060430333
1675988339100237417
1675988339140610437
1675988339180470542
1675988339220718614
1675988339280218823
1675988339320166062
1675988339361019291
1675988339401109812
1675988339441021843
1675988339500980125
1675988339540348198
1675988339580437989
1675988339620462468
1675988339661654916
1675988339700539031
1675988339760379395
1675988339800386531
1675988339841393875
1675988339880761531
1675988339921648041
1675988339961113458
1675988340020417468
1675988340060375177
1675988340100689239
1675988340140647624
1675988340181818406
1675988340240792572
1675988340280352208
1675988340320298458
1675988340360155801
1675988340400394760
1675988340440416947
1675988340500240801
1675988340540265801
1675988340580537624
1675988340620220228
1675988340660716947
1675988340701507781
1675988340760309499
1675988340800466218
1675988340840507624
1675988340880532728
1675988340920346739
1675988340980664447
1675988341020315749
1675988341060159291
1675988341100582051
1675988341140442051
1675988341180747364
1675988341240428405
1675988341280503457
1675988341320225124
1675988341360530437
1675988341400930332
1675988341441363405
1675988341500383666
1675988341540453249
1675988341581083666
1675988341620329343
1675988341660403770
1675988341720670853
1675988341760334551
1675988341800365853
1675988341840173718
1675988341880514134
1675988341920318197
1675988341981162103
1675988342020527884
1675988342060146426
1675988342100604707
1675988342140472415
1675988342201270853
1675988342240384290
1675988342280878665
1675988342320418040
1675988342360273665
1675988342400169863
1675988342460376061
1675988342500324863
1675988342540586946
1675988342580226217
1675988342620246321
1675988342660332103
1675988342720759498
1675988342761243353
1675988342800364082
1675988342840748092
1675988342880463040
1675988342940292832
1675988342981391790
1675988343020678196
1675988343060276373
1675988343100284030
1675988343140342675
1675988343200585852
1675988343240690071
1675988343280801009
1675988343320198925
1675988343360381373
1675988343400649759
1675988343460692363
1675988343501611061
1675988343540219186
1675988343580860748
1675988343620734602
1675988343680280436
1675988343720637050
1675988343760342675
1675988343800260644
1675988343840694290
1675988343880195592
1675988343941519602
1675988343981667102
1675988344021615123
1675988344060324081
1675988344100408092
1675988344140863613
1675988344201583404
1675988344240655123
1675988344281966373
1675988344320587467
1675988344360456060
1675988344420102831
1675988344461580852
1675988344500604602
1675988344540669185
1675988344580278404
1675988344620396685
1675988344680587779
1675988344720286269
1675988344760793977
1675988344800260487
1675988344840676164
1675988344880362831
1675988344940284966
1675988344980305018
1675988345020838143
1675988345061307466
1675988345100161112
1675988345160506998
1675988345200956998
1675988345240332050
1675988345280649133
1675988345320288612
1675988345360800122
1675988345421287258
1675988345461815695
1675988345501491997
1675988345541509549
1675988345580561893
1675988345620698664
1675988345680122570
1675988345720902310
1675988345760581633
1675988345800817570
1675988345840286581
1675988345900107101
1675988345940314601
1675988345980465174
1675988346020406841
1675988346060682883
1675988346100251685
1675988346160310539
1675988346200113560
1675988346240778508
1675988346280648091
1675988346320722830
1675988346360859862
1675988346421202466
1675988346461849132
1675988346500911580
1675988346541376528
1675988346580950435
1675988346640161841
1675988346680713664
1675988346720155851
1675988346760729184
1675988346800966789
1675988346840467049
1675988346900221736
1675988346940304184
1675988346981297414
1675988347020593716
1675988347060630278
1675988347100741320
1675988347160314184
1675988347201182309
1675988347240304653
1675988347280320643
1675988347321460434
1675988347380146007
1675988347420084340
1675988347460100903
1675988347500303090
1675988347540232674
1675988347580772049
1675988347640450278
1675988347680079913
1675988347720270434
1675988347761144184
1675988347801116059
1675988347840836788
1675988347900102361
1675988347940044809
1675988347981366736
1675988348020920746
1675988348060392830
1675988348120130330
1675988348160768923
1675988348200121736
1675988348241000069
1675988348280607830
1675988348320865121
1675988348380030590
1675988348420304496
1675988348460562725
1675988348501695903
1675988348540507882
1675988348599857205
1675988348640420382
1675988348679984496
1675988348720610694
1675988348760379809
1675988348801530746
1675988348860291788
1675988348900267204
1675988348940138767
1675988348980361736
1675988349020480954
1675988349060575642
1675988349120313506
1675988349160048715
1675988349200675486
1675988349240553038
1675988349280439183
1675988349340401840
1675988349380177881
1675988349420527413
1675988349460170954
1675988349500269392
1675988349540929860
1675988349600728194
1675988349640340694
1675988349680064704
1675988349720044912
1675988349761746527
1675988349801723454
1675988349860340173
1675988349900631214
1675988349940350121
1675988349981223662
1675988350021044808
1675988350080560694
1675988350120356162
1675988350160515746
1675988350201023037
1675988350240865954
1675988350280711735
1675988350340588975
1675988350380173975
1675988350420494443
1675988350460495381
1675988350500447516
1675988350540857881
1675988350600538923
1675988350640421423
1675988350680097412
1675988350720226995
1675988350760569964
1675988350820494756
1675988350860653089
1675988350900082412
1675988350940325381
1675988350979993297
1675988351020175797
1675988351080603766
1675988351120176787
1675988351160380016
1675988351201786266
1675988351240720954
1675988351280608662
1675988351340839079
1675988351380447412
1675988351420527516
1675988351460266891
1675988351500693349
1675988351560582464
1675988351600407776
1675988351640983453
1675988351680951526
1675988351720186891
1675988351760610589
1675988351820541005
1675988351860549182
1675988351900458870
1675988351940929443
1675988351981065641
1675988352021069443
1675988352081237464
1675988352120982359
1675988352160540120
1675988352200703245
1675988352240658766
1675988352300534443
1675988352341436891
1675988352381690849
1675988352420159755
1675988352460528245
1675988352500787151
1675988352561408818
1675988352601374130
1675988352640786474
1675988352681027620
1675988352721697620
1675988352761448609
1675988352821393453
1675988352860480432
1675988352900563193
1675988352940223297
1675988352980210067
1675988353040327307
1675988353080246005
1675988353120492047
1675988353160189911
1675988353200796265
1675988353240817463
1675988353300529911
1675988353340460119
1675988353380826265
1675988353420849546
1675988353460245849
1675988353500293192
1675988353560519494
1675988353600306005
1675988353641394755
1675988353680228140
1675988353720580848
1675988353780511838
1675988353820179182
1675988353860448973
1675988353900226994
1675988353940826942
1675988353981572046
1675988354040104598
1675988354081186161
1675988354121095327
1675988354161419442
1675988354200112150
1675988354240204755
1675988354300159442
1675988354340106994
1675988354381466994
1675988354420708713
1675988354460485067
1675988354520387359
1675988354561327619
1675988354600464650
1675988354640489442
1675988354680473348
1675988354720972202
1675988354781361161
1675988354821152515
1675988354860306681
1675988354900416577
1675988354940565483
1675988354999801421
1675988355040479806
1675988355080584233
1675988355120770431
1675988355160817775
1675988355200662983
1675988355261582515
1675988355300772515
1675988355340353608
1675988355380764494
1675988355420749389
1675988355460427723
1675988355520595223
1675988355560786733
1675988355600353035
1675988355640057671
1675988355680061056
1675988355740814546
1675988355780306473
1675988355820491160
1675988355860431368
1675988355900710535
1675988355940476108
1675988356000119337
1675988356040078920
1675988356080187775
1675988356120413400
1675988356160685639
1675988356200324806
1675988356260502254
1675988356300180379
1675988356340476420
1675988356380561941
1675988356420354337
1675988356480219181
1675988356519935691
1675988356560319806
1675988356600179337
1675988356640692410
1675988356681205431
1675988356740461837
1675988356781429285
1675988356821628816
1675988356860596629
1675988356900726785
1675988356940420847
1675988357001353660
1675988357041331628
1675988357080148295
1675988357121404076
1675988357160364701
1675988357221357826
1675988357260474545
1675988357300445326
1675988357341319441
1675988357380092462
1675988357420519441
1675988357480133399
1675988357521306628
1675988357560376055
1675988357600400639
1675988357640079389
1675988357680626576
1675988357740386941
1675988357780433816
1675988357821289024
1675988357860664701
1675988357900470795
1675988357961252253
1675988358000492201
1675988358041214388
1675988358080374701
1675988358121623138
1675988358160317461
1675988358221339909
1675988358260628347
1675988358300431576
1675988358340475743
1675988358380428815
1675988358420941055
1675988358480557513
1675988358521385222
1675988358560488607
1675988358600458503
1675988358640122669
1675988358700164440
1675988358740113242
1675988358780153294
1675988358821477722
1675988358860396211
1675988358901155482
1675988358960294857
1675988359000783138
1675988359040363086
1675988359080425326
1675988359120337357
1675988359161655430
1675988359220686471
1675988359261096628
1675988359300928815
1675988359340445325
1675988359380338138
1675988359439999075
1675988359480187721
1675988359520076575
1675988359560714023
1675988359600420430
1675988359640629023
1675988359700411940
1675988359741898346
1675988359780408711
1675988359820470586
1675988359860447982
1675988359900159127
1675988359960328763
1675988360000417617
1675988360041622825
1675988360080527877
1675988360120748867
1675988360180356367
1675988360220634075
1675988360260022461
1675988360300395013
1675988360340646315
1675988360380623710
1675988360440357044
1675988360480472408
1675988360520746523
1675988360560652669
1675988360600278658
1675988360640095898
1675988360700261627
1675988360740445950
1675988360780318658
1675988360820466887
1675988360860752356
1675988360920827096
1675988360960624127
1675988361000767512
1675988361040836731
1675988361081165169
1675988361120026679
1675988361180281419
1675988361219960794
1675988361260002252
1675988361300069179
1675988361340549023
1675988361400013293
1675988361440512512
1675988361480077720
1675988361519827095
1675988361560386002
1675988361601005273
1675988361660339804
1675988361700175168
1675988361740620168
1675988361780364283
1675988361820250116
1675988361860321731
1675988361920366627
1675988361960652147
1675988361999891470
1675988362039912877
1675988362080047356
1675988362140016835
1675988362180475845
1675988362220392772
1675988362260388501
1675988362300673866
1675988362340672408
1675988362400031158
1675988362441687564
1675988362480665949
1675988362520375272
1675988362560568814
1675988362600237824
1675988362660613918
1675988362700084230
1675988362740361210
1675988362779976053
1675988362819973189
1675988362880177564
1675988362920266470
1675988362960816314
1675988363000014855
1675988363041271470
1675988363080827928
1675988363139994178
1675988363180291939
1675988363219956261
1675988363261244803
1675988363300077147
1675988363340009282
1675988363400275272
1675988363440321574
1675988363480229074
1675988363520371053
1675988363559992303
1675988363620348032
1675988363659964334
1675988363700092876
1675988363740241886
1675988363781389386
1675988363822084126
1675988363881374022
1675988363921381209
1675988363960217199
1675988364000896105
1675988364040156365
1675988364080188917
1675988364140211730
1675988364180219699
1675988364220519855
1675988364260483813
1675988364301358032
1675988364360532771
1675988364400460636
1675988364440208240
1675988364481441938
1675988364521633553
1675988364560870323
1675988364620545584
1675988364660528605
1675988364701223344
1675988364740775896
1675988364780549178
1675988364820556834
1675988364880000115
1675988364920317928
1675988364959958032
1675988365000663605
1675988365041075896
1675988365100285532
1675988365140725323
1675988365181399438
1675988365220946521
1675988365260588240
1675988365300684282
1675988365360772823
1675988365400704334
1675988365441517563
1675988365479963396
1675988365520368969
1675988365560274386
1675988365620374438
1675988365660883083
1675988365700190323
1675988365741444438
1675988365781015948
1675988365840811417
1675988365879983240
1675988365921578240
1675988365960121417
1675988366001162146
1675988366041183813
1675988366100312719
1675988366140369750
1675988366179950844
1675988366220609177
1675988366259939281
1675988366300290792
1675988366360320479
1675988366399978760
1675988366439964073
1675988366480221208
1675988366520466573
1675988366580065219
1675988366620384646
1675988366661005375
1675988366699995062
1675988366740377093
1675988366779902354
1675988366839838760
1675988366881538604
1675988366921257302
1675988366959985583
1675988366999922614
1675988367039910323
1675988367099884802
1675988367140417718
1675988367180266520
1675988367220625010
1675988367261894489
1675988367319856312
1675988367360695427
1675988367399814229
1675988367440296416
1675988367479995687
1675988367520031208
1675988367580033968
1675988367619975583
1675988367660122354
1675988367700354176
1675988367740635374
1675988367800214801
1675988367840632614
1675988367880186989
1675988367920644437
1675988367960767510
1675988368000495895
1675988368060895166
1675988368100530114
1675988368140933864
1675988368181188343
1675988368220279124
1675988368260659697
1675988368320046468
1675988368360044749
1675988368400215166
1675988368441142562
1675988368479913759
1675988368540318291
1675988368580996155
1675988368620129280
1675988368660836312
1675988368700188343
1675988368740233811
1675988368800535166
1675988368840234020
1675988368880228082
1675988368920000009
1675988368959984072
1675988368999955895
1675988369061168134
1675988369100137874
1675988369140247093
1675988369179910895
1675988369220558759
1675988369280309749
1675988369320541572
1675988369361139228
1675988369400783395
1675988369440781728
1675988369480171780
1675988369541567613
1675988369580236832
1675988369620499176
1675988369660475009
1675988369701493603
1675988369740571311
1675988369800191415
1675988369840534957
1675988369880497196
1675988369919958499
1675988369961422613
1675988370020534280
1675988370060230426
1675988370100559540
1675988370140506571
1675988370180248863
1675988370219941832
1675988370279906415
1675988370319993134
1675988370360983082
1675988370400838707
1675988370441190946
1675988370480212300
1675988370540250998
1675988370580264175
1675988370620171311
1675988370660251623
1675988370700252821
1675988370759873342
1675988370800428915
1675988370840209696
1675988370879947717
1675988370920671311
1675988370960125634
1675988371020256779
1675988371060578811
1675988371100113238
1675988371140276415
1675988371180280425
1675988371221528342
1675988371279875217
1675988371320672665
1675988371360194019
1675988371400167092
1675988371441418654
1675988371500425581
1675988371540187456
1675988371580205946
1675988371620162040
1675988371660220529
1675988371700677300
1675988371760975789
1675988371799855477
1675988371840080789
1675988371881065529
1675988371920425008
1675988371960510008
1675988372020716362
1675988372060079748
1675988372100191102
1675988372140312560
1675988372180144539
1675988372240995893
1675988372280159383
1675988372320089539
1675988372359755268
1675988372399738810
1675988372441448862
1675988372501060425
1675988372539931466
1675988372580409279
1675988372619730320
1675988372659866362
1675988372700126310
1675988372760477768
1675988372800570008
1675988372840688237
1675988372880448393
1675988372920221570
1675988372980185477
1675988373020238810
1675988373060811466
1675988373101361570
1675988373141228654
1675988373180452299
1675988373240210685
1675988373280393758
1675988373321262091
1675988373360087716
1675988373400141362
1675988373440775164
1675988373499962716
1675988373540701258
1675988373581085528
1675988373620714643
1675988373660699747
1675988373720386153
1675988373761240372
1675988373801203549
1675988373840208653
1675988373880070997
1675988373920173705
1675988373981077091
1675988374021033705
1675988374061025007
1675988374101032455
1675988374140151049
1675988374200029643
1675988374240807611
1675988374281562611
1675988374320441361
1675988374360134695
1675988374400585424
1675988374460419226
1675988374499818861
1675988374540015007
1675988374580257455
1675988374620181101
1675988374659907038
1675988374719843340
1675988374759863705
1675988374800564486
1675988374840412455
1675988374880102663
1675988374939848549
1675988374980146882
1675988375021284955
1675988375059894226
1675988375099833392
1675988375139935632
1675988375200176674
1675988375240171934
1675988375279930319
1675988375319818288
1675988375360256726
1675988375400094017
1675988375461062298
1675988375499802715
1675988375539840423
1675988375580407819
1675988375620618705
1675988375679836048
1675988375720425475
1675988375760183600
1675988375800167350
1675988375840968392
1675988375879832819
1675988375939822871
1675988375979775892
1675988376020799017
1675988376060157767
1675988376099838288
1675988376140435579
1675988376200311204
1675988376239961413
1675988376280335632
1675988376320589642
1675988376360156881
1675988376420125163
1675988376460144590
1675988376501222715
1675988376540883548
1675988376580542767
1675988376620241933
1675988376680435319
1675988376719999954
1675988376760535735
1675988376800290788
1675988376840396100
1675988376881048756
1675988376939877246
1675988376980046985
1675988377020320735
1675988377061351829
1675988377100834121
1675988377159866360
1675988377199604069
1675988377240092871
1675988377279799069
1675988377319768548
1675988377360196673
1675988377419530319
1675988377460409329
1675988377499783548
1675988377539970787
1675988377580411829
1675988377620165475
1675988377679896881
1675988377720053600
1675988377760122402
1675988377801741048
1675988377840903860
1675988377899654068
1675988377939864745
1675988377979800266
1675988378019832402
1675988378060084589
1675988378100128339
1675988378159906985
1675988378199842350
1675988378239991360
1675988378280499693
1675988378320486881
1675988378361099120
1675988378420272297
1675988378460271881
1675988378500299537
1675988378541079381
1675988378580327714
1675988378641148808
1675988378680568339
1675988378719706724
1675988378759876360
1675988378800836464
1675988378840288808
1675988378900029381
1675988378940459381
1675988378980874901
1675988379021241724
1675988379060013026
1675988379100038755
1675988379159812037
1675988379200810526
1675988379240139432
1675988379280344016
1675988379319819849
1675988379380307401
1675988379420805005
1675988379460042609
1675988379500849953
1675988379540062714
1675988379581051099
1675988379641212193
1675988379681083964
1675988379720101516
1675988379760069016
1675988379801293391
1675988379840000786
1675988379901248130
1675988379939997974
1675988379979857088
1675988380019867974
1675988380060837922
1675988380120099328
1675988380159825265
1675988380200050943
1675988380241017297
1675988380280092817
1675988380319999901
1675988380379822140
1675988380420477088
1675988380460810526
1675988380500771463
1675988380540249484
1675988380599760526
1675988380639678703
1675988380679698026
1675988380720965057
1675988380759806567
1675988380799859328
1675988380860969484
1675988380899739588
1675988380939928755
1675988380980338286
1675988381019969328
1675988381059947088
1675988381120918703
1675988381160105525
1675988381200755630
1675988381241205525
1675988381281182140
1675988381339843807
1675988381380033025
1675988381420927973
1675988381460845005
1675988381499997244
1675988381540376567
1675988381599974588
1675988381640192765
1675988381681196932
1675988381719732088
1675988381760644484
1675988381800743859
1675988381860278754
1675988381900403286
1675988381940661359
1675988381981020838
1675988382020972192
1675988382080214744
1675988382120746046
1675988382160398025
1675988382200322869
1675988382240208233
1675988382280930056
1675988382339942817
1675988382380060004
1675988382420224327
1675988382460278129
1675988382500374327
1675988382540560994
1675988382600298129
1675988382641001254
1675988382679968077
1675988382720809587
1675988382760019692
1675988382819963962
1675988382859665056
1675988382900045056
1675988382939865941
1675988382979522452
1675988383019533754
1675988383080031514
1675988383120435108
1675988383160331098
1675988383199716514
1675988383239841410
1675988383280340993
1675988383340065525
1675988383379967973
1675988383420007868
1675988383459470368
1675988383499594483
1675988383560016202
1675988383599761827
1675988383641008597
1675988383680226931
1675988383719709275
1675988383759448545
1675988383820832608
1675988383859639743
1675988383900002452
1675988383940347139
1675988383980193962
1675988384019798337
1675988384079809951
1675988384119697035
1675988384160012191
1675988384200012868
1675988384240202868
1675988384299666201
1675988384339669170
1675988384380025264
1675988384420850212
1675988384459623649
1675988384499634847
1675988384559802087
1675988384600820420
1675988384640404014
1675988384680310576
1675988384719965160
1675988384760203649
1675988384820855472
1675988384860836149
1675988384900761357
1675988384939855003
1675988384979714378
1675988385039814378
1675988385080876826
1675988385120955368
1675988385160349014
1675988385200068076
1675988385240332503
1675988385300788232
1675988385339947399
1675988385381425263
1675988385420165888
1675988385460170107
1675988385499764378
1675988385560772711
1675988385599819690
1675988385639866409
1675988385680383701
1675988385719921617
1675988385779693649
1675988385819617763
1675988385860043440
1675988385901404586
1675988385940048909
1675988385980139847
1675988386039705211
1675988386080844534
1675988386120266253
1675988386160149326
1675988386200308701
1675988386240017399
1675988386299895576
1675988386339644586
1675988386379998544
1675988386420893544
1675988386459952711
1675988386519969586
1675988386560844846
1675988386599707815
1675988386640083023
1675988386680297555
1675988386719865055
1675988386780378336
1675988386820158127
1675988386859931044
1675988386899605055
1675988386939922346
1675988386999409430
1675988387040241721
1675988387080390732
1675988387119935054
1675988387160205836
1675988387200054742
1675988387261063596
1675988387300220888
1675988387340120888
1675988387380353179
1675988387421086565
1675988387460575159
1675988387519597294
1675988387559860002
1675988387599972919
1675988387639964169
1675988387679962606
1675988387740764065
1675988387781240263
1675988387819917398
1675988387860021200
1675988387900424533
1675988387939839846
1675988387999954533
1675988388040797867
1675988388080860315
1675988388120246721
1675988388160275158
1675988388200298596
1675988388261088960
1675988388299700471
1675988388339944898
1675988388380459221
1675988388419727502
1675988388479981200
1675988388519459064
1675988388559718648
1675988388600200523
1675988388641165210
1675988388679909325
1675988388739615783
1675988388779478648
1675988388819577710
1675988388860401095
1675988388900265523
1675988388940164950
1675988388999685314
1675988389039515731
1675988389079549481
1675988389119610002
1675988389160857970
1675988389219767606
1675988389259456356
1675988389299400158
1675988389339304064
1675988389379943804
1675988389420166095
1675988389479511720
1675988389519504949
1675988389559655522
1675988389600022762
1675988389639907189
1675988389679863283
1675988389739528647
1675988389779855626
1675988389820817762
1675988389860460262
1675988389899906824
1675988389959911564
1675988389999871876
1675988390040767033
1675988390079850053
1675988390120221355
1675988390159868178
1675988390220215470
1675988390260515470
1675988390300224480
1675988390340172345
1675988390381005209
1675988390419961980
1675988390479993751
1675988390519988699
1675988390561119636
1675988390600125053
1675988390640555209
1675988390699744011
1675988390740967084
1675988390779571095
1675988390819881199
1675988390860917084
1675988390899641980
1675988390960162501
1675988391000574011
1675988391040513386
1675988391080198855
1675988391120072865
1675988391160259688
1675988391219705886
1675988391259751720
1675988391299717970
1675988391339950678
1675988391380440417
1675988391439619428
1675988391479850938
1675988391519521199
1675988391559976615
1675988391600149636
1675988391640156980
1675988391700785678
1675988391741061824
1675988391780782917
1675988391819630157
1675988391859783178
1675988391900772969
1675988391959521771
1675988391999592396
1675988392039740938
1675988392079946511
1675988392119944792
1675988392179574323
1675988392219636875
1675988392259943490
1675988392300186823
1675988392341029427
1675988392379793073
1675988392439850521
1675988392480092917
1675988392520753334
1675988392559948907
1675988392599844063
1675988392639915209
1675988392699512709
1675988392739863750
1675988392780040886
1675988392819583386
1675988392859842240
1675988392919833854
1675988392959902761
1675988393000177083
1675988393040071979
1675988393079975886
1675988393119770417
1675988393181134531
1675988393219555938
1675988393259846458
1675988393299549740
1675988393340604688
1675988393399510521
1675988393440789531
1675988393479837917
1675988393519582708
1675988393559884896
1675988393600122760
1675988393660760208
1675988393699780208
1675988393739853021
1675988393779953125
1675988393820216250
1675988393859531562
1675988393920733437
1675988393959963385
1675988394000184635
1675988394041105208
1675988394079377291
1675988394139900208
1675988394179843385
1675988394220226354
1675988394259717031
1675988394299639010
1675988394339860208
1675988394400166562
1675988394440642500
1675988394482606145
1675988394520098177
1675988394560353333
1675988394599619479
1675988394659816770
1675988394700101718
1675988394740101249
1675988394779870156
1675988394819543072
1675988394879595885
1675988394919659218
1675988394959852760
1675988394999739999
1675988395039875468
1675988395079868593
1675988395141031353
1675988395179768176
1675988395220125364
1675988395260046145
1675988395299544999
1675988395340795260
1675988395399719478
1675988395439471562
1675988395479574478
1675988395519820208
1675988395559506614
1675988395619564687
1675988395659735624
1675988395699826093
1675988395739596457
1675988395780968957
1675988395819849530
1675988395880647499
1675988395920698749
1675988395960583228
1675988396000094114
1675988396039546093
1675988396079737239
1675988396139599895
1675988396180701509
1675988396219868801
1675988396261903176
1675988396299478697
1675988396359514166
1675988396399716613
1675988396440141874
1675988396479985988
1675988396520076509
1675988396560153749
1675988396619852238
1675988396659794790
1675988396700681822
1675988396740283697
1675988396779737134
1675988396819550467
1675988396879519686
1675988396920792967
1675988396959854894
1675988396999501717
1675988397039526613
1675988397099925988
1675988397139826613
1675988397181038384
1675988397220294738
1675988397260002811
1675988397299771561
1675988397360174113
1675988397399505571
1675988397439786457
1675988397481243853
1675988397519534321
1675988397559539217
1675988397619704321
1675988397660138540
1675988397699788436
1675988397739826248
1675988397779771873
1675988397839892759
1675988397879843280
1675988397919992707
1675988397960035102
1675988398001298748
1675988398039505571
1675988398100010832
1675988398140672342
1675988398180138904
1675988398219699269
1675988398261083904
1675988398299448019
1675988398359702029
1675988398399450623
1675988398439459946
1675988398479744425
1675988398519704894
1675988398580615050
1675988398619770363
1675988398659773904
1675988398700588488
1675988398739736717
1675988398780617498
1675988398839555154
1675988398879286977
1675988398919590571
1675988398959779737
1675988399000594529
1675988399039741873
1675988399099303644
1675988399139181144
1675988399179410050
1675988399221339164
1675988399260873748
1675988399319989685
1675988399360250935
1675988399399741560
1675988399440022862
1675988399480380675
1675988399520680831
1675988399579640206
1675988399619586716
1675988399659694060
1675988399699660935
1675988399739766039
1675988399800194893
1675988399840401300
1675988399879973279
1675988399919299737
1675988399960011352
1675988400001837445
1675988400059478800
1675988400100276925
1675988400139673956
1675988400179910362
1675988400220339008
1675988400259868799
1675988400319434633
1675988400359575779
1675988400399274060
1675988400439545831
1675988400479286976
1675988400539750258
1675988400579753591
1675988400619664737
1675988400659827601
1675988400701688851
1675988400740868747
1675988400800463903
1675988400839867914
1675988400879811091
1675988400919430987
1675988400959445414
1675988401000643487
1675988401059851716
1675988401099444216
1675988401141076403
1675988401179739685
1675988401219902445
1675988401280503434
1675988401319425987
1675988401360586351
1675988401400052237
1675988401439976247
1675988401479758799
1675988401540252549
1675988401579413903
1675988401619402236
1675988401659883851
1675988401700657653
1675988401740285778
1675988401799469320
1675988401839904476
1675988401879832132
1675988401919764945
1675988401959928643
1675988402019684268
1675988402059822705
1675988402099856872
1675988402140177392
1675988402180000049
1675988402219761038
1675988402279699945
1675988402319717080
1675988402359438851
1675988402399409944
1675988402440603538
1675988402479353590
1675988402539447184
1675988402580593174
1675988402619751715
1675988402659431299
1675988402699729944
1675988402759745726
1675988402799735048
1675988402840045153
1675988402881020517
1675988402920576715
1675988402961329892
1675988403019694371
1675988403059685153
1675988403100010517
1675988403139974736
1675988403180653486
1675988403220083434
1675988403280080725
1675988403319626871
1675988403359676611
1675988403399995830
1675988403439940986
1675988403499700465
1675988403540206663
1675988403579969267
1675988403619660777
1675988403659225517
1675988403699143642
1675988403759727340
1675988403800280934
1675988403839743381
1675988403879832704
1675988403919751506
1675988403959698954
1675988404019665569
1675988404059411402
1675988404099401819
1675988404139655881
1675988404179863642
1675988404239673069
1675988404279952496
1675988404319632079
1675988404359347392
1675988404399443537
1675988404439224579
1675988404499663069
1675988404539389892
1675988404579394110
1675988404619732652
1675988404659798798
1675988404699678589
1675988404759549319
1675988404799386662
1675988404840120152
1675988404879979839
1675988404919980933
1675988404979310568
1675988405021210568
1675988405059913954
1675988405099371141
1675988405139619683
1675988405179710985
1675988405239404475
1675988405279420725
1675988405319386350
1675988405359346923
1675988405399512027
1675988405439435620
1675988405499700620
1675988405539365360
1675988405580566089
1675988405619986454
1675988405659663641
1675988405719406818
1675988405760546974
1675988405799657495
1675988405839690568
1675988405879408901
1675988405919357339
1675988405979402079
1675988406019316401
1675988406059498016
1675988406099303433
1675988406139971870
1675988406199136818
1675988406241104110
1675988406280061089
1675988406320373224
1675988406359690568
1675988406400203901
1675988406459642703
1675988406499914891
1675988406541060516
1675988406580624422
1675988406619588537
1675988406659422182
1675988406719968328
1675988406760547339
1675988406799654214
1675988406839637234
1675988406880026922
1675988406939687807
1675988406979339995
1675988407019689057
1675988407059992078
1675988407100642130
1675988407139694786
1675988407199754734
1675988407239345620
1675988407279612286
1675988407319635932
1675988407359608901
1675988407400583484
1675988407459616505
1675988407499438432
1675988407539486974
1675988407580795620
1675988407621022182
1675988407679399578
1675988407719660151
1675988407759870411
1675988407799666557
1675988407839586765
1675988407879871349
1675988407940593588
1675988407980544213
1675988408019599526
1675988408060164265
1675988408099748224
1675988408139688901
1675988408200546192
1675988408239577703
1675988408279568536
1675988408319919578
1675988408359792234
1675988408419319526
1675988408461085567
1675988408499694265
1675988408539849890
1675988408579917494
1675988408619587494
1675988408679971921
1675988408719553952
1675988408759894838
1675988408800263640
1675988408839526244
1675988408880053848
1675988408939570619
1675988408980576036
1675988409019818640
1675988409060971452
1675988409101159317
1675988409160553692
1675988409199594838
1675988409239297546
1675988409279305515
1675988409319552806
1675988409359622338
1675988409419793327
1675988409459345827
1675988409499749786
1675988409540624838
1675988409579454785
1675988409620522963
1675988409679306556
1675988409719367963
1675988409761024629
1675988409800799265
1675988409839938848
1675988409899697962
1675988409939331035
1675988409979549629
1675988410019657129
1675988410059548796
1675988410100039681
1675988410159545775
1675988410200487233
1675988410239675566
1675988410279304160
1675988410319649369
1675988410360622389
1675988410419250827
1675988410459903431
1675988410499661816
1675988410539362077
1675988410579214733
1675988410640500879
1675988410679306868
1675988410719239837
1675988410759006764
1675988410799281139
1675988410839292702
1675988410899295045
1675988410939634420
1675988410979259056
1675988411019007806
1675988411060116243
1675988411100271556
1675988411159446191
1675988411200023431
1675988411239868483
1675988411279524368
1675988411319386139
1675988411379606712
1675988411419336139
1675988411459594733
1675988411499365462
1675988411539371035
1675988411579223795
1675988411639274681
1675988411679642910
1675988411719552649
1675988411760144628
1675988411800151139
1675988411839616503
1675988411900462076
1675988411940092805
1675988411979574160
1675988412019527545
1675988412059780097
1675988412120106295
1675988412160287701
1675988412199474837
1675988412240729003
1675988412279327024
1675988412319554837
1675988412380836034
1675988412419849628
1675988412459820305
1675988412499618534
1675988412539543899
1675988412599255722
1675988412639861191
1675988412679574107
1675988412719813274
1675988412759231086
1675988412799624524
1675988412859213326
1675988412899268743
1675988412939337128
1675988412979275878
1675988413020469420
1675988413060677336
1675988413119255513
1675988413159800045
1675988413199526659
1675988413239838899
1675988413279935357
1675988413339404211
1675988413379541763
1675988413419216972
1675988413459621242
1675988413499644940
1675988413539513117
1675988413599195513
1675988413640385930
1675988413679700565
1675988413719309471
1675988413759256971
1675988413800782128
1675988413860503534
1675988413899541607
1675988413940620669
1675988413979813378
1675988414019290930
1675988414079326815
1675988414120209575
1675988414159110305
1675988414199500773
1675988414239132596
1675988414279202805
1675988414339512961
1675988414379543638
1675988414419153377
1675988414459932023
1675988414499782700
1675988414540749523
1675988414600312284
1675988414639204627
1675988414680006086
1675988414719811398
1675988414759513117
1675988414820442179
1675988414860675669
1675988414899237283
1675988414939249731
1675988414979237075
1675988415019212440
1675988415079573690
1675988415119249679
1675988415159222440
1675988415199488377
1675988415239794158
1675988415279506919
1675988415339575981
1675988415379922752
1675988415419925512
1675988415460389731
1675988415499922283
1675988415560424731
1675988415600421450
1675988415639551710
1675988415679543741
1675988415719284210
1675988415759614887
1675988415819565304
1675988415859492596
1675988415899428325
1675988415939169106
1675988415979763012
1675988416019652752
1675988416079304679
1675988416119417179
1675988416159418689
1675988416199498533
1675988416240451866
1675988416299131814
1675988416339025200
1675988416379236293
1675988416419506345
1675988416459170043
1675988416499386866
1675988416559277908
1675988416599071345
1675988416639186293
1675988416680404210
1675988416720016293
1675988416759620824
1675988416820088793
1675988416858968116
1675988416899409210
1675988416939804679
1675988416979563741
1675988417039288220
1675988417079214053
1675988417119889626
1675988417159717908
1675988417199250772
1675988417240085460
1675988417299257855
1675988417339508949
