1675988297572772849
1675988297833080974
1675988298072413891
1675988298330469932
1675988298580674724
1675988298842468369
1675988299081684307
1675988299344194775
1675988299588698577
1675988299847016077
1675988300086877692
1675988300348906338
1675988300608337119
1675988300858866285
1675988301116961233
1675988301356411962
1675988301619799514
1675988301863551597
1675988302121679670
1675988302360894462
1675988302621375035
1675988302871256337
1675988303131118680
1675988303371996649
1675988303631615451
1675988303890796336
1675988304135849774
1675988304396669982
1675988304636289305
1675988304895605502
1675988305147283523
1675988305406815450
1675988305646083002
1675988305905965398
1675988306141951596
1675988306412785971
1675988306651691700
1675988306911875554
1675988307170891804
1675988307420820241
1675988307682043314
1675988307920921283
1675988308182133001
1675988308428144459
1675988308686538834
1675988308926716699
1675988309188065136
1675988309427392897
1675988309696527584
1675988309956982323
1675988310197455240
1675988310458108469
1675988310700880813
1675988310962591334
1675988311203573729
1675988311461169823
1675988311701877896
1675988311973505187
1675988312212532531
1675988312472876489
1675988312707190031
1675988312977532062
1675988313235870864
1675988313477396176
1675988313735073520
1675988313986206957
1675988314246164666
1675988314485700759
1675988314748059353
1675988314982271592
1675988315251684926
1675988315491587426
1675988315752634925
1675988315992009352
1675988316261183415
1675988316521262321
1675988316761666696
1675988317022166800
1675988317266728831
1675988317527333154
1675988317766314456
1675988318027280445
1675988318265796174
1675988318536585133
1675988318776549508
1675988319037850862
1675988319296491278
1675988319541148570
1675988319801722736
1675988320042131903
1675988320300023205
1675988320541491226
1675988320812927424
1675988321052459819
1675988321312599663
1675988321545748725
1675988321816805600
1675988322057458881
1675988322317392058
1675988322577208100
1675988322827555704
1675988323086424089
1675988323327963516
1675988323587848256
1675988323840401745
1675988324093091641
1675988324331072630
1675988324590765599
1675988324832573307
1675988325101849818
1675988325339609036
1675988325601824922
1675988325862004401
1675988326097017526
1675988326366227526
1675988326606322057
1675988326867049713
1675988327107727265
1675988327375445442
1675988327616188358
1675988327876824296
1675988328110648931
1675988328381446691
1675988328642585858
1675988328881585493
1675988329142038410
1675988329380544764
1675988329650483931
1675988329891259712
1675988330152562993
1675988330386309659
1675988330656542993
1675988330895774451
1675988331156322836
1675988331395552784
1675988331666385701
1675988331926335805
1675988332167345336
1675988332425408617
1675988332661027784
1675988332933081065
1675988333171384190
1675988333429563981
1675988333671921898
1675988333941031169
1675988334180894502
1675988334443373147
1675988334682186220
1675988334937196064
1675988335205791064
1675988335447000022
1675988335706806793
1675988335945389136
1675988336216707053
1675988336457138251
1675988336717145438
1675988336952687574
1675988337221627573
1675988337460486896
1675988337721520177
1675988337982817157
1675988338221328823
1675988338491947833
1675988338732667417
1675988338991108771
1675988339225527781
1675988339496133823
1675988339736840073
1675988339996370802
1675988340236466322
1675988340495999291
1675988340747208093
1675988341007143926
1675988341266267884
1675988341500901895
1675988341770711582
1675988342010591634
1675988342270774811
1675988342510503978
1675988342780727311
1675988343022081061
1675988343280729394
1675988343515394446
1675988343777021321
1675988344025797623
1675988344287866477
1675988344546277154
1675988344787071529
1675988345056569966
1675988345295955748
1675988345556321477
1675988345791239445
1675988346060750695
1675988346301316060
1675988346561426893
1675988346802453664
1675988347062439341
1675988347331010695
1675988347572424288
1675988347831938299
1675988348066211736
1675988348335396840
1675988348576974236
1675988348836763090
1675988349076536736
1675988349336464392
1675988349587598506
1675988349845322725
1675988350085380642
1675988350340500850
1675988350610740693
1675988350850679912
1675988351111178818
1675988351352014860
1675988351620561058
1675988351861233141
1675988352120851057
1675988352357262203
1675988352616150588
1675988352867060901
1675988353127045849
1675988353366430432
1675988353627185796
1675988353896773140
1675988354135357098
1675988354395736838
1675988354631870796
1675988354891449286
1675988355141365900
1675988355402053192
1675988355639878244
1675988355901172723
1675988356151528295
1675988356411999702
1675988356670387826
1675988356907720378
1675988357177503191
1675988357417094649
1675988357676379597
1675988357917320743
1675988358176478607
1675988358427133295
1675988358686247513
1675988358922102669
1675988359180938294
1675988359431286419
1675988359692389857
1675988359951677200
1675988360191220013
1675988360461490794
1675988360700093085
1675988360961560637
1675988361196667304
1675988361456056054
1675988361706817720
1675988361966020533
1675988362205993554
1675988362466822564
1675988362716470428
1675988362977182928
1675988363235605845
1675988363471990793
1675988363731299647
1675988363980691001
1675988364240937251
1675988364480507199
1675988364740426313
1675988364991771000
1675988365252610063
1675988365490942146
1675988365746061729
1675988366016598240
1675988366257232875
1675988366516959594
1675988366755669385
1675988367016331833
1675988367266017458
1675988367525357718
1675988367761095583
1675988368022135322
1675988368270384332
1675988368531294072
1675988368771098603
1675988369031252301
1675988369291210426
1675988369541443915
1675988369801836988
1675988370037051623
1675988370296504957
1675988370546390477
1675988370806504592
1675988371046695321
1675988371305290165
1675988371556490946
1675988371817102196
1675988372056637352
1675988372311097352
1675988372570721154
1675988372820996362
1675988373081158810
1675988373320573445
1675988373582295476
1675988373833085997
1675988374091825684
1675988374326007976
1675988374586409695
1675988374826962924
1675988375096382038
1675988375355434955
1675988375596355476
1675988375856563965
1675988376107163444
1675988376366059642
1675988376602405111
1675988376860774590
1675988377111199381
1675988377370444798
1675988377611527037
1675988377871262558
1675988378111773183
1675988378380625787
1675988378640996829
1675988378875539485
1675988379136635162
1675988379385792297
1675988379647866099
1675988379887940943
1675988380146030422
1675988380396647453
1675988380655643286
1675988380895288807
1675988381150862869
1675988381391738650
1675988381661399379
1675988381921039900
1675988382160799952
1675988382421561463
1675988382670954223
1675988382931145056
1675988383166340160
1675988383425367660
1675988383667819014
1675988383936484587
1675988384175684066
1675988384436405368
1675988384697858024
1675988384946845003
1675988385206896149
1675988385440763597
1675988385702207607
1675988385950910055
1675988386211339169
1675988386451146357
1675988386711219950
1675988386951211565
1675988387221662554
1675988387460247502
1675988387715544950
1675988387977729637
1675988388228063804
1675988388485699637
1675988388725913023
1675988388986521564
1675988389225413856
1675988389497678751
1675988389732824741
1675988389990947605
1675988390231765574
1675988390500610834
1675988390740950678
1675988391002117397
1675988391260735678
1675988391510975834
1675988391770680105
1675988392006355105
1675988392266820990
1675988392507587657
1675988392776066459
1675988393016216250
1675988393275752344
1675988393516812344
1675988393787173542
1675988394046171250
1675988394281809479
1675988394542552031
1675988394791641458
1675988395051260104
1675988395291040781
1675988395551175416
1675988395791196301
1675988396061310103
1675988396298080780
1675988396556076353
1675988396795779374
1675988397066479894
1675988397325574426
1675988397566801821
1675988397825728957
1675988398066770727
1675988398336652759
1675988398572738800
1675988398830907602
1675988399072286300
1675988399342665310
1675988399581461352
1675988399840694685
1675988400080576925
1675988400350775258
1675988400611637185
1675988400845827497
1675988401106111299
1675988401346939737
1675988401615548486
1675988401855450257
1675988402115481559
1675988402356155778
1675988402625361559
1675988402865684163
1675988403121684007
1675988403381221090
1675988403621466246
1675988403891881611
1675988404130758329
1675988404389802235
1675988404630737652
1675988404900820100
1675988405138163537
1675988405396621454
1675988405637384266
1675988405906295829
1675988406145701193
1675988406405470985
1675988406665411818
1675988406906827495
1675988407177538797
1675988407411189734
1675988407671273067
1675988407911775984
1675988408181663432
1675988408421678380
1675988408680883067
1675988408921097546
1675988409192089681
1675988409432164681
1675988409687150775
1675988409945807806
1675988410186588327
1675988410456334421
1675988410696474785
1675988410956519785
1675988411198119264
1675988411465699733
1675988411700455566
1675988411962382649
1675988412201230930
1675988412460355357
1675988412731909524
1675988412970778534
1675988413232681555
1675988413471753430
1675988413740692336
1675988413976360930
1675988414236605409
1675988414475466659
1675988414746308117
1675988414987125044
1675988415247850981
1675988415486533637
1675988415746707075
1675988416016732023
1675988416251977023
1675988416510981710
1675988416752359262
1675988417022102699
