0.91759
0.76063
0.47184
0.13992
-0.14451
-0.31847
-0.3636
-0.30527
-0.19581
-0.089937
-0.022846
0.00029103
0.00011186
0.0071784
0.042332
0.10257
0.15907
0.16857
0.093367
-0.07865
-0.32278
-0.58063
-0.77719
-0.84587
-0.75225
-0.50735
-0.16558
0.19213
0.48371
0.65072
0.67395
0.575
0.40456
0.22271
0.079255
0.00083946
-0.011271
0.026001
0.089569
0.16094
0.23102
0.29765
0.35824
0.40244
0.40954
0.35331
0.21296
-0.014154
-0.30409
-0.60687
-0.8575
-0.99458
-0.98019
-0.81392
-0.53537
-0.21364
0.072989
0.26042
0.31738
0.25316
0.1123
-0.041306
-0.14511
-0.15633
-0.062476
0.11829
0.3457
0.57061
0.74791
0.84541
0.84721
0.75246
0.57225
0.32663
0.043127
-0.24421
-0.49688
-0.67688
-0.75471
-0.71857
-0.58115
-0.38042
-0.17219
-0.015307
0.046486
1.9544e-15
-0.13057
-0.28896
-0.40361
-0.41104
-0.2783
-0.016419
0.31988
0.64697
0.87704
0.94471
0.82704
0.55039
0.18223
-0.18921
-0.48045
-0.63551
-0.6389
-0.51582
-0.32069
-0.11839
0.035176
0.10766
0.096423
0.02562
-0.06356
-0.12608
-0.12587
-0.045359
0.10983
0.31154
0.51469
0.66676
0.71982
0.64296
0.43232
0.11589
-0.24934
-0.58876
-0.82808
-0.91371
-0.82936
-0.60297
-0.30049
-0.0070529
0.19943
0.27362
0.21814
0.082923
-0.052698
-0.10942
-0.038993
0.15469
0.41308
0.64114
0.74078
0.64798
0.35998
-0.058218
-0.49162
-0.81194
-0.92078
-0.78384
-0.44355
-0.0051375
0.39937
0.65622
0.70788
0.57014
0.32206
0.0731
-0.080108
-0.090833
0.021032
0.17882
0.28162
0.24674
0.04559
-0.28121
-0.63566
-0.89696
-0.966
-0.80285
-0.44315
0.012874
0.43464
0.70599
0.76379
0.61654
0.33674
0.030764
-0.20138
-0.30111
-0.26801
-0.15287
-0.0311
0.031974
0.009478
-0.076313
-0.16496
-0.18559
-0.089779
0.12413
0.40541
0.66664
0.81481
0.78597
0.56996
0.21575
-0.18441
-0.52615
-0.72738
-0.75357
-0.62496
-0.40429
-0.17077
0.0088002
0.1009
0.11078
0.072058
0.026312
0.0020676
0.0024845
0.0065969
-0.017029
-0.090841
-0.21218
-0.34819
-0.44473
-0.44632
-0.31918
-0.068133
0.26007
0.5888
0.8351
0.9362
0.86944
0.65855
0.36445
0.064382
-0.17261
-0.30514
-0.3276
-0.26551
-0.16131
-0.057318
0.017379
0.051704
0.048781
0.017045
-0.038342
-0.11902
-0.23014
-0.37206
-0.53173
-0.67903
-0.77121
-0.76532
-0.63442
-0.38114
-0.042685
0.31582
0.61856
0.80127
0.83101
0.7164
0.50473
0.2668
0.074675
-0.019973
-2.262e-15
0.11474
0.27646
0.42599
0.51078
0.49847
0.38265
0.18048
-0.075179
-0.34523
-0.59213
-0.78434
-0.89795
-0.9174
-0.83684
-0.66286
-0.41721
-0.13701
0.12964
0.33338
0.43672
0.42658
0.32111
0.16726
0.0282
-0.036209
0.010042
0.16491
0.38589
0.60132
0.73222
0.71801
0.53744
0.21745
-0.17292
-0.54224
-0.80318
-0.89763
-0.81231
-0.58042
-0.26959
0.039513
0.2765
0.3995
0.40327
0.31595
0.18667
0.068834
0.0043114
0.012716
0.087876
0.20131
0.31092
0.37228
0.35006
0.22742
0.011696
-0.26473
-0.54927
-0.77936
-0.89686
-0.86356
-0.67377
-0.35963
0.013787
0.36377
0.61228
0.7089
0.64693
0.46624
0.24096
0.054771
-0.028275
0.012851
0.14736
0.30271
0.39107
0.34323
0.13782
-0.18567
-0.53578
-0.79826
-0.87573
-0.72383
-0.37035
0.090375
0.52686
0.81368
0.87336
0.70178
0.36791
-0.012341
-0.31823
-0.46704
-0.44154
-0.29228
-0.11397
-0.0054678
-0.028771
-0.18314
-0.40431
-0.5893
-0.63736
-0.49123
-0.16271
0.26751
0.67617
0.94012
0.9797
0.78647
0.42542
0.010979
-0.33368
-0.51873
-0.5157
-0.36163
-0.139
0.059629
0.16803
0.16943
0.098028
0.019212
-0.0024856
0.065802
0.20859
0.36637
0.45913
0.41976
0.22359
-0.097598
-0.46323
-0.77031
-0.92887
-0.89284
-0.67529
-0.34241
0.010631
0.29251
0.44487
0.4573
0.36384
0.22387
0.096254
0.01734
-0.0086237
-0.0040053
-0.00093214
-0.021404
-0.063664
-0.10106
-0.094013
-0.0098888
0.15804
0.3811
0.60016
0.74372
0.7529
0.60364
0.31752
-0.042998
-0.39363
-0.65446
-0.77404
-0.743
-0.5931
-0.38305
-0.17721
-0.025511
0.04871
0.049594
8.3875e-15
-0.071777
-0.14351
-0.20409
-0.25109
-0.28329
-0.29336
-0.26519
-0.1785
-0.019081
0.20968
0.47982
0.7408
0.93126
0.99748
0.9119
0.68489
0.36474
0.025021
-0.25681
-0.4224
-0.44942
-0.35676
-0.19662
-0.036606
0.061758
0.060864
-0.044063
-0.22686
-0.44106
-0.63469
-0.76384
-0.80125
-0.7386
-0.58395
-0.35691
-0.084324
0.20241
0.46889
0.67999
0.80426
0.82091
0.72731
0.54394
0.31353
0.092455
-0.064057
-0.11903
-0.067151
0.060879
0.20585
0.29805
0.28041
0.12917
-0.13531
-0.45194
-0.73592
-0.90434
-0.90196
-0.71881
-0.39374
-0.0030799
0.36184
0.62084
0.72647
0.67455
0.50137
0.26947
0.047294
-0.11061
-0.177
-0.15608
-0.078199
0.011812
0.06895
0.060739
-0.024379
-0.17428
-0.35595
-0.52284
-0.62538
-0.6228
-0.49422
-0.24649
0.083621
0.43464
0.73311
0.91158
0.92749
0.77713
0.49946
0.16717
-0.13371
-0.32985
-0.38413
-0.30809
-0.15803
-0.015089
0.044631
-0.02042
-0.19914
-0.4286
-0.6147
-0.66628
-0.53066
-0.21742
0.19921
0.60153
0.86656
0.90817
0.70785
0.32287
-0.13208
-0.5233
-0.74325
-0.74592
-0.55987
-0.27406
-0.0022122
0.16088
0.17452
0.065444
-0.085524
-0.17818
-0.13543
0.063112
0.36954
0.68307
0.88668
0.89133
0.67082
0.2741
-0.18994
-0.58944
-0.81471
-0.81478
-0.61217
-0.29111
0.035586
0.26791
0.35251
0.29673
0.15851
0.017513
-0.060229
-0.049688
0.024608
0.10173
0.11325
0.01576
-0.18676
-0.43989
-0.65674
-0.75003
-0.66583
-0.40569
-0.028757
0.36726
0.67875
0.83045
0.79858
0.61502
0.3519
0.093594
-0.092825
-0.17741
-0.17099
-0.1128
-0.048636
-0.009556
5.5012e-15
7.4304e-05
0.020889
0.083419
0.18404
0.29058
0.35225
0.31966
0.16702
-0.092976
-0.40808
-0.70053
-0.89141
-0.92656
-0.79451
-0.52998
-0.20199
0.10882
0.33514
0.44154
0.4307
0.3364
0.20751
0.089826
0.012816
-0.014616
0.00059729
0.045477
0.11024
0.19229
0.29331
0.41144
0.53328
0.63086
0.66637
0.60434
0.42667
0.14448
-0.19894
-0.5366
-0.79577
-0.91985
-0.88636
-0.71472
-0.46061
-0.19884
-0.00032148
0.088912
0.059979
-0.058891
-0.21381
-0.34344
-0.39743
-0.34937
-0.20094
0.022401
0.28115
0.53257
0.73917
0.87312
0.91723
0.86456
0.71842
0.49364
0.21779
-0.069643
-0.32218
-0.49579
-0.56096
-0.51326
-0.37816
-0.20655
-0.061217
0.0026731
-0.043452
-0.18974
-0.38823
-0.56626
-0.64925
-0.58559
-0.36535
-0.026079
0.35648
0.69004
0.89288
0.91759
0.76404
0.47776
0.13488
-0.18098
-0.40231
-0.49459
-0.46198
-0.3414
-0.18784
-0.056439
0.013259
0.0067491
-0.063888
-0.16561
-0.25477
-0.28924
-0.23947
-0.096507
0.12437
0.38506
0.63135
0.80411
0.85342
0.7525
0.50778
0.16136
-0.21638
-0.54343
-0.74819
-0.79068
-0.67564
-0.4523
-0.19955
-0.00033733
0.086593
0.047631
-0.080092
-0.22156
-0.29162
-0.22824
-0.01916
0.28865
0.60125
0.80873
0.8244
0.61827
0.23191
-0.23139
-0.63896
-0.8725
-0.86785
-0.63637
-0.26006
0.13818
0.4381
0.5638
0.50802
0.3304
0.13068
0.0072811
0.017376
0.15388
0.34823
0.49798
0.50848
0.33263
-0.0069847
-0.42229
-0.78914
-0.99104
-0.96094
-0.70545
-0.30257
0.12599
0.4573
0.60865
0.56276
0.36819
0.11587
-0.098213
-0.20919
-0.20465
-0.12346
-0.033777
-3.4744e-15
-0.052704
-0.1739
-0.30363
-0.36504
-0.2977
-0.085572
0.23191
0.57029
0.82845
0.92409
0.82286
0.55037
0.18285
-0.1796
-0.44685
-0.56687
-0.53849
-0.40504
-0.23296
-0.084677
0.0032316
0.028496
0.01624
0.0010221
0.0066336
0.032907
0.055373
0.037782
-0.048196
-0.20502
-0.40142
-0.57884
-0.67043
-0.62555
-0.43037
-0.11614
0.24823
0.57697
0.7942
0.85694
0.76651
0.56484
0.31792
0.093185
-0.060731
-0.12513
-0.11052
-0.0461
0.034754
0.1067
0.15761
0.18585
0.19261
0.17426
0.11962
0.014027
-0.15099
-0.36738
-0.60486
-0.81402
-0.93864
-0.93354
-0.78164
-0.50343
-0.15451
0.18887
0.4519
0.58342
0.57091
0.44295
0.25882
0.088792
-0.0077199
0.00084938
0.11125
0.28963
0.4843
0.64179
0.72084
0.70028
0.58008
0.37712
0.1187
-0.16302
-0.43464
-0.66343
-0.81937
-0.8788
-0.83012
-0.67958
-0.45457
-0.20119
0.024999
0.17357
0.21498
0.15183
0.020848
-0.11662
-0.19345
-0.15933
0.00052313
0.25741
0.54531
0.77995
0.88478
0.81555
0.57516
0.21395
-0.18466
-0.52848
-0.74274
-0.79014
-0.67862
-0.4555
-0.19064
0.045303
0.20047
0.25384
0.21706
0.12679
0.031147
-0.025361
-0.014189
0.07027
0.20994
0.36792
0.4974
0.55283
0.5012
0.33155
0.060487
-0.26811
-0.59038
-0.8361
-0.94636
-0.89054
-0.67746
-0.3562
-0.0046225
0.292
0.4665
0.491
0.3863
0.215
0.059685
-0.0070783
0.049587
0.21178
0.41289
0.56046
0.57058
0.40158
0.074258
-0.32968
-0.69188
-0.89646
-0.87064
-0.61179
-0.19098
0.26941
0.63621
0.81003
0.7578
0.52138
0.1994
-0.090936
-0.25762
-0.26678
-0.15251
-1.7408e-14
0.091114
0.048991
-0.13918
-0.41927
-0.68887
-0.83577
-0.78147
-0.51317
-0.091892
0.3667
0.73161
0.90153
0.83888
0.58053
0.22185
-0.11925
-0.34435
-0.40686
-0.32302
-0.15858
0.0023644
0.093232
0.091144
0.023243
-0.048627
-0.057961
0.034436
0.21991
0.44146
0.61381
0.65611
0.52452
0.23167
-0.15455
-0.53279
-0.80219
-0.89592
-0.80196
-0.56396
-0.26284
0.013154
0.19817
0.26732
0.23818
0.15627
0.071867
0.018327
0.00082835
-0.00052197
-0.015645
-0.065004
-0.14491
-0.22463
-0.25706
-0.19885
-0.031483
0.22567
0.51649
0.76381
0.89426
0.86324
0.67065
0.36154
0.0117
-0.29658
-0.49955
-0.56922
-0.5174
-0.38636
-0.23097
-0.099549
-0.020794
-0.00032991
-0.026587
-0.081645
-0.15122
-0.22908
-0.31445
-0.40451
-0.48682
-0.53661
-0.52171
-0.41415
-0.20402
0.090375
0.42148
0.72235
0.92515
0.98217
0.88191
0.65423
0.36217
0.083093
-0.11471
-0.19205
-0.14888
-0.021703
0.13019
0.24431
0.27362
0.19838
0.028512
-0.20276
-0.45044
-0.66981
-0.82522
-0.89411
-0.86713
-0.74634
-0.54386
-0.28159
0.0087444
0.28716
0.51057
0.64167
0.65955
0.56851
0.40068
0.20999
0.057772
-0.0061479
0.03918
0.17652
0.35333
0.49704
0.5383
0.43477
0.18738
-0.15705
-0.51788
-0.8041
-0.94138
-0.89419
-0.67573
-0.3431
0.020605
0.33079
0.52474
0.57678
0.50132
0.34411
0.16547
0.021436
-0.051572
-0.04469
0.024013
0.11727
0.19049
0.20436
0.13529
-0.018153
-0.23372
-0.4691
-0.67015
-0.78274
-0.76612
-0.60512
-0.31752
0.04623
0.41253
0.70219
0.85183
0.83296
0.66198
0.39692
0.12044
-0.086397
-0.17103
-0.12773
-1.2088e-14
0.13488
0.1946
0.12411
-0.080445
-0.36579
-0.63687
-0.78923
-0.74745
-0.49547
-0.087361
0.36668
0.73509
0.90864
0.83769
0.54924
0.13749
-0.26918
-0.55281
-0.64589
-0.5522
-0.34096
-0.11689
0.022276
0.024365
-0.097216
-0.26984
-0.39179
-0.37451
-0.18049
0.15807
0.54737
0.86414
1
0.90129
0.58941
0.15423
-0.2771
-0.58399
-0.69267
-0.59826
-0.36124
-0.080612
0.14505
0.25337
0.23737
0.14144
0.037114
-0.010892
0.026067
0.12782
0.23417
0.27139
0.18535
-0.032312
-0.33583
-0.63851
-0.84266
-0.87475
-0.71252
-0.39369
-0.003245
0.35561
0.59581
0.67332
0.59728
0.42069
0.21671
0.050483
-0.042284
-0.062475
-0.038984
-0.0095648
-0.00025363
-0.012598
-0.024095
-0.0012603
0.080812
0.22147
0.38808
0.52385
0.56734
0.47644
0.247
-0.081251
-0.43464
-0.72788
-0.89087
-0.89032
-0.73871
-0.4878
-0.20988
0.026013
0.17407
0.22154
0.1861
0.10355
0.012006
-0.060858
-0.1029
-0.11437
-0.099705
-0.059545
0.012425
0.12573
0.28419
0.47653
0.67178
0.82323
0.8809
0.80868
0.59968
0.28344
-0.078766
-0.40993
-0.63965
-0.72533
-0.66484
-0.49634
-0.28538
-0.10375
-0.0076062
-0.021663
-0.13443
-0.30482
-0.47689
-0.59702
-0.62785
-0.55524
-0.38779
-0.15071
0.12209
0.39485
0.63415
0.8108
0.9014
0.89099
0.77722
0.57459
0.31612
0.04977
-0.17124
-0.30242
-0.32222
-0.24115
-0.10135
0.034474
0.1025
0.059457
-0.10083
-0.34228
-0.59538
-0.77785
-0.82072
-0.69116
-0.4045
-0.021225
0.37018
0.67886
0.83748
0.82025
0.6477
0.37771
0.086297
-0.15516
-0.29901
-0.33159
-0.27254
-0.16484
-0.059497
5.9264e-15
-0.010621
-0.091069
-0.21783
-0.35102
-0.44459
-0.45781
-0.36575
-0.16693
0.11347
0.42628
0.7073
0.89152
0.92989
0.80422
0.53544
0.18141
-0.17656
-0.45588
-0.59702
-0.5823
-0.44205
-0.24488
-0.074274
0.0011549
-0.04667
-0.19333
-0.36906
-0.48355
-0.46026
-0.26798
0.062478
0.44371
0.75857
0.89983
0.80873
0.49824
0.051853
-0.40239
-0.73408
-0.85391
-0.74286
-0.45637
-0.10217
0.2001
0.36239
0.35864
0.23084
0.068848
-0.028145
0.0067098
0.17924
0.42991
0.6557
0.74988
0.64467
0.34
-0.092472
-0.53228
-0.85139
-0.9586
-0.83062
-0.5186
-0.12808
0.21948
0.42903
0.4623
0.34547
0.15254
-0.027991
-0.1294
-0.13148
-0.064561
0.0080617
0.021176
-0.060915
-0.22578
-0.41479
-0.54508
-0.54259
-0.37334
-0.060115
0.32202
0.66998
0.8875
0.91759
0.76063
0.47184
0.13992
-0.14451
-0.31847
-0.3636
-0.30527
-0.19581
-0.089937
-0.022846
0.00029103
0.00011186
0.0071784
0.042332
0.10257
0.15907
0.16857
0.093367
-0.07865
-0.32278
-0.58063
-0.77719
-0.84587
-0.75225
-0.50735
-0.16558
0.19213
0.48371
0.65072
0.67395
0.575
0.40456
0.22271
0.079255
0.00083946
-0.011271
0.026001
0.089569
0.16094
0.23102
0.29765
0.35824
0.40244
0.40954
0.35331
0.21296
-0.014154
-0.30409
-0.60687
-0.8575
-0.99458
-0.98019
-0.81392
-0.53537
-0.21364
0.072989
0.26042
0.31738
0.25316
0.1123
-0.041306
-0.14511
-0.15633
-0.062476
0.11829
0.3457
0.57061
0.74791
0.84541
0.84721
0.75246
0.57225
0.32663
0.043127
-0.24421
-0.49688
-0.67688
-0.75471
-0.71857
-0.58115
-0.38042
-0.17219
-0.015307
0.046486
1.9544e-15
-0.13057
-0.28896
-0.40361
-0.41104
-0.2783
-0.016419
0.31988
0.64697
0.87704
0.94471
0.82704
0.55039
0.18223
-0.18921
-0.48045
-0.63551
-0.6389
-0.51582
-0.32069
-0.11839
0.035176
0.10766
0.096423
0.02562
-0.06356
-0.12608
-0.12587
-0.045359
0.10983
0.31154
0.51469
0.66676
0.71982
0.64296
0.43232
0.11589
-0.24934
-0.58876
-0.82808
-0.91371
-0.82936
-0.60297
-0.30049
-0.0070529
0.19943
0.27362
0.21814
0.082923
-0.052698
-0.10942
-0.038993
0.15469
0.41308
0.64114
0.74078
0.64798
0.35998
-0.058218
-0.49162
-0.81194
-0.92078
-0.78384
-0.44355
-0.0051375
0.39937
0.65622
0.70788
0.57014
0.32206
0.0731
-0.080108
-0.090833
0.021032
0.17882
0.28162
0.24674
0.04559
-0.28121
-0.63566
-0.89696
-0.966
-0.80285
-0.44315
0.012874
0.43464
0.70599
0.76379
0.61654
0.33674
0.030764
-0.20138
-0.30111
-0.26801
-0.15287
-0.0311
0.031974
0.009478
-0.076313
-0.16496
-0.18559
-0.089779
0.12413
0.40541
0.66664
0.81481
0.78597
0.56996
0.21575
-0.18441
-0.52615
-0.72738
-0.75357
-0.62496
-0.40429
-0.17077
0.0088002
0.1009
0.11078
0.072058
0.026312
0.0020676
0.0024845
0.0065969
-0.017029
-0.090841
-0.21218
-0.34819
-0.44473
-0.44632
-0.31918
-0.068133
0.26007
0.5888
0.8351
0.9362
0.86944
0.65855
0.36445
0.064382
-0.17261
-0.30514
-0.3276
-0.26551
-0.16131
-0.057318
0.017379
0.051704
0.048781
0.017045
-0.038342
-0.11902
-0.23014
-0.37206
-0.53173
-0.67903
-0.77121
-0.76532
-0.63442
-0.38114
-0.042685
0.31582
0.61856
0.80127
0.83101
0.7164
0.50473
0.2668
0.074675
-0.019973
-2.262e-15
0.11474
0.27646
0.42599
0.51078
0.49847
0.38265
0.18048
-0.075179
-0.34523
-0.59213
-0.78434
-0.89795
-0.9174
-0.83684
-0.66286
-0.41721
-0.13701
0.12964
0.33338
0.43672
0.42658
0.32111
0.16726
0.0282
-0.036209
0.010042
0.16491
0.38589
0.60132
0.73222
0.71801
0.53744
0.21745
-0.17292
-0.54224
-0.80318
-0.89763
-0.81231
-0.58042
-0.26959
0.039513
0.2765
0.3995
0.40327
0.31595
0.18667
0.068834
0.0043114
0.012716
0.087876
0.20131
0.31092
0.37228
0.35006
0.22742
0.011696
-0.26473
-0.54927
-0.77936
-0.89686
-0.86356
-0.67377
-0.35963
0.013787
0.36377
0.61228
0.7089
0.64693
0.46624
0.24096
0.054771
-0.028275
0.012851
0.14736
0.30271
0.39107
0.34323
0.13782
-0.18567
-0.53578
-0.79826
-0.87573
-0.72383
-0.37035
0.090375
0.52686
0.81368
0.87336
0.70178
0.36791
-0.012341
-0.31823
-0.46704
-0.44154
-0.29228
-0.11397
-0.0054678
-0.028771
-0.18314
-0.40431
-0.5893
-0.63736
-0.49123
-0.16271
0.26751
0.67617
0.94012
0.9797
0.78647
0.42542
0.010979
-0.33368
-0.51873
-0.5157
-0.36163
-0.139
0.059629
0.16803
0.16943
0.098028
0.019212
-0.0024856
0.065802
0.20859
0.36637
0.45913
0.41976
0.22359
-0.097598
-0.46323
-0.77031
-0.92887
-0.89284
-0.67529
-0.34241
0.010631
0.29251
0.44487
0.4573
0.36384
0.22387
0.096254
0.01734
-0.0086237
-0.0040053
-0.00093214
-0.021404
-0.063664
-0.10106
-0.094013
-0.0098888
0.15804
0.3811
0.60016
0.74372
0.7529
0.60364
0.31752
-0.042998
-0.39363
-0.65446
-0.77404
-0.743
-0.5931
-0.38305
-0.17721
-0.025511
0.04871
0.049594
8.3875e-15
-0.071777
-0.14351
-0.20409
-0.25109
-0.28329
-0.29336
-0.26519
-0.1785
-0.019081
0.20968
0.47982
0.7408
0.93126
0.99748
0.9119
0.68489
0.36474
0.025021
-0.25681
-0.4224
-0.44942
-0.35676
-0.19662
-0.036606
0.061758
0.060864
-0.044063
-0.22686
-0.44106
-0.63469
-0.76384
-0.80125
-0.7386
-0.58395
-0.35691
-0.084324
0.20241
0.46889
0.67999
0.80426
0.82091
0.72731
0.54394
0.31353
0.092455
-0.064057
-0.11903
-0.067151
0.060879
0.20585
0.29805
0.28041
0.12917
-0.13531
-0.45194
-0.73592
-0.90434
-0.90196
-0.71881
-0.39374
-0.0030799
0.36184
0.62084
0.72647
0.67455
0.50137
0.26947
0.047294
-0.11061
-0.177
-0.15608
-0.078199
0.011812
0.06895
0.060739
-0.024379
-0.17428
-0.35595
-0.52284
-0.62538
-0.6228
-0.49422
-0.24649
0.083621
0.43464
0.73311
0.91158
0.92749
0.77713
0.49946
0.16717
-0.13371
-0.32985
-0.38413
-0.30809
-0.15803
-0.015089
0.044631
-0.02042
-0.19914
-0.4286
-0.6147
-0.66628
-0.53066
-0.21742
0.19921
0.60153
0.86656
0.90817
0.70785
0.32287
-0.13208
-0.5233
-0.74325
-0.74592
-0.55987
-0.27406
-0.0022122
0.16088
0.17452
0.065444
-0.085524
-0.17818
-0.13543
0.063112
0.36954
0.68307
0.88668
0.89133
0.67082
0.2741
-0.18994
-0.58944
-0.81471
-0.81478
-0.61217
-0.29111
0.035586
0.26791
0.35251
0.29673
0.15851
0.017513
-0.060229
-0.049688
0.024608
0.10173
0.11325
0.01576
-0.18676
-0.43989
-0.65674
-0.75003
-0.66583
-0.40569
-0.028757
0.36726
0.67875
0.83045
0.79858
0.61502
0.3519
0.093594
-0.092825
-0.17741
-0.17099
-0.1128
-0.048636
-0.009556
5.5012e-15
7.4304e-05
0.020889
0.083419
0.18404
0.29058
0.35225
0.31966
0.16702
-0.092976
-0.40808
-0.70053
-0.89141
-0.92656
-0.79451
-0.52998
-0.20199
0.10882
0.33514
0.44154
0.4307
0.3364
0.20751
0.089826
0.012816
-0.014616
0.00059729
0.045477
0.11024
0.19229
0.29331
0.41144
0.53328
0.63086
0.66637
0.60434
0.42667
0.14448
-0.19894
-0.5366
-0.79577
-0.91985
-0.88636
-0.71472
-0.46061
-0.19884
-0.00032148
0.088912
0.059979
-0.058891
-0.21381
-0.34344
-0.39743
-0.34937
-0.20094
0.022401
0.28115
0.53257
0.73917
0.87312
0.91723
0.86456
0.71842
0.49364
0.21779
-0.069643
-0.32218
-0.49579
-0.56096
-0.51326
-0.37816
-0.20655
-0.061217
0.0026731
-0.043452
-0.18974
-0.38823
-0.56626
-0.64925
-0.58559
-0.36535
-0.026079
0.35648
0.69004
0.89288
0.91759
0.76404
0.47776
0.13488
-0.18098
-0.40231
-0.49459
-0.46198
-0.3414
-0.18784
-0.056439
0.013259
0.0067491
-0.063888
-0.16561
-0.25477
-0.28924
-0.23947
-0.096507
0.12437
0.38506
0.63135
0.80411
0.85342
0.7525
0.50778
0.16136
-0.21638
-0.54343
-0.74819
-0.79068
-0.67564
-0.4523
-0.19955
-0.00033733
0.086593
0.047631
-0.080092
-0.22156
-0.29162
-0.22824
-0.01916
0.28865
0.60125
0.80873
0.8244
0.61827
0.23191
-0.23139
-0.63896
-0.8725
-0.86785
-0.63637
-0.26006
0.13818
0.4381
0.5638
0.50802
0.3304
0.13068
0.0072811
0.017376
0.15388
0.34823
0.49798
0.50848
0.33263
-0.0069847
-0.42229
-0.78914
-0.99104
-0.96094
-0.70545
-0.30257
0.12599
0.4573
0.60865
0.56276
0.36819
0.11587
-0.098213
-0.20919
-0.20465
-0.12346
-0.033777
-3.4744e-15
-0.052704
-0.1739
-0.30363
-0.36504
-0.2977
-0.085572
0.23191
0.57029
0.82845
0.92409
0.82286
0.55037
0.18285
-0.1796
-0.44685
-0.56687
-0.53849
-0.40504
-0.23296
-0.084677
0.0032316
0.028496
0.01624
0.0010221
0.0066336
0.032907
0.055373
0.037782
-0.048196
-0.20502
-0.40142
-0.57884
-0.67043
-0.62555
-0.43037
-0.11614
0.24823
0.57697
0.7942
0.85694
0.76651
0.56484
0.31792
0.093185
-0.060731
-0.12513
-0.11052
-0.0461
0.034754
0.1067
0.15761
0.18585
0.19261
0.17426
0.11962
0.014027
-0.15099
-0.36738
-0.60486
-0.81402
-0.93864
-0.93354
-0.78164
-0.50343
-0.15451
0.18887
0.4519
0.58342
0.57091
0.44295
0.25882
0.088792
-0.0077199
0.00084938
0.11125
0.28963
0.4843
0.64179
0.72084
0.70028
0.58008
0.37712
0.1187
-0.16302
-0.43464
-0.66343
-0.81937
-0.8788
-0.83012
-0.67958
-0.45457
-0.20119
0.024999
0.17357
0.21498
0.15183
0.020848
-0.11662
-0.19345
-0.15933
0.00052313
0.25741
0.54531
0.77995
0.88478
0.81555
0.57516
0.21395
-0.18466
-0.52848
-0.74274
-0.79014
-0.67862
-0.4555
-0.19064
0.045303
0.20047
0.25384
0.21706
0.12679
0.031147
-0.025361
-0.014189
0.07027
0.20994
0.36792
0.4974
0.55283
0.5012
0.33155
0.060487
-0.26811
-0.59038
-0.8361
-0.94636
-0.89054
-0.67746
-0.3562
-0.0046225
0.292
0.4665
0.491
0.3863
0.215
0.059685
-0.0070783
0.049587
0.21178
0.41289
0.56046
0.57058
0.40158
0.074258
-0.32968
-0.69188
-0.89646
-0.87064
-0.61179
-0.19098
0.26941
0.63621
0.81003
0.7578
0.52138
0.1994
-0.090936
-0.25762
-0.26678
-0.15251
-1.7408e-14
0.091114
0.048991
-0.13918
-0.41927
-0.68887
-0.83577
-0.78147
-0.51317
-0.091892
0.3667
0.73161
0.90153
0.83888
0.58053
0.22185
-0.11925
-0.34435
-0.40686
-0.32302
-0.15858
0.0023644
0.093232
0.091144
0.023243
-0.048627
-0.057961
0.034436
0.21991
0.44146
0.61381
0.65611
0.52452
0.23167
-0.15455
-0.53279
-0.80219
-0.89592
-0.80196
-0.56396
-0.26284
0.013154
0.19817
0.26732
0.23818
0.15627
0.071867
0.018327
0.00082835
-0.00052197
-0.015645
-0.065004
-0.14491
-0.22463
-0.25706
-0.19885
-0.031483
0.22567
0.51649
0.76381
0.89426
0.86324
0.67065
0.36154
0.0117
-0.29658
-0.49955
-0.56922
-0.5174
-0.38636
-0.23097
-0.099549
-0.020794
-0.00032991
-0.026587
-0.081645
-0.15122
-0.22908
-0.31445
-0.40451
-0.48682
-0.53661
-0.52171
-0.41415
-0.20402
0.090375
0.42148
0.72235
0.92515
0.98217
0.88191
0.65423
0.36217
0.083093
-0.11471
-0.19205
-0.14888
-0.021703
0.13019
0.24431
0.27362
0.19838
0.028512
-0.20276
-0.45044
-0.66981
-0.82522
-0.89411
-0.86713
-0.74634
-0.54386
-0.28159
0.0087444
0.28716
0.51057
0.64167
0.65955
0.56851
0.40068
0.20999
0.057772
-0.0061479
0.03918
0.17652
0.35333
0.49704
0.5383
0.43477
0.18738
-0.15705
-0.51788
-0.8041
-0.94138
-0.89419
-0.67573
-0.3431
0.020605
0.33079
0.52474
0.57678
0.50132
0.34411
0.16547
0.021436
-0.051572
-0.04469
0.024013
0.11727
0.19049
0.20436
0.13529
-0.018153
-0.23372
-0.4691
-0.67015
-0.78274
-0.76612
-0.60512
-0.31752
0.04623
0.41253
0.70219
0.85183
0.83296
0.66198
0.39692
0.12044
-0.086397
-0.17103
-0.12773
-1.2088e-14
0.13488
0.1946
0.12411
-0.080445
-0.36579
-0.63687
-0.78923
-0.74745
-0.49547
-0.087361
0.36668
0.73509
0.90864
0.83769
0.54924
0.13749
-0.26918
-0.55281
-0.64589
-0.5522
-0.34096
-0.11689
0.022276
0.024365
-0.097216
-0.26984
-0.39179
-0.37451
-0.18049
0.15807
0.54737
0.86414
1
0.90129
0.58941
0.15423
-0.2771
-0.58399
-0.69267
-0.59826
-0.36124
-0.080612
0.14505
0.25337
0.23737
0.14144
0.037114
-0.010892
0.026067
0.12782
0.23417
0.27139
0.18535
-0.032312
-0.33583
-0.63851
-0.84266
-0.87475
-0.71252
-0.39369
-0.003245
0.35561
0.59581
0.67332
0.59728
0.42069
0.21671
0.050483
-0.042284
-0.062475
-0.038984
-0.0095648
-0.00025363
-0.012598
-0.024095
-0.0012603
0.080812
0.22147
0.38808
0.52385
0.56734
0.47644
0.247
-0.081251
-0.43464
-0.72788
-0.89087
-0.89032
-0.73871
-0.4878
-0.20988
0.026013
0.17407
0.22154
0.1861
0.10355
0.012006
-0.060858
-0.1029
-0.11437
-0.099705
-0.059545
0.012425
0.12573
0.28419
0.47653
0.67178
0.82323
0.8809
0.80868
0.59968
0.28344
-0.078766
-0.40993
-0.63965
-0.72533
-0.66484
-0.49634
-0.28538
-0.10375
-0.0076062
-0.021663
-0.13443
-0.30482
-0.47689
-0.59702
-0.62785
-0.55524
-0.38779
-0.15071
0.12209
0.39485
0.63415
0.8108
0.9014
0.89099
0.77722
0.57459
0.31612
0.04977
-0.17124
-0.30242
-0.32222
-0.24115
-0.10135
0.034474
0.1025
0.059457
-0.10083
-0.34228
-0.59538
-0.77785
-0.82072
-0.69116
-0.4045
-0.021225
0.37018
0.67886
0.83748
0.82025
0.6477
0.37771
0.086297
-0.15516
-0.29901
-0.33159
-0.27254
-0.16484
-0.059497
5.9264e-15
-0.010621
-0.091069
-0.21783
-0.35102
-0.44459
-0.45781
-0.36575
-0.16693
0.11347
0.42628
0.7073
0.89152
0.92989
0.80422
0.53544
0.18141
-0.17656
-0.45588
-0.59702
-0.5823
-0.44205
-0.24488
-0.074274
0.0011549
-0.04667
-0.19333
-0.36906
-0.48355
-0.46026
-0.26798
0.062478
0.44371
0.75857
0.89983
0.80873
0.49824
0.051853
-0.40239
-0.73408
-0.85391
-0.74286
-0.45637
-0.10217
0.2001
0.36239
0.35864
0.23084
0.068848
-0.028145
0.0067098
0.17924
0.42991
0.6557
0.74988
0.64467
0.34
-0.092472
-0.53228
-0.85139
-0.9586
-0.83062
-0.5186
-0.12808
0.21948
0.42903
0.4623
0.34547
0.15254
-0.027991
-0.1294
-0.13148
-0.064561
0.0080617
0.021176
-0.060915
-0.22578
-0.41479
-0.54508
-0.54259
-0.37334
-0.060115
0.32202
0.66998
0.8875
