1675934356348826249,0.0,0.0,0.0
1675934356543314270,-0.20692378,-0.09508324,-0.019371033
1675934356738809999,-1.1006212,-0.8951783,0.95500517
1675934356932889686,-1.5617661,-1.5897279,1.1302319
1675934357128078540,-2.19459,-1.675765,0.21296787
1675934357322641040,3.0087097,-0.8260975,3.6740162
1675934357517750051,1.9466232,-0.8867364,2.026668
1675934357712694790,0.22411215,0.10434723,0.22143763
1675934357907713748,2.184548,0.8194437,0.9466262
1675934358102042342,1.1161331,4.3238306,3.339751
1675934358296175467,-0.3326429,3.2982464,-0.74188733
1675934358492111665,-5.471659,1.7863169,-0.840158
1675934358686353227,-2.197106,1.1733546,0.526144
1675934358880914060,-0.078654885,1.2358613,0.5972905
1675934359077265831,-0.9243481,0.86139107,0.22440958
1675934359270322862,0.54380727,1.6644678,0.07542086
1675934359464870310,-1.5318696,1.4998178,-0.30617094
1675934359659712133,-0.7077738,-0.6346245,-1.6097379
1675934359854152810,-1.0153872,-0.6219082,-1.633594
1675934360049146977,1.4177072,-0.33908224,-1.5704541
1675934360244259372,4.262766,1.1580672,-2.107401
1675934360438610206,0.7366383,-0.10213661,-1.326683
1675934360633356560,-3.0288582,-0.27956438,0.8113017
1675934360828876716,-1.4312892,1.5185056,0.039806366
1675934361023555935,0.2798336,1.0795736,-1.4383459
1675934361218235414,-0.3532635,0.08282471,-2.9257846
1675934361413214112,-0.35184276,-1.3965621,-3.1343513
1675934361608107393,-0.009545326,-0.54085255,-2.3271878
1675934361803409320,1.0448021,-0.095440865,-1.2358758
1675934361997371143,0.59746516,-0.18588829,-0.50915074
1675934362193006611,1.4288921,-0.37219238,-1.4514074
1675934362386947028,0.5832596,0.14245129,-1.749779
1675934362582603590,1.9444096,0.2637396,-0.4440261
1675934362777474319,2.1469896,0.2421856,0.1971854
1675934362971787913,0.6188225,0.30298042,0.58128595
1675934363166561455,-0.54730177,0.3050871,0.040653944
1675934363361563069,-0.45691237,0.11916447,-1.115325
1675934363558393850,-0.13406742,-0.023648262,-1.3517416
1675934363750634579,0.28721786,0.09081936,-0.73616886
1675934363946102340,0.67198765,0.22087193,-0.51405513
1675934364142798173,1.2961618,0.2704525,-0.67097926
1675934364335362183,0.88018453,0.1445589,-0.6208823
1675934364530564475,0.118760765,0.023290634,-0.2561276
1675934364727431819,-0.46264976,0.03024292,0.14045274
1675934364919617444,-0.7669728,0.13258553,-0.07631874
1675934365115243121,-0.6761051,0.025377274,-0.4478668
1675934365309799110,-0.49009544,0.0061330795,-0.40957367
1675934365504131714,-0.2420466,-0.0094347,-0.13375938
1675934365700717287,-0.02543021,0.011967659,0.06415093
1675934365894489058,0.033663325,0.030463219,0.20834208
1675934366088709579,0.14322029,0.008885384,0.18870252
1675934366283714631,0.30528596,-0.1412201,0.04027009
1675934366478385099,0.18739976,0.2826891,0.03216386
1675934366678190985,0.10587187,-0.07716274,0.021867752
1675934366878097703,0.11679649,0.010498047,0.031769216
1675934367062110255,0.034751147,-0.0012168884,0.06634557
1675934367258830568,-0.21017137,-0.020832062,-0.08340675
1675934367451493953,-0.26544717,-0.033288002,-0.14692938
1675934367648479838,-0.1741288,-0.0071344376,-0.008215487
1675934367842107026,-0.013688356,-0.0098257065,0.058056355
1675934368047761140,0.15334842,0.01437664,0.038965523
1675934368231669942,0.06193334,-0.017325401,-0.008425832
1675934368426516505,0.062880784,0.010548592,0.035122365
1675934368620961401,-0.064373314,-0.015812874,0.046493858
1675934368815846505,-0.045956135,0.006866455,-0.077037364
1675934369011058380,-0.070233405,-0.006966591,-0.101484805
1675934369205873119,0.01222676,-0.0018978119,0.0150589645
1675934369399975671,0.002889514,-0.0065965652,0.07666202
1675934369595901400,0.018569827,-0.004260063,0.030084148
1675934369791252338,0.015726745,-9.918213E-5,0.012136519
1675934369984948535,-0.025777519,-0.00641346,0.0013468564
1675934370179446608,-0.061383247,-0.008366585,-0.022881448
1675934370374574837,-0.052352607,-0.0071058273,-0.033932164
1675934370568910098,0.001565516,-2.2602081E-4,-0.016699836
1675934370763656191,-0.00521183,-0.003727913,0.0014009625
1675934370959155254,-0.037079036,-0.0036001205,0.014360413
1675934371153730306,-0.048012197,-0.0037298203,0.023073064
1675934371348147129,-0.042553306,-2.0503998E-4,0.015144408
1675934371542590670,-0.053433478,-0.0035982132,-0.0038401037
1675934371738109316,-0.04055673,-0.0013074875,-0.0021728985
1675934371933105826,-0.016184986,-0.0039434433,0.012198521
1675934372127445253,-0.011177123,-0.0036354065,0.010484163
1675934372322156243,-0.028076828,-0.0041627884,0.006223064
1675934372517845462,-0.036498964,-0.001988411,0.016275425
1675934372712687024,-0.03591889,7.5149536E-4,0.013748439
1675934372906686034,-0.030281365,0.008207321,-0.0022012666
1675934373101568951,-0.022252083,-0.015954971,-0.0016911663
1675934373296249315,-0.003023684,0.012309074,0.013341147
1675934373490910201,-0.005738914,-0.003982544,0.0042863116
1675934373688647336,-0.014087677,-0.0059804916,-0.0052887276
1675934373881476086,-0.021247327,0.011624336,-3.0013174E-4
1675934374075648534,-0.018802702,-0.015648842,0.0019230396
1675934374270181242,-0.01521188,0.010690689,-0.0018674806
1675934374465402023,-0.0035484433,-0.014989853,-0.0037011653
1675934374660049523,0.004902184,0.0069589615,0.0029163882
1675934374858836086,0.001727581,-0.0011539459,0.0035366565
1675934375054953898,-0.0041614175,3.862381E-4,0.0054504424
1675934375244612440,-0.009367406,0.010344505,0.0020501763
1675934375439676867,-0.007852018,-0.0053625107,-0.008022532
1675934375634258898,-0.004365027,0.008799553,-0.0064090937
1675934375829408637,-5.623102E-4,-0.004925728,-0.0033383518
1675934376023706554,0.004725516,-4.673004E-5,-0.0035357028
1675934376218741502,0.0050145984,-5.0258636E-4,-0.0058723986
1675934376413229991,0.0014756322,-0.007027626,-0.0042713434
1675934376608139783,0.0034523606,0.0061511993,0.0019449294
1675934376803292595,2.9867887E-4,-0.0047245026,-0.003077373
1675934376998295668,0.002799809,0.0031366348,-0.0067617744
1675934377192208481,0.006864488,-6.20842E-4,-0.0025745928
1675934377386846085,0.008970737,0.0016489029,0.0015147477
1675934377581883949,0.005081713,0.005677223,-0.0012129843
1675934377776574835,0.0035838485,-0.0013017654,-0.0050336868
1675934377971192803,0.0011305213,0.0028705597,-0.003334567
1675934378166125355,-0.0016736984,-0.0025157928,-0.0050385
1675934378361384782,-0.005334437,-0.0035142899,-0.009793088
1675934378556292647,-0.007381618,-0.0036678314,-0.006584093
1675934378750063792,-0.006485164,-0.0045757294,0.0015711635
1675934378945973272,-0.0054699183,0.0034456253,0.004610181
1675934379140124261,-0.006731808,0.0011434555,0.004785076
1675934379335316969,-0.009413898,0.0042066574,0.0025450438
1675934379530253428,-0.00850302,0.002087593,-0.0037520677
1675934379724711292,-0.0070922375,-0.0014104843,-0.0025492162
1675934379919202282,-0.003606975,-3.042221E-4,-0.005607009
1675934380114327438,-0.0019856095,-0.0038690567,-0.0049759448
1675934380312266292,-0.0025414824,-4.119873E-4,-0.0052580833
1675934380508272490,-0.0074178576,-5.2928925E-4,9.2865527E-4
1675934380699258271,-0.0063111186,5.3691864E-4,0.0041457266
1675934380894032021,-0.0069540143,-2.0980835E-4,-0.0010810345
1675934381088772177,-0.0049783587,-0.0037879944,-0.0052030683
1675934381282938427,-0.0019857287,-3.633499E-4,-0.0023895502
1675934381477922750,-8.828044E-4,-0.0030584335,0.0028953105
1675934381674613739,-0.0010455847,0.0010547638,-8.774549E-4
1675934381868462541,-0.0014292598,0.0014848709,-0.0024855584
1675934382062229156,-0.003993869,0.0041894913,3.002137E-4
1675934382257064260,-0.0055605173,0.0036783218,-0.0024037212
1675934382452331499,-0.0049393773,-0.0021877289,-0.00433363
1675934382646613947,7.8099966E-4,9.622574E-4,-0.0037970692
1675934382842437645,9.5051527E-4,-0.001748085,-0.003906086
1675934383036683218,0.0028811693,-0.0017881393,-0.002115041
1675934383231189676,0.0021973252,0.0025701523,-2.1852553E-4
1675934383426046239,0.0020173788,-0.0053548813,-0.0030355006
1675934383620753686,-0.0026539564,0.0032930374,-0.0038669258
1675934383816398061,-0.0028318763,-0.0028476715,9.112954E-4
1675934384011216238,-2.5689602E-4,0.0010061264,0.0025522113
1675934384205559988,7.8350306E-4,0.0025224686,0.001045227
1675934384400126290,1.0430813E-5,-0.0015888214,-0.003559053
1675934384594697853,0.0021696687,0.0020914078,-0.0015897006
1675934384789583113,0.0019581318,-4.1103363E-4,-8.021295E-4
1675934384984215821,0.0024419427,3.6525726E-4,-0.005431086
1675934385180087488,0.0014289021,-7.5626373E-4,-0.0063785464
1675934385373930769,0.0037190318,4.7016144E-4,-8.433908E-4
1675934385569126290,0.0012989044,8.5163116E-4,0.0023989826
1675934385763488009,-7.250309E-4,-3.9100647E-5,-0.0019083172
1675934385958713894,0.0011714101,6.532669E-4,-0.002032116
1675934386152983477,-0.0010554194,-0.0038404465,0.0014937669
1675934386348048060,7.8594685E-4,0.0030050278,5.2793324E-4
1675934386542865612,-0.0016272664,-0.0019702911,-0.0036971122
1675934386739447227,-0.0027006269,-7.619858E-4,-0.0045948923
1675934386931924206,-0.003333509,-9.4127655E-4,-0.0027550757
1675934387127436966,-0.0034475923,0.002541542,-6.96823E-4
1675934387322709935,-0.005235374,3.7574768E-4,-0.0010316819
1675934387517481393,-0.004804671,6.580353E-5,-0.0030314028
1675934387712258320,-0.00449872,1.707077E-4,-0.0013106614
1675934387907542435,-0.004782498,-0.0023517609,0.0010652542
1675934388101110872,-0.0013824105,7.123947E-4,0.0015557706
1675934388296223685,-0.004240215,-8.5544586E-4,-0.0016257316
1675934388493329935,-0.0047908425,0.0013456345,-0.0024933517
1675934388685423632,-0.0034927726,-4.9972534E-4,-0.0016265064
1675934388880157903,-0.0025756955,-0.0012617111,-0.0013020486
1675934389075869622,-0.0031595826,-0.001250267,-7.5894594E-4
1675934389270196236,-0.0028648973,-2.2220612E-4,3.7029386E-5
1675934389465005820,-0.0011751056,8.28743E-4,0.0033738762
1675934389660149986,8.048415E-4,0.0028791428,0.0029216856
1675934389853827590,-0.001401484,-5.2165985E-4,-0.004968986
1675934390051040247,-0.0033008456,-0.0025453568,-0.007595375
1675934390244044726,0.0019621253,0.002049446,-0.0039021522
1675934390438497278,0.002108395,-0.0013809204,-0.0016539991
1675934390633518528,0.0012409091,6.7329407E-4,-0.004716754
1675934390828671132,3.8397312E-4,-4.8732758E-4,-0.0052410215
1675934391023245611,0.0038277507,0.0014047623,-0.0020625591
1675934391218216131,0.001259923,0.0027914047,0.0014211982
1675934391413663215,8.0764294E-5,-0.0010576248,-0.002377078
1675934391607813371,4.64499E-4,-0.0014038086,-0.0039547384
1675934391805187381,0.0012949109,-8.5544586E-4,-0.0019149929
1675934391997202537,0.0025587082,-0.0021600723,-0.0013953745
1675934392192551808,2.732277E-4,8.029938E-4,-0.0012580007
1675934392388407850,-6.1929226E-5,0.0010852814,-0.0041520745
1675934392581845506,1.3029575E-4,-1.6975403E-4,-2.0061433E-4
1675934392776512120,-0.0040795207,1.2683868E-4,0.0030944198
1675934392972276443,-0.003555119,-0.0014390945,-0.0034570396
1675934393166827329,-0.0013907552,-0.0010414124,-0.0035532415
1675934393361065714,-0.0026900172,-8.201599E-5,-0.0016462058
1675934393555340037,-0.0063202977,0.0014848709,-0.0020563006
1675934393750171756,-0.0051647425,-4.234314E-4,-0.0011628866
1675934393947878318,-0.004367113,0.0012989044,-0.002835855
1675934394140208891,-0.0045391917,2.412796E-4,-0.0018246621
1675934394334751130,-0.0077494383,-0.0017223358,-0.0020779073
1675934394530686703,-0.0065519214,-8.831024E-4,-0.0024587363
1675934394724423786,-0.0048790574,-0.0019798279,-3.5391748E-4
1675934394919520818,-0.0042833686,0.0026016235,-8.954704E-4
1675934395114278890,-0.0047830343,-0.0041971207,-0.0032843053
1675934395309150870,-0.0038257241,8.9359283E-4,-0.0012405366
1675934395503958942,-0.0052499175,0.0022392273,-0.0012760758
1675934395699391546,-0.0022652745,-0.0028791428,-0.0025393814
1675934395893817276,-0.0021194816,0.002746582,-0.001442343
1675934396088388265,-0.0023831725,-0.0013551712,-0.0014377534
1675934396283148057,-6.236434E-4,4.606247E-4,-8.8870525E-4
1675934396478735557,-5.2183867E-4,0.0022230148,-4.262179E-4
1675934396673519619,-0.0031003356,-0.0013666153,-0.0028841794
1675934396867380244,-0.0017682314,5.350113E-4,-0.002892539
1675934397062161911,8.352399E-4,-0.0016260147,-0.0012832135
1675934397256976233,-0.002588749,-0.0019311905,-0.0012991875
1675934397451696494,-0.001267612,-0.0014858246,-0.004188314
1675934397646650869,-0.0012121797,-0.0012950897,-0.0011738986
1675934397841276962,9.772778E-4,6.6280365E-4,9.546429E-4
1675934398035995087,-0.0023505092,0.0015945435,1.6649067E-4
1675934398231965191,-0.0028223991,0.0013389587,-7.9631805E-4
1675934398425919306,-2.1260977E-4,8.010864E-4,-0.0030134171
1675934398620831129,-0.0012937188,9.346008E-5,-0.0015666187
1675934398815861389,4.4053793E-4,0.0019445419,-0.0015463829
1675934399011181493,-0.0024362803,-0.003965378,-0.0025966614
1675934399204968993,-0.0018758178,-6.713867E-4,-0.0020658523
1675934399399969358,-0.0020350814,7.4386597E-4,-0.0022182465
1675934399594710087,-0.003436625,-0.0013151169,-0.0018160194
1675934399789992118,-0.0020816922,-9.6321106E-5,-6.495863E-4
1675934399984496024,-0.002130568,5.464554E-4,-8.0780685E-4
1675934400179738263,2.1529198E-4,-2.9850006E-4,7.169992E-4
1675934400373824513,3.2943487E-4,-1.5735626E-4,1.900047E-4
1675934400570813524,-4.968047E-4,9.441376E-5,-0.0011730194
1675934400766835295,-6.530881E-4,-0.0012407303,-0.0026821196
1675934400959049097,-0.0015780926,2.07901E-4,-0.0011312515
1675934401152791961,-0.0024588704,0.0010128021,-0.0012375861
1675934401347879305,-0.0025380254,2.8705597E-4,-0.001555875
1675934401543453992,-7.762313E-4,0.001748085,-0.0021651834
1675934401738099461,-0.0027256608,-3.9482117E-4,-0.0015899986
1675934401932336075,-6.737113E-4,-0.0037841797,-0.0045980364
1675934402127257221,-2.451539E-4,-0.0011329651,-0.003025636
1675934402321899617,-0.004104674,-9.2697144E-4,0.0020491332
1675934402517394044,-0.0038793683,0.0028123856,2.2436678E-4
1675934402712251544,-0.0054163337,0.0030145645,-0.0026706606
1675934402907248367,-0.004627228,-0.0013608932,-0.0020828992
1675934403101112117,-0.0018164515,0.004424095,0.001438722
1675934403296917377,-0.0034783483,-0.005373955,-0.0011279881
1675934403490819929,-0.0037509203,-0.0017127991,-0.0074693114
1675934403685861387,-0.00270015,7.724762E-5,-0.0053456575
1675934403880319200,-0.0046343803,-0.0045986176,0.0018180162
1675934404075387012,-0.005476773,0.0030918121,0.0018535405
1675934404270130970,-0.005274236,-9.365082E-4,-0.0037462711
1675934404464857949,-0.002265215,0.002002716,5.7947636E-4
1675934404659388731,-0.001706183,2.48909E-4,0.0020545423
1675934404853899668,-0.002435267,5.130768E-4,-0.0013973266
1675934405048964303,-9.870529E-5,-5.979538E-4,-0.0034997761
1675934405244705241,5.261898E-4,-0.003001213,-0.0023254007
1675934405438642220,-0.004717171,0.0026426315,3.284067E-4
1675934405633182793,-0.0027680993,2.2602081E-4,-0.0034065694
1675934405828689772,1.5497208E-5,-0.0022201538,-0.0035963506
1675934406023324772,-0.0014596581,-0.0011463165,-0.0033729523
1675934406218525449,-0.0012355447,-4.5490265E-4,-0.0010092705
1675934406412971959,3.629923E-5,-0.0011606216,0.0014769882
1675934406607856594,0.0011948943,0.0012617111,-3.1287968E-4
1675934406802490344,-6.303191E-4,0.0013999939,-0.0042074323
1675934406997995605,-0.0018212199,-0.0010080338,-7.7976286E-4
1675934407192386386,8.8983774E-4,5.340576E-5,0.0016901493
1675934407390368573,-0.001693666,0.0011043549,-0.005404189
1675934407582193156,-4.890561E-4,4.4345856E-4,-0.0057408214
1675934407776448834,-5.8430433E-4,-0.0011463165,-0.0013302118
1675934407971137896,-0.001314342,-0.0016145706,0.002575323
1675934408167086594,-6.830096E-4,0.0010137558,-0.0023254901
1675934408360673573,-0.0024012327,0.0013418198,-0.004482642
1675934408555752531,-7.882118E-4,-0.0035943985,-0.0014558285
1675934408750653052,-5.6129694E-4,0.0014152527,-6.4206123E-4
1675934408944914875,3.029108E-4,-0.0011415482,-0.0016257316
1675934409139689666,-0.004041195,4.3201447E-4,-0.0030836612
1675934409334593260,-0.0021029115,0.002043724,0.0022386163
1675934409529662635,-0.004137337,8.3065033E-4,4.2627752E-4
1675934409724350239,-0.0036171079,6.7710876E-4,-0.0019360781
1675934409918826229,-0.0047199726,-3.8719177E-4,-0.00433068
1675934410114617478,-0.005331695,-6.1893463E-4,0.0010374337
1675934410308985655,-0.0015040636,-0.0038337708,-0.0015369207
1675934410503892530,-0.0031027794,9.756088E-4,-0.005922243
1675934410698500968,-0.0016966462,-3.7956238E-4,-0.0038653016
1675934410893472530,-0.00196594,0.0016622543,0.0011413097
1675934411088383259,-0.0049268007,-0.0013914108,0.003034994
1675934411282876384,-0.0016537309,6.8950653E-4,-0.0034240335
1675934411478478936,-7.621646E-4,5.168915E-4,-0.0039862692
1675934411672701384,-5.943179E-4,-7.0858E-4,-0.0018938482
1675934411867400863,-0.002406776,-0.0012273788,6.6791475E-4
1675934412063063728,-0.0014954209,1.1539459E-4,-0.0022523105
1675934412257414405,0.0039028525,1.11579895E-4,0.0020875782
1675934412451365498,0.005529344,0.0029735565,0.010586813
1675934412647613519,-0.0028336644,-5.2547455E-4,-0.0044101924
1675934412842342790,-0.0035656095,-3.1852722E-4,-0.009752393
1675934413035997373,-0.0022941232,-4.4822693E-4,-0.008036628
1675934413231997269,-0.0028008819,-0.001830101,-0.001123324
1675934413425915498,-3.915429E-4,2.6798248E-4,-0.0013088435
1675934413621327685,-0.0017494559,6.9618225E-5,-0.0025485307
1675934413815535237,-6.5624714E-4,9.1552734E-4,-0.0031240433
1675934414010493414,-0.0025463104,-2.9850006E-4,-0.00180085
1675934414206877112,-0.0029708147,-3.3473969E-4,-0.0020370781
1675934414400677216,-0.0011476874,-0.0014657974,-0.002535984
1675934414594618518,-9.679198E-4,-4.2438507E-4,-0.0018509775
1675934414790110550,-0.0012506247,5.4073334E-4,-0.0010092407
1675934414984247008,-0.002247572,-8.0013275E-4,-0.0026638657
1675934415179689299,-0.002646327,6.5135956E-4,-0.0019871145
1675934415374103935,-8.4877014E-4,6.494522E-4,0.0013041049
1675934415568863518,-0.0024613142,-7.46727E-4,-2.6907027E-4
1675934415763373778,5.4001808E-5,4.673004E-5,9.985268E-5
1675934415958324976,-3.8534403E-4,-2.2125244E-4,2.9991567E-4
1675934416153279716,-4.993081E-4,5.5885315E-4,0.0021276027
1675934416348014976,-0.0012900829,-0.0013122559,-4.5877695E-4
1675934416542403466,-0.0015535951,-9.346008E-5,-0.0020834655
1675934416736963882,-5.235076E-4,-9.326935E-4,-0.0015062839
1675934416932607632,-0.0016920567,-9.946823E-4,-7.452518E-4
1675934417127025340,-0.0024667382,-3.709793E-4,-5.656183E-4
1675934417322073309,9.715557E-6,-6.284714E-4,0.001290068
1675934417517587007,8.571148E-4,-3.1471252E-5,-6.1278045E-4
1675934417711662059,-5.862117E-4,0.002322197,0.0030942708
1675934417906343673,0.0063578486,0.001408577,0.023515895
1675934418101163777,0.004199803,0.0011253357,0.00382407
1675934418296735392,-0.0041858554,2.6226044E-4,-0.006686479
1675934418490728152,-0.0037858486,-6.608963E-4,-0.0028218627
1675934418685741486,-0.0031137466,-6.313324E-4,-8.7313354E-4
1675934418881308204,-0.0013625622,2.9468536E-4,-0.001606971
1675934419076008100,-2.7662516E-4,-0.0017900467,-0.0013845712
1675934419269737371,-0.0028092265,1.3065338E-4,-7.5398386E-4
1675934419465432423,-0.0023722649,6.456375E-4,4.3435395E-4
1675934419659281069,-8.109212E-4,-7.1144104E-4,4.322827E-5
1675934419854637266,1.9544363E-4,-7.686615E-4,-0.0012721121
1675934420049009714,-1.5467405E-4,7.572174E-4,4.5645237E-4
1675934420244308412,-6.5749884E-4,8.9263916E-4,0.0014199764
1675934420439844662,-9.140372E-4,1.4305115E-5,7.252097E-4
1675934420633274297,-2.8550625E-4,-5.559921E-4,4.030764E-5
1675934420829104558,-0.0026621222,-0.0011014938,0.0014734417
1675934421026282266,-4.643798E-4,0.0016727448,5.046576E-4
1675934421218002318,-0.0011897683,-0.0012903214,-0.0013979524
1675934421412838360,-5.0520897E-4,-0.0012197495,-0.0015456527
1675934421608066537,0.0014256239,6.9999695E-4,3.4590065E-4
1675934421802214193,4.8577785E-5,-7.6293945E-6,8.8997185E-4
1675934421997360338,-4.5865774E-4,-5.578995E-4,0.0016940981
1675934422192812057,-3.4475327E-4,5.083084E-4,0.0016750544
1675934422386599713,-0.0011356473,0.0016880035,-7.137209E-4
1675934422582554349,-7.420778E-4,-7.867813E-4,-4.555732E-4
1675934422776984453,-3.0189753E-4,-0.0019779205,-7.516891E-4
1675934422971050651,-7.599592E-4,9.946823E-4,2.848357E-4
1675934423166827473,3.749132E-5,0.0021810532,7.7310205E-4
1675934423361122786,0.004619658,4.7016144E-4,0.012450144
1675934423555964609,0.0024299026,4.7302246E-4,0.0027277768
1675934423750940129,-5.5527687E-4,-4.491806E-4,-0.0013755411
1675934423945952473,-0.0037382245,-0.0015439987,-0.0021087974
1675934424140011640,-0.0028001666,0.0014104843,-1.4233589E-4
1675934424335229504,1.2725592E-4,0.0014352798,0.0034551471
1675934424529772056,0.001277864,-7.8105927E-4,0.0017883331
1675934424724598150,-3.362894E-4,-4.0626526E-4,-0.0040275753
1675934424919074296,-0.0034108162,-4.3201447E-4,-0.004532233
1675934425114273671,3.0821562E-4,-5.0258636E-4,-0.0024291426
1675934425309086066,-1.3625622E-4,-7.047653E-4,-0.0011200905
1675934425503821587,7.573962E-4,3.0517578E-5,-0.0027101487
1675934425698782889,-0.002173841,0.0017986298,-0.0032074898
1675934425894118670,-0.0012930036,8.2969666E-5,-5.42745E-4
1675934426088366379,-9.797812E-4,0.0011720657,-1.7617643E-4
1675934426283863514,-0.0031490922,-1.9836426E-4,-0.0022044778
1675934426478094451,9.369254E-4,0.0011253357,-0.0011002719
1675934426673253618,0.002030313,-0.001982689,0.0021308213
1675934426867441378,0.001229763,-0.0015077591,-0.0012740344
1675934427062730649,9.4491243E-4,3.0517578E-5,5.238503E-4
1675934427257941326,-0.0021044612,-0.0012493134,-0.0013605058
1675934427451923930,-0.0040202737,-1.5640259E-4,0.001460895
1675934427646443982,-0.0024543405,1.7642975E-4,0.003305778
1675934427848124295,-0.0022087693,6.093979E-4,-2.758056E-4
1675934428036480649,-0.0016945004,-4.3582916E-4,-0.003862843
1675934428230930857,0.0015904903,9.4127655E-4,0.0014182925
1675934428426166899,-0.0022452474,0.0019016266,0.004148349
1675934428620553669,2.9104948E-4,-9.841919E-4,-4.337132E-4
1675934428816214919,0.0056260824,0.0020141602,0.013101146
1675934429011117055,0.0047588944,2.0885468E-4,0.009899259
1675934429205004138,-0.004459858,-0.0035123825,-0.0089749545
1675934429400648982,-0.001835227,-6.198883E-5,-0.0046656877
1675934429594747940,-0.0016873479,-0.0011091232,-0.0058885664
1675934429789639398,-6.943941E-4,-0.0014028549,-0.0012311786
1675934429984841690,-0.0013216138,0.0017747879,0.0019464195
1675934430179244867,-0.0010004044,-0.0011100769,-0.0034705848
1675934430373704658,-1.2457371E-5,-7.8201294E-5,5.4962933E-4
1675934430568949919,8.601546E-4,0.0010080338,0.0017127842
1675934430763261585,-7.985234E-4,-6.971359E-4,-9.6286833E-4
1675934430958103095,-0.0016420484,9.403229E-4,-2.3841858E-7
1675934431152499033,3.8266182E-4,0.0012636185,-8.099824E-4
1675934431347604502,-0.0013836026,-0.0010719299,0.0020868778
1675934431543437262,-0.0011684895,0.0024585724,-9.320676E-5
1675934431737590751,-0.0025544167,0.0012083054,6.223768E-4
1675934431932782001,-9.2840195E-4,-0.0050592422,-5.5648386E-4
1675934432128667783,5.156398E-4,0.003373146,-0.0013277382
1675934432322506949,0.0016514659,-0.002837181,-0.0010789782
1675934432517648720,-0.001966238,-4.2629242E-4,3.7164986E-4
1675934432711994605,-0.0023459792,0.004790306,0.002541855
1675934432906966897,4.6670437E-5,-0.002981186,-7.2203577E-4
1675934433101707886,2.4050474E-4,0.0029306412,-6.637871E-4
1675934433296499918,-0.0010021925,-6.341934E-4,0.0018782765
1675934433492047417,-3.003478E-4,-0.0023756027,0.0011803806
1675934433686065751,-4.4822693E-4,0.0048599243,-2.32324E-4
1675934433881214969,3.8081408E-4,-0.0065994263,0.0013340563
1675934434076776271,-4.2569637E-4,0.0043945312,-7.739663E-4
1675934434270363146,-5.6260824E-4,-4.3296814E-4,9.441227E-4
1675934434465533042,0.0056868196,-0.0029287338,0.009939969
1675934434664464396,-2.8276443E-4,2.5081635E-4,0.0017871708
1675934434854251167,-0.0013170838,-0.00483799,-3.0317903E-4
1675934435049392365,-0.0010995865,0.005498886,-0.0022552162
1675934435245233667,-0.0012020469,-0.0029611588,0.004164949
1675934435439230281,-0.0013432503,0.00228405,0.005433604
1675934435634312469,-0.001747191,0.0017957687,-1.1499226E-4
1675934435828919083,-0.0025658011,-0.0033912659,-0.0020065755
1675934436024514187,-0.0016539693,0.0027742386,-0.004392639
1675934436218514552,-0.001372397,-9.860992E-4,-0.002789408
1675934436413821531,-0.0021182895,0.0012292862,-0.003929004
1675934436608907156,-0.0011700988,-0.001203537,-0.0018481761
1675934436802807781,-4.3737888E-4,-8.0013275E-4,-0.004229471
1675934436998798406,-5.2189827E-4,-9.2983246E-4,-0.0026629418
1675934437192708354,-0.0014221072,-0.0014009476,-3.6242604E-4
1675934437387607260,-3.7837029E-4,0.0010938644,3.129244E-5
1675934437582114812,0.0014250278,-2.1743774E-4,4.2898953E-4
1675934437777183405,0.001570642,-2.8705597E-4,7.0495903E-4
1675934437971725437,-0.0013981462,0.0020542145,7.968396E-4
1675934438167409239,-7.632375E-4,-6.1893463E-4,0.0014405102
1675934438361223457,-2.4491549E-4,0.0016756058,6.958991E-4
1675934438556834759,-0.0024092197,-5.7411194E-4,-0.001889512
1675934438750569395,-0.0017613173,9.441376E-5,1.13889575E-4
1675934438946366999,0.001801014,0.0012922287,0.00231044
1675934439142481947,8.519888E-4,2.3937225E-4,0.0025546998
1675934439335608301,7.339716E-4,-2.3174286E-4,0.0018632263
1675934439530988353,9.125471E-4,-1.3446808E-4,0.003046289
1675934439725074498,8.1789494E-4,8.4400177E-4,0.004091367
1675934439919896425,0.009031475,1.6498566E-4,0.02114819
1675934440114745644,2.2059679E-4,-0.0012578964,-7.7445805E-4
1675934440310721113,-0.0023937821,-4.196167E-4,-0.0077280253
1675934440504631894,-0.00220263,3.5953522E-4,-0.0039813817
1675934440699210904,-9.3370676E-4,4.2057037E-4,-7.440001E-4
1675934440894200227,-5.733371E-4,-0.001789093,-4.1635334E-4
1675934441088750487,-0.0015349984,6.875992E-4,-8.4878504E-4
1675934441286527467,-0.0012151599,-1.7547607E-4,-0.001350984
1675934441478386581,-1.8274784E-4,-3.7574768E-4,0.0028247982
1675934441674114966,8.172393E-4,7.1048737E-4,-7.4104965E-4
1675934441868321008,-0.0010982156,3.671646E-4,-4.8093498E-4
1675934442062997779,-7.930398E-4,-5.6266785E-4,-0.0022016913
1675934442257008195,4.0358305E-4,-0.0027666092,-1.5939772E-4
1675934442452271216,-0.0014622808,4.2629242E-4,8.3093345E-4
1675934442647211424,-0.001959741,4.2533875E-4,-0.0037320852
1675934442842906528,-0.001254499,0.0020427704,-4.977286E-4
1675934443036141789,0.0012589097,1.1539459E-4,-0.0020712465
1675934443231541841,2.540946E-4,-5.0735474E-4,-6.7830086E-4
1675934443426370487,8.34465E-6,0.0022172928,-0.0018966496
1675934443622206528,-1.9961596E-4,-0.0019416809,-4.7069788E-4
1675934443816900278,-3.3295155E-4,-5.121231E-4,2.566278E-4
1675934444011319601,-0.0025375485,9.279251E-4,-0.002019599
1675934444206671268,-2.6899576E-4,-7.419586E-4,-8.337945E-4
1675934444400488195,0.0022588372,0.0011034012,-0.0013016164
1675934444595106007,-0.0013490319,-0.0012702942,-9.988099E-4
1675934444791522517,3.836751E-4,-9.841919E-4,-4.863143E-4
1675934444984907986,7.468462E-4,-4.1675568E-4,-0.0021698028
1675934445180515538,-4.107356E-4,5.903244E-4,-9.5528364E-4
1675934445374411111,0.014467567,0.0021924973,0.025959104
1675934445569365746,0.0049749017,0.001502037,0.0041977465
1675934445764388871,-0.0042929053,-7.2956085E-4,-0.0063027292
1675934445959540694,-0.0021992326,-6.64711E-4,-0.0049049705
1675934446153452829,-0.004126966,-7.791519E-4,-0.0043375194
1675934446349247777,-0.0016465783,3.8909912E-4,0.0027201772
1675934446543670798,-0.0011797547,9.6321106E-5,0.0018952191
1675934446738633871,-0.0019245744,1.7261505E-4,-0.0018955916
1675934446932225537,5.4472685E-4,-0.0016241074,-0.0035054684
1675934447128088037,3.3080578E-5,-1.8024445E-4,-0.0051825494
1675934447322667412,-0.002049923,-6.580353E-5,-0.0024444014
1675934447517479860,-0.0017970204,5.941391E-4,-0.005456373
1675934447713110329,4.0131807E-4,-7.343292E-4,-0.0035614967
1675934447907121683,4.6366453E-4,-0.0021028519,-0.0010383576
1675934448103732881,-0.0014135838,0.0023536682,-0.0015299767
1675934448296855276,-0.0012844205,0.0021038055,-8.17135E-4
1675934448491698505,6.2805414E-4,-5.836487E-4,-6.3197315E-4
1675934448687490432,-7.9774857E-4,7.200241E-4,0.0010292977
1675934448881799339,-5.5259466E-4,-0.0020093918,-0.0012821257
1675934449076009130,-0.001232028,-4.9877167E-4,-0.0022223145
1675934449270465380,-0.0017339587,2.7561188E-4,-0.003110841
1675934449465362672,-9.1797113E-4,-1.4781952E-4,0.0016395897
1675934449660986370,-3.2645464E-4,-6.4754486E-4,-0.0011464655
1675934449854440901,1.2034178E-4,3.7288666E-4,5.540997E-4
1675934450049325484,-7.3087215E-4,9.6416473E-4,-2.8204918E-4
1675934450245500640,-3.040433E-4,-4.0531158E-4,2.9943883E-4
1675934450440166421,-0.0018629432,-5.350113E-4,-2.2901595E-4
1675934450633637671,-6.609559E-4,1.1253357E-4,-0.001023978
1675934450829556525,0.0050277114,0.0013523102,0.009312183
1675934451023931682,0.0041603446,0.002234459,0.016524583
1675934451218638400,-0.0048716664,2.8705597E-4,-0.006511599
1675934451413510379,-0.0025734305,-0.0027103424,-0.0034268051
1675934451609179390,-0.0016229153,4.377365E-4,-0.002948895
1675934451802964702,-8.2433224E-4,4.453659E-4,-0.002344191
1675934451998328921,-9.034276E-4,3.786087E-4,-0.0017533153
1675934452192501056,-0.0023537278,-0.0016775131,-9.798855E-4
1675934452388152827,4.964471E-4,2.2220612E-4,-0.0028589368
1675934452582606473,-9.893775E-4,-0.001868248,4.3019652E-4
1675934452777618764,-0.0015295744,1.04904175E-5,-1.6708672E-4
1675934452972559389,-0.0012869239,-7.8487396E-4,0.0014254153
1675934453166691004,-1.0508299E-4,1.1920929E-4,0.0015872866
1675934453362143972,-3.4862757E-4,7.8868866E-4,8.135587E-4
1675934453556325066,3.1292439E-4,0.0028409958,-3.0994415E-5
1675934453751334910,-0.0014132261,-4.272461E-4,-6.275922E-4
1675934453945608243,7.402301E-4,-4.5490265E-4,3.5867095E-5
1675934454140454545,-0.001236856,-0.0010814667,-0.0012105405
1675934454335536524,-0.0011581779,-0.0010738373,-2.0578504E-5
1675934454530419753,-0.0010155439,-1.6880035E-4,-7.998198E-4
1675934454725283503,-0.0011163354,2.2029877E-4,0.0012347251
1675934454920892566,1.1020899E-4,-0.002008438,0.0010849983
1675934455114821628,3.657937E-4,4.0245056E-4,5.2934885E-4
1675934455309363867,-0.0017416477,-8.4877014E-5,-2.0480156E-4
1675934455504048919,4.2027235E-4,-3.8433075E-4,0.001177907
1675934455699485221,5.3334236E-4,-1.7261505E-4,0.0047164112
1675934455894296523,2.232194E-4,9.126663E-4,0.0059310645
1675934456089232982,6.880164E-4,0.002339363,0.0015948713
1675934456283393659,-1.8322468E-4,2.002716E-5,0.011467442
1675934456479503659,0.007369101,3.4713745E-4,0.012991637
1675934456673258034,-0.0048847795,-0.0018358231,-0.0023881495
1675934456868420794,-0.0030988455,8.2206726E-4,-0.006269738
1675934457062903086,-0.0029178262,-1.7166138E-4,-0.005743012
1675934457257751210,-0.0024713874,2.708435E-4,-0.0053578317
1675934457452059231,-9.785295E-4,2.2125244E-4,-0.0040677637
1675934457647131679,-0.0016024113,-1.02996826E-4,-0.00453265
1675934457842769908,-4.760623E-4,9.6797943E-4,-0.0023418218
1675934458036340794,0.001501739,-0.0016450882,-0.0015593171
1675934458231667929,-6.8062544E-4,0.0012712479,-0.001888603
1675934458427444856,-0.0018050075,-6.322861E-4,-3.234595E-4
1675934458622131106,-0.001060009,-0.0014314651,1.00925565E-4
1675934458816305168,-5.429387E-4,-0.0015001297,-3.748983E-4
1675934459010768606,-1.8388033E-4,2.527237E-4,1.847148E-4
1675934459205342251,-2.6011467E-4,0.0011863708,1.4393032E-4
1675934459400366522,-0.0012019873,-3.271103E-4,-1.0700524E-4
1675934459596127928,8.305311E-4,2.861023E-6,-0.0019330382
1675934459790839907,-3.3974648E-4,3.862381E-4,1.4872849E-4
1675934459985198241,-6.649494E-4,0.0018386841,8.132607E-4
1675934460180926209,-0.0029541254,-5.3215027E-4,-0.0015974492
1675934460374632147,-0.0023100972,-0.0013895035,-5.4101646E-4
1675934460570573345,0.0012939572,0.0012149811,-1.6240776E-4
1675934460764059803,-7.337928E-4,-0.0016069412,0.0022227317
1675934460960000688,-8.78036E-4,-1.8978119E-4,7.901937E-4
1675934461153775844,-2.0265579E-4,-3.1471252E-4,3.5269558E-4
1675934461348788501,-0.0016260743,0.00111866,3.3558905E-4
1675934461544346730,-5.864501E-4,2.3841858E-5,0.00226897
1675934461738524230,9.6040964E-4,1.6975403E-4,0.0034770966
1675934461932503188,0.010060966,7.457733E-4,0.019859985
1675934462128077146,-0.0021634102,0.0011987686,-0.00838156
1675934462323217927,-0.004210174,4.491806E-4,-0.0072344393
1675934462518097042,-0.0033844113,-3.4809113E-4,-0.0043701082
1675934462712206729,-0.0020424724,-8.7070465E-4,-0.0026940256
1675934462906823031,-8.8715553E-4,-2.0885468E-4,-0.0010047406
1675934463101865114,-7.1269274E-4,-1.4591217E-4,0.0014042258
1675934463296678552,-0.0017959476,1.2302399E-4,0.0011164546
1675934463491291469,-0.0023605227,-5.8555603E-4,-0.0022080243
1675934463686653656,-4.4983625E-4,6.4849854E-4,-0.0019114614
1675934463881047770,-0.0011668801,-0.0010910034,-2.7786195E-4
1675934464076434489,-0.0015183687,-2.5081635E-4,-4.108101E-4
1675934464270601260,-9.074211E-4,5.273819E-4,2.5889277E-4
1675934464465519906,8.7565184E-4,-3.4046173E-4,1.1083484E-4
1675934464660997926,-5.9610605E-4,-6.9618225E-5,6.9737434E-6
1675934464854937822,-0.0011287332,-3.976822E-4,5.4459274E-4
1675934465049938760,3.8659573E-4,0.001247406,-1.5358627E-4
1675934465244878395,2.8800964E-4,3.4332275E-4,0.0017962903
1675934465439109176,-2.2292137E-5,-9.54628E-4,6.12393E-4
1675934465635058134,-6.4629316E-4,-0.0015478134,1.731515E-5
1675934465828957509,-0.002064526,-2.7561188E-4,-0.0020348579
1675934466023694853,5.7560205E-4,-0.001420021,9.77248E-4
1675934466219252978,-0.0012452006,0.0025968552,5.7177246E-4
1675934466413577457,-0.002248466,2.3269653E-4,-2.4709105E-4
1675934466608727509,-0.0024077296,5.750656E-4,-0.0017312318
1675934466803145478,-2.4074316E-4,0.0023183823,9.743571E-4
1675934466998035269,0.0013501644,9.4890594E-4,8.728951E-4
1675934467193513342,-3.2544136E-5,2.641678E-4,-2.1095574E-4
1675934467387765009,0.0068886876,1.8787384E-4,0.013861731
1675934467583797509,0.003501296,-1.2397766E-5,0.008281082
1675934467778480529,-0.0031007528,-0.0023612976,-0.0036586225
1675934467971830165,-0.0038018823,-0.0017652512,-0.001321122
1675934468168420477,-0.002032578,-6.5517426E-4,-0.0020353645
1675934468361326519,-7.827878E-4,-0.001534462,0.0034722239
1675934468556095321,-0.001696229,2.7656555E-5,0.0047300905
1675934468750713706,-0.0018586516,0.0029144287,-0.0016308278
1675934468945756675,-4.3070316E-4,-8.8882446E-4,-0.0026012957
1675934469140474748,-9.762645E-4,9.4890594E-4,-0.0015489906
1675934469334977508,-3.953576E-4,-6.0367584E-4,-0.0040816814
1675934469530574122,-0.0010485053,5.1784515E-4,-0.0049257725
1675934469725061102,-2.9802322E-4,8.4114075E-4,-0.0049257874
1675934469919731101,-4.554987E-4,-0.0012693405,-1.0085106E-4
1675934470114990216,-6.7043304E-4,-6.8473816E-4,6.970465E-4
1675934470309816883,-0.003271699,-1.7642975E-4,-1.6504526E-4
1675934470504753445,-3.094077E-4,3.6239624E-4,-0.0015904307
1675934470701108601,6.121993E-4,0.001534462,-0.0010365248
1675934470893889382,-0.0012271404,-2.708435E-4,8.306056E-4
1675934471088107143,8.804202E-4,4.529953E-4,-1.257956E-4
1675934471283567351,8.094311E-5,-8.4877014E-5,-0.001432091
1675934471479384747,-0.0017983317,-4.682541E-4,-0.001466155
1675934471673704382,-0.0028542876,-0.0010633469,0.0019727051
1675934471867858184,0.0011373758,1.0108948E-4,3.3965707E-4
1675934472062593080,-6.430745E-4,-0.001540184,-3.954768E-5
1675934472257691569,-4.6491623E-4,-8.049011E-4,2.9034913E-4
1675934472452827246,-0.0016226768,-6.284714E-4,-1.3539195E-4
1675934472647241725,-0.0011712909,-9.441376E-5,-2.8057396E-4
1675934472842066882,0.0054371953,0.0025281906,0.013063878
1675934473036630579,0.0042566657,4.8732758E-4,8.0884993E-4
1675934473231914486,-0.00437361,3.900528E-4,-0.0051223636
1675934473426598131,-0.0036988854,-5.5217743E-4,-0.0030614287
1675934473621472090,-0.0026965737,4.3964386E-4,-0.0010226071
1675934473816303340,-0.0027496815,-6.914139E-4,-2.784282E-4
1675934474018256985,1.5228987E-4,6.6185E-4,-4.1727722E-4
1675934474206412089,1.10805035E-4,6.866455E-4,3.144443E-4
1675934474401272089,3.5375357E-4,-2.0217896E-4,-1.8167496E-4
1675934474596102662,-3.4242868E-4,-0.0017385483,5.264729E-4
1675934474790055579,-5.9902668E-5,-4.310608E-4,-0.0027018338
1675934474984670579,2.591014E-4,4.386902E-4,9.057075E-4
1675934475182507766,4.8607588E-4,6.9618225E-4,0.001238361
1675934475374823808,-3.412366E-4,-7.4100494E-4,5.8726966E-4
1675934475569128651,-6.092787E-4,6.1893463E-4,1.3647974E-4
1675934475765817662,-9.637475E-4,7.4100494E-4,1.8142164E-4
1675934475958722714,6.842613E-5,-0.0010061264,2.7062E-4
1675934476153918443,0.0013111234,-7.4481964E-4,3.0621886E-5
1675934476348470318,-0.0011970997,0.0018568039,-3.9595366E-4
1675934476543388599,-0.0021257997,-0.0017118454,-4.8922E-4
1675934476738308026,7.849932E-5,-7.0381165E-4,9.896904E-4
1675934476932668078,0.0013713837,0.0015306473,-8.5145235E-5
1675934477127810109,-3.451705E-4,6.837845E-4,-1.7867982E-4
1675934477322594015,-0.0020813346,1.9073486E-4,-8.4753335E-4
1675934477518311932,8.068681E-4,2.2411346E-4,8.7730587E-4
1675934477712207765,0.0022569895,-9.698868E-4,-3.142506E-4
1675934477906882244,4.8536062E-4,0.0022096634,-5.7281554E-4
1675934478102465630,7.408857E-5,6.132126E-4,0.0018182993
1675934478297047713,0.0039564967,-8.5926056E-4,0.009845927
1675934478491407973,0.0064001083,-5.197525E-4,0.009423688
1675934478687162452,-0.0038693547,-2.1362305E-4,-0.008833706
1675934478881075421,-0.0029799342,-7.9345703E-4,-0.004926756
1675934479076544692,-0.0010206103,6.8187714E-4,-0.003495276
1675934479270652660,-5.8043003E-4,-1.745224E-4,-0.0030880123
1675934479465604952,-0.0017157197,-3.643036E-4,-5.823672E-4
1675934479662315421,-0.0016480088,-4.5776367E-4,0.0012037307
1675934479854932139,-3.2651424E-4,-0.002465248,9.601265E-4
1675934480049610993,-5.8072805E-4,5.8174133E-4,8.44419E-4
1675934480249445733,-0.002146542,-8.1920624E-4,-2.6644766E-4
1675934480439390056,-8.7082386E-4,-5.712509E-4,-0.0010062903
1675934480634618389,2.5820732E-4,1.0585785E-4,-5.3557754E-4
1675934480829293129,0.0015721917,0.0012979507,-0.0011728257
1675934481023694535,1.1879206E-4,-5.00679E-4,6.150454E-4
1675934481218705837,-5.902052E-4,5.493164E-4,-0.0016698837
1675934481413964118,2.0855665E-4,0.001162529,-5.762279E-4
1675934481608398753,-0.0010719299,5.6266785E-5,0.0014356822
1675934481803190993,0.0018255115,0.0017156601,0.0010977387
1675934481999286149,-3.746152E-4,-0.0017576218,-0.0016552806
1675934482192841045,-1.283288E-4,-6.771088E-5,-6.30334E-4
1675934482387653597,-0.0011625886,-9.1838837E-4,6.777942E-4
1675934482582218076,0.0010569692,0.0010271072,-3.5841763E-4
1675934482777091409,-9.60052E-4,-8.325577E-4,-0.0015598834
1675934482971874221,-2.4271011E-4,0.0012922287,0.0015716255
1675934483166653492,0.0014711022,0.001326561,-2.6139617E-4
1675934483361260940,-0.0011309981,-9.031296E-4,-1.6218424E-4
1675934483556790159,-0.0013691783,8.420944E-4,4.8682094E-4
1675934483750852450,0.001716435,-2.193451E-5,0.007279545
1675934483945966096,0.00568074,8.087158E-4,0.011866674
1675934484140792659,3.7568808E-4,-8.2588196E-4,8.2813203E-4
1675934484335260002,-0.0029659867,1.5544891E-4,-0.0067142546
1675934484530527085,-0.001937151,-0.0013332367,-0.0046506226
1675934484725673908,-0.0014557838,-0.0010461807,-0.0027830899
1675934484919458908,-0.0012021661,-9.059906E-5,-0.002613172
1675934485115578648,-4.0650368E-5,2.6512146E-4,-8.50603E-4
1675934485311699221,0.0017730594,5.0640106E-4,-9.2592835E-4
1675934485504708023,-9.913445E-4,-1.5163422E-4,-7.156879E-4
1675934485699593231,-5.2565336E-4,6.799698E-4,-4.746467E-4
1675934485894023856,-0.0012663007,-2.632141E-4,0.0014193356
1675934486089005783,-2.914071E-4,4.7779083E-4,-1.4677644E-4
1675934486284667658,0.0019134879,1.6498566E-4,-2.603531E-4
1675934486478549533,-1.4811754E-4,0.0012845993,-2.7565658E-4
