1675934356213839687
1675934356253437291
1675934356293512343
1675934356343166978
1675934356397018853
1675934356433220364
1675934356473658853
1675934356534617655
1675934356573486353
1675934356602275051
1675934356653309478
1675934356696479061
1675934356742910624
1675934356773615207
1675934356833026093
1675934356879097238
1675934356916823280
1675934356953423280
1675934357004976092
1675934357041041457
1675934357074694113
1675934357133401457
1675934357173875884
1675934357213302915
1675934357273571874
1675934357313088124
1675934357340798696
1675934357380561665
1675934357453402655
1675934357473322342
1675934357514656249
1675934357572929426
1675934357613048384
1675934357654093540
1675934357703398540
1675934357735075623
1675934357774493384
1675934357835629686
1675934357878209894
1675934357913251769
1675934357972957186
1675934358005654373
1675934358042868019
1675934358075933540
1675934358132663019
1675934358182754998
1675934358212606665
1675934358273610779
1675934358312421769
1675934358353624790
1675934358389838123
1675934358433200623
1675934358484965259
1675934358513150519
1675934358573165311
1675934358613082290
1675934358652984373
1675934358712783331
1675934358752905571
1675934358773692342
1675934358820109998
1675934358872662446
1675934358912903331
1675934358953667498
1675934359012933748
1675934359052664217
1675934359093295831
1675934359141490831
1675934359182359477
1675934359232840102
1675934359272971092
1675934359315681352
1675934359353481664
1675934359392891248
1675934359433477081
1675934359476965935
1675934359513002550
1675934359573015206
1675934359612724060
1675934359652792602
1675934359692734529
1675934359753008175
1675934359792794998
1675934359818331612
1675934359873298383
1675934359913202133
1675934359953048435
1675934360013101143
1675934360053013904
1675934360072937393
1675934360152664268
1675934360192676560
1675934360212898175
1675934360252976820
1675934360312780831
1675934360353435883
1675934360392962237
1675934360452522081
1675934360493159060
1675934360532899112
1675934360573165258
1675934360622710726
1675934360661780987
1675934360712910258
1675934360752613487
1675934360792297549
1675934360832981403
1675934360872666716
1675934360916074424
1675934360952652393
1675934361012825883
1675934361052970726
1675934361092547549
1675934361132619112
1675934361178219112
1675934361214236872
1675934361259464997
1675934361314087757
1675934361353926768
1675934361392621039
1675934361452811716
1675934361492578122
1675934361513031559
1675934361553841247
1675934361614178330
1675934361653215934
1675934361713054580
1675934361752866247
1675934361794125570
1675934361833008539
1675934361875043226
1675934361933082757
1675934361972920257
1675934362013124268
1675934362053174788
1675934362093307705
1675934362153213382
1675934362183945049
1675934362213068851
1675934362277049945
1675934362316890986
1675934362353321247
1675934362392950726
1675934362433717809
1675934362492952705
1675934362534088799
1675934362565069945
1675934362614136819
1675934362653635309
1675934362693314788
1675934362754326403
1675934362793649580
1675934362833040413
1675934362892956559
1675934362933919684
1675934362953989267
1675934362994519007
1675934363052853069
1675934363094027132
1675934363134093069
1675934363193088069
1675934363233058590
1675934363273639423
1675934363317107600
1675934363355524163
1675934363397968903
1675934363453392861
1675934363493234736
1675934363533076871
1675934363570168330
1675934363623192705
1675934363654144736
1675934363712791819
1675934363753151819
1675934363797231350
1675934363833958694
1675934363874540986
1675934363913371038
1675934363959047079
1675934363994900777
1675934364053326090
1675934364095241767
1675934364133729944
1675934364193442652
1675934364233094683
1675934364260468954
1675934364312910621
1675934364354172131
1675934364394073381
1675934364440178225
1675934364493084579
1675934364533218329
1675934364573232183
1675934364633494683
1675934364673152652
1675934364714513746
1675934364755960465
1675934364795976298
1675934364833654058
1675934364893770621
1675934364933254892
1675934364956959944
1675934365013021558
1675934365063502027
1675934365093422808
1675934365137491506
1675934365174117704
1675934365237526506
1675934365273153121
1675934365314149423
1675934365354910360
1675934365399511246
1675934365437241975
1675934365493602652
1675934365533372443
1675934365573614735
1675934365632887495
1675934365673010777
1675934365701390308
1675934365740773589
1675934365794260933
1675934365834081245
1675934365879960568
1675934365933076089
1675934365973133224
1675934366013241141
1675934366063100933
1675934366112889683
1675934366152925308
1675934366196201922
1675934366233416558
1675934366272899110
1675934366332893901
1675934366367429474
1675934366403568485
1675934366437780776
1675934366473978120
1675934366544060985
1675934366573201610
1675934366613828380
1675934366653583068
1675934366713694058
1675934366751211922
1675934366793188589
1675934366833127964
1675934366874394110
1675934366934348745
1675934366973008016
1675934367013302234
1675934367060082339
1675934367094097495
1675934367134022755
1675934367194272130
1675934367235662234
1675934367273956401
1675934367313676505
1675934367374089266
1675934367413956193
1675934367452646505
1675934367493037130
1675934367543699318
1675934367573494109
1675934367633502599
1675934367673175880
1675934367713133849
1675934367753151349
1675934367796870932
1675934367838548901
1675934367892717338
1675934367913590255
1675934367973020828
1675934368013604213
1675934368054421401
1675934368093186453
1675934368133468744
1675934368179684682
1675934368234324005
1675934368274729890
1675934368313820932
1675934368373009994
1675934368413072182
1675934368433933119
1675934368500764473
1675934368534397390
1675934368579340255
1675934368612629682
1675934368672807963
1675934368714879161
1675934368752783067
1675934368812509942
1675934368852715775
1675934368892934890
1675934368933167286
1675934368982418432
1675934369013838171
1675934369072885567
1675934369112539838
1675934369143515619
1675934369192762754
1675934369218729265
1675934369272667234
1675934369324904161
1675934369352759265
1675934369392848640
1675934369452498431
1675934369492629004
1675934369533143275
1675934369573278275
1675934369613186556
1675934369673136973
1675934369713205411
1675934369752588067
1675934369812772546
1675934369840814890
1675934369874816817
1675934369932503796
1675934369974572910
1675934370020460983
1675934370052673171
1675934370112346608
1675934370154972546
1675934370192991296
1675934370236159889
1675934370273009212
1675934370332763223
1675934370373922077
1675934370412956764
1675934370452723119
1675934370513772285
1675934370536722546
1675934370583461973
1675934370617841556
1675934370658644785
1675934370713044056
1675934370752648796
1675934370793462910
1675934370832855566
1675934370893123535
1675934370914747858
1675934370973433118
1675934371014213431
1675934371053182493
1675934371112582858
1675934371154214264
1675934371192638535
1675934371232787025
1675934371280802754
1675934371314534004
1675934371374281816
1675934371413163222
1675934371461370097
1675934371492597441
1675934371552568118
1675934371593620045
1675934371632851295
1675934371675837389
1675934371716442389
1675934371772544316
1675934371813031035
1675934371852670722
1675934371892621556
1675934371924055045
1675934371993602285
1675934372013529212
1675934372072790983
1675934372097674368
1675934372138103691
1675934372192875201
1675934372233113691
1675934372273758899
1675934372313364628
1675934372353854732
1675934372412865097
1675934372452988691
1675934372492923743
1675934372552635305
1675934372592548118
1675934372620855357
1675934372673979524
1675934372713601034
1675934372755430774
1675934372812802701
1675934372853343013
1675934372892517545
1675934372933158378
1675934372992495513
1675934373033936191
1675934373072659003
1675934373117440565
1675934373156289680
1675934373193621920
1675934373252405357
1675934373292658742
1675934373317115305
1675934373372687180
1675934373404473795
1675934373452732597
1675934373497646659
1675934373532783430
1675934373578757336
1675934373633863326
1675934373672838013
1675934373712770253
1675934373753085878
1675934373792895930
1675934373853351607
1675934373893142544
1675934373932609732
1675934373992510044
1675934374014287440
1675934374060817857
1675934374114370721
1675934374153174888
1675934374194112284
1675934374239272648
1675934374292660357
1675934374332511034
1675934374373119315
1675934374425237075
1675934374473090669
1675934374512680669
1675934374553943742
1675934374594299679
1675934374633052909
1675934374676710825
1675934374732892284
1675934374762189211
1675934374800121294
1675934374833954106
1675934374898487336
1675934374933305929
1675934374973086346
1675934375013390252
1675934375072598221
1675934375101267961
1675934375152641867
1675934375192728377
1675934375233111190
1675934375293295513
1675934375332414054
1675934375380956450
1675934375420484002
1675934375455819419
1675934375493066242
1675934375555861294
1675934375592739054
1675934375634787648
1675934375673125408
1675934375732425096
1675934375773240773
1675934375812678117
1675934375853754210
1675934375902991814
1675934375952690304
1675934375993644575
1675934376032675825
1675934376074684627
1675934376098150096
1675934376172501137
1675934376198329991
1675934376253606293
1675934376272541241
1675934376312741971
1675934376373500825
1675934376412909887
1675934376453807127
1675934376493245564
1675934376541121293
1675934376593479679
1675934376633848429
1675934376673722595
1675934376732624783
1675934376773401345
1675934376795414731
1675934376861703012
1675934376894731293
1675934376933370929
1675934376993470460
1675934377032294366
1675934377073338116
1675934377113299001
1675934377172635356
1675934377212672908
1675934377252913220
1675934377292822335
1675934377332884418
1675934377383257908
1675934377412725720
1675934377472590303
1675934377503830928
1675934377557650668
1675934377578250720
1675934377653328793
1675934377673404105
1675934377712776241
1675934377752874105
1675934377792961241
1675934377853353012
1675934377892612439
1675934377933066918
1675934377973746293
1675934378033442855
1675934378073599314
1675934378112628220
1675934378172710251
1675934378201799886
1675934378235635251
1675934378273408064
1675934378335529209
1675934378372837647
1675934378420390147
1675934378472647126
1675934378515504261
1675934378552484730
1675934378596854626
1675934378633298272
1675934378693464990
1675934378733278636
1675934378772601032
1675934378812381917
1675934378853597334
1675934378912736813
1675934378933371188
1675934378998746032
1675934379019262594
1675934379058173949
1675934379113491136
1675934379152810511
1675934379192957855
1675934379233811969
1675934379273522021
1675934379340334469
1675934379379683376
1675934379414447959
1675934379472969938
1675934379513830146
1675934379553461136
1675934379594452594
1675934379642003844
1675934379676797282
1675934379712752230
1675934379773903584
1675934379812668636
1675934379873265771
1675934379912690875
1675934379953613011
1675934379993725980
1675934380037958480
1675934380073393688
1675934380112689000
1675934380153096292
1675934380212634000
1675934380253282542
1675934380273507646
1675934380352658115
1675934380393386709
1675934380413315406
1675934380460180042
1675934380512403479
1675934380553134573
1675934380592662958
1675934380632952542
1675934380672729000
1675934380713480823
1675934380772571865
1675934380820427438
1675934380860189781
1675934380912652906
1675934380952297073
1675934380981168062
1675934381034592073
1675934381072334208
1675934381117696812
1675934381152352489
1675934381212406917
1675934381252510198
1675934381302845979
1675934381352240771
1675934381392801135
1675934381433169729
1675934381477256864
1675934381517100458
1675934381552496969
1675934381597110510
1675934381653440041
1675934381683519364
1675934381712487750
1675934381765214833
1675934381832510406
1675934381852377073
1675934381892445510
1675934381939930666
1675934381980094885
1675934382033268583
1675934382074227437
1675934382133295979
1675934382172898114
1675934382213582489
1675934382253947385
1675934382300053374
1675934382352535614
1675934382374840302
1675934382419394260
1675934382462903583
1675934382512904676
1675934382556159208
1675934382592745249
1675934382652666760
1675934382693479572
1675934382733713947
1675934382783461499
1675934382833717228
1675934382872347593
1675934382894637541
1675934382952689520
1675934382996018322
1675934383033241655
1675934383092359937
1675934383133356812
1675934383153821447
1675934383194354832
1675934383245487853
1675934383293499624
1675934383332691343
1675934383373067332
1675934383420174728
1675934383460282124
1675934383515165562
1675934383552642332
1675934383613355509
1675934383653223009
1675934383692553739
1675934383732629364
1675934383782129520
1675934383815122541
1675934383853283270
1675934383915629572
1675934383952361759
1675934383992535822
1675934384052311134
1675934384092317488
1675934384132574676
1675934384172597488
1675934384213063478
1675934384263991342
1675934384293565092
1675934384332695874
1675934384392273582
1675934384432852176
1675934384459002228
1675934384532672436
1675934384572659519
1675934384592433530
1675934384632994103
1675934384672654311
1675934384732384884
1675934384772391186
1675934384832479103
1675934384873262071
1675934384913022384
1675934384954073426
1675934384994274623
1675934385033884259
1675934385092478634
1675934385132728165
1675934385156480561
1675934385193294728
1675934385256807228
1675934385301739467
1675934385332893425
1675934385392325300
1675934385433699675
1675934385475754675
1675934385532505196
1675934385572599675
1675934385612294779
1675934385633899623
1675934385692657436
1675934385737661290
1675934385784494831
1675934385833298217
1675934385872669571
1675934385910169259
1675934385939428686
1675934386012324675
1675934386032362383
1675934386073505717
1675934386113110613
1675934386153167592
1675934386212641446
1675934386261180352
1675934386312260300
1675934386352744519
1675934386395958373
1675934386434197279
1675934386473334050
1675934386533339779
1675934386564659623
1675934386596844050
1675934386653634414
1675934386693645717
1675934386741945508
1675934386772638373
1675934386832480664
1675934386872597175
1675934386912324623
1675934386937260873
1675934386992750612
1675934387043605612
1675934387073153789
1675934387132547696
1675934387172523581
1675934387212209154
1675934387273456185
1675934387313086029
1675934387333290768
1675934387379524987
1675934387419272643
1675934387473605873
1675934387513540456
1675934387572296133
1675934387612362591
1675934387653169362
1675934387702287122
1675934387740363372
1675934387793247174
1675934387833263789
1675934387874649414
1675934387913220768
1675934387955813216
1675934387992497695
1675934388037762643
1675934388072238216
1675934388132503685
1675934388181856706
1675934388212447226
1675934388272388633
1675934388313335143
1675934388352447331
1675934388377802591
1675934388433009414
1675934388472979674
1675934388518009049
1675934388572103685
1675934388612218268
1675934388634466653
1675934388712249101
1675934388752248685
1675934388772464674
1675934388812480195
1675934388859781549
1675934388911951132
1675934388952272539
1675934389012613997
1675934389052328164
1675934389093043945
1675934389132870039
1675934389180874830
1675934389212875924
1675934389272163997
1675934389312943736
1675934389341979674
1675934389382110559
1675934389433455976
1675934389475836497
1675934389519229934
1675934389572176445
1675934389612472538
1675934389652449101
1675934389692250038
1675934389737232903
1675934389772509257
1675934389818754570
1675934389872441132
1675934389912759882
1675934389952303424
1675934390012459622
1675934390052568424
1675934390072251444
1675934390112506601
1675934390179175403
1675934390212469830
1675934390252651444
1675934390311864257
1675934390352697694
1675934390392124882
1675934390433926913
1675934390493013111
1675934390532537590
1675934390572415246
1675934390613305923
1675934390652197642
1675934390712419882
1675934390735487486
1675934390781506861
1675934390822017434
1675934390873093371
1675934390915487486
1675934390952215871
1675934391012326861
1675934391052197017
1675934391092442538
1675934391124870298
1675934391178358371
1675934391217526131
1675934391252717173
1675934391312372694
1675934391352308319
1675934391392252538
1675934391452571183
1675934391492511131
1675934391512108058
1675934391552234725
1675934391592486965
1675934391653072225
1675934391693525038
1675934391752426704
1675934391793257225
1675934391832307121
1675934391874475558
1675934391914545090
1675934391972223527
1675934392012449829
1675934392052307433
1675934392092397954
1675934392141888839
1675934392175679569
1675934392212392121
1675934392272172173
1675934392312216079
1675934392355695871
1675934392392424204
1675934392432194673
1675934392492009673
1675934392532013371
1675934392552527850
1675934392613742173
1675934392652542485
1675934392692739621
1675934392752371027
1675934392792329568
1675934392818433995
1675934392892463683
1675934392932407225
1675934392952613006
1675934392992854152
1675934393052075037
1675934393092282068
1675934393132463214
1675934393192466339
1675934393232445818
1675934393273457068
1675934393314875297
1675934393355465610
1675934393392813683
1675934393452135610
1675934393492160141
1675934393515337068
1675934393572269672
1675934393615981235
1675934393659654620
1675934393693105037
1675934393752330870
1675934393792440766
1675934393836206287
1675934393873176651
1675934393925906026
1675934393961429828
1675934393993099151
1675934394052295297
1675934394092892120
1675934394132416599
1675934394193376860
1675934394232861443
1675934394258859099
1675934394299227328
1675934394372123578
1675934394392382120
1675934394433160662
1675934394492380089
1675934394532205974
1675934394579634724
1675934394620723266
1675934394672323474
1675934394712100713
1675934394754619880
1675934394794807276
1675934394832271234
1675934394892117953
1675934394926094151
1675934394955906495
1675934395012285505
1675934395052232380
1675934395092017640
1675934395138987380
1675934395172508265
1675934395233164984
1675934395272435140
1675934395309613942
1675934395352607588
1675934395398286859
1675934395432413057
1675934395493328890
1675934395532213005
1675934395572085140
1675934395632100661
1675934395672362536
1675934395692457119
1675934395739498786
1675934395792334098
1675934395833120765
1675934395872054723
1675934395932394307
1675934395972365140
1675934396012527119
1675934396061301963
1675934396101328057
1675934396132941598
1675934396192682796
1675934396233151494
1675934396272109150
1675934396295611911
1675934396351997223
1675934396400578421
1675934396432454880
1675934396493081129
1675934396532333004
1675934396591675296
1675934396612175869
1675934396672150869
1675934396712128473
1675934396739236338
1675934396792448890
1675934396832825609
1675934396872231598
1675934396933186390
1675934396972195765
1675934396992165244
1675934397072183942
1675934397112070296
1675934397132385244
1675934397172469410
1675934397232373681
1675934397273085504
1675934397313269567
1675934397372388056
1675934397412331806
1675934397452625400
1675934397493477848
1675934397541704931
1675934397581624931
1675934397632192119
1675934397672312587
1675934397704043108
1675934397756079775
1675934397792154775
1675934397836080504
1675934397872449150
1675934397913198264
1675934397972104306
1675934398012955608
1675934398051981233
1675934398092370921
1675934398132693837
1675934398178995660
1675934398233152587
1675934398272760191
1675934398311951025
1675934398372259566
1675934398412263577
1675934398432842952
1675934398473658160
1675934398533271962
1675934398572491025
1675934398631919618
1675934398672184306
1675934398713187327
1675934398752295608
1675934398795089045
1675934398851738993
1675934398892470347
1675934398932392795
1675934398972362587
1675934399021968785
1675934399071981962
1675934399096028108
1675934399132180972
1675934399197186962
1675934399232058681
1675934399276100451
1675934399311996441
1675934399352230816
1675934399412052118
1675934399452967170
1675934399472797430
1675934399532805035
1675934399572249305
1675934399612277847
1675934399673339410
1675934399712292847
1675934399752154982
1675934399792916701
1675934399839338003
1675934399872922222
1675934399932345764
1675934399973318732
1675934400012564149
1675934400072119357
1675934400112419514
1675934400152372430
1675934400193847222
1675934400234760920
1675934400275522170
1675934400331904566
1675934400372392274
1675934400411942170
1675934400452115659
1675934400490199774
1675934400537123576
1675934400572257690
1675934400631974565
1675934400656545086
1675934400712922795
1675934400752211180
1675934400792436701
1675934400832254565
1675934400877915555
1675934400912506805
1675934400972198524
1675934401012737430
1675934401053030815
1675934401112400867
1675934401152164617
1675934401179212169
1675934401232010503
1675934401272296232
1675934401313654773
1675934401372005503
1675934401411896648
1675934401452283159
1675934401500488055
1675934401552926284
1675934401592159825
1675934401632163888
1675934401675197846
1675934401715724513
1675934401752580607
1675934401812662430
1675934401852225607
1675934401875776284
1675934401919419929
1675934401976438002
1675934402018811336
1675934402052229565
1675934402092068627
1675934402156884773
1675934402191932221
1675934402233078054
1675934402272474669
1675934402312460138
1675934402352722377
1675934402412455919
1675934402452555554
1675934402492170658
1675934402552521023
1675934402572966075
1675934402619652117
1675934402673222013
1675934402712935398
1675934402752933315
1675934402812240606
1675934402852105137
1675934402892115085
1675934402932964044
1675934402981671492
1675934403032908523
1675934403072219148
1675934403115648106
1675934403156051700
1675934403191852481
1675934403252061648
1675934403283793679
1675934403318030241
1675934403372171439
1675934403392208314
1675934403463151439
1675934403492191231
1675934403533036023
1675934403572732585
1675934403631826231
1675934403658404825
1675934403713285554
1675934403752254877
1675934403792303783
1675934403852439095
1675934403892361179
1675934403931853522
1675934403979557845
1675934404012997845
1675934404052048679
1675934404100228939
1675934404151923627
1675934404193313627
1675934404231984877
1675934404292274877
1675934404331948991
1675934404372030970
1675934404412103887
1675934404461796908
1675934404492529304
1675934404552569460
1675934404595674616
1675934404632141647
1675934404676086335
1675934404712199251
1675934404761404251
1675934404792381335
1675934404832319303
1675934404872388001
1675934404931988574
1675934404971987845
1675934405012469720
1675934405052302220
1675934405098675189
1675934405152246543
1675934405192431855
1675934405232202793
1675934405292947689
1675934405332089303
1675934405353054251
1675934405419799668
1675934405453444928
1675934405498900761
1675934405531957741
1675934405592353053
1675934405631981699
1675934405673779095
1675934405732930084
1675934405771929980
1675934405812256386
1675934405852435084
1675934405892471334
1675934405932129459
1675934405992385657
1675934406032221282
1675934406063052324
1675934406112220292
1675934406136496230
1675934406192344980
1675934406243440970
1675934406273030084
1675934406312386490
1675934406372015397
1675934406411967480
1675934406452306959
1675934406492840813
1675934406532511126
1675934406592241282
1675934406632422949
1675934406671843574
1675934406732116073
1675934406759820032
1675934406794195084
1675934406852506698
1675934406893956855
1675934406932142428
1675934406991917219
1675934407032548365
1675934407074876490
1675934407111925917
1675934407154908261
1675934407211858209
1675934407252002792
1675934407292387011
1675934407332489823
1675934407381872688
1675934407411842636
1675934407472135344
1675934407491870709
1675934407543290865
1675934407577066594
1675934407617135240
1675934407671922011
1675934407711857011
1675934407752178417
1675934407792229198
1675934407833417531
1675934407892271333
1675934407932458208
1675934407972108417
1675934408033051646
1675934408072422010
1675934408112129667
1675934408151996646
1675934408200288156
1675934408234686385
1675934408291825865
1675934408332923208
1675934408372260604
1675934408431801646
1675934408471955708
1675934408512128677
1675934408552483781
1675934408595828989
1675934408632738729
1675934408672198781
1675934408732263625
1675934408772201541
1675934408812837062
1675934408852262062
1675934408911969614
1675934408932098729
1675934408991764250
1675934409018161854
1675934409057730291
1675934409113494198
1675934409152085343
1675934409192357843
1675934409232267843
1675934409272509979
1675934409332442635
1675934409372864145
1675934409412697010
1675934409472124510
1675934409512592895
1675934409540837843
1675934409594045291
1675934409631825447
1675934409673981437
1675934409731997062
1675934409772154718
1675934409812203260
1675934409860960447
1675934409912072531
1675934409951917270
1675934409992384145
1675934410035704406
1675934410075727166
1675934410112193572
1675934410152288781
1675934410211891958
1675934410241112635
1675934410271917635
1675934410324168833
1675934410392122114
1675934410412331333
1675934410451764614
1675934410497666332
1675934410538106437
1675934410592477478
1675934410632150187
1675934410672187270
1675934410712534718
1675934410772570343
1675934410812122634
1675934410852205551
1675934410912352374
1675934410933521072
1675934410980416801
1675934411033706280
1675934411072089457
1675934411113764561
1675934411152071593
1675934411211822061
1675934411251817999
1675934411292100551
1675934411342861280
1675934411392025863
1675934411431797165
1675934411472095655
1675934411516031176
1675934411552086905
1675934411592109926
1675934411652057582
1675934411678222478
1675934411732812322
1675934411751899561
1675934411805061019
1675934411863821228
1675934411892434665
1675934411932112947
1675934411979060551
1675934412019589769
1675934412072123467
1675934412113541124
1675934412153341696
1675934412212800707
1675934412251878051
1675934412292917998
1675934412340043311
1675934412374502946
1675934412411808103
1675934412475088519
1675934412512176696
1675934412552097269
1675934412611570134
1675934412652089561
1675934412691772165
1675934412731782946
1675934412772119717
1675934412822872946
1675934412871795550
1675934412904055290
1675934412952860654
1675934412991828050
1675934413032499613
1675934413091767946
1675934413132161852
1675934413152770081
1675934413192264404
1675934413233129040
1675934413291741488
1675934413331891279
1675934413372374196
1675934413412478519
1675934413459975238
1675934413513901331
1675934413553336488
1675934413592498519
1675934413651909977
1675934413692047633
1675934413715369352
1675934413780947060
1675934413814333206
1675934413852190550
1675934413912825133
1675934413952403414
1675934413994396696
1675934414031764508
1675934414091734248
1675934414131943258
1675934414172058987
1675934414212109508
1675934414252648779
1675934414303205654
1675934414343935810
1675934414392726539
1675934414423151800
1675934414458012425
1675934414499020133
1675934414571784925
1675934414593057164
1675934414631860289
1675934414672368623
1675934414712123570
1675934414772241748
1675934414812322685
1675934414852445966
1675934414892393727
1675934414954384664
1675934414993438779
1675934415031756122
1675934415093006331
1675934415121535133
1675934415155958831
1675934415191808258
1675934415254833049
1675934415292860081
1675934415339239143
1675934415391926018
1675934415435241226
1675934415471868518
1675934415516847164
1675934415572065185
1675934415612072945
1675934415632890445
1675934415692356955
1675934415731809351
1675934415772935289
1675934415831960289
1675934415873017997
1675934415897661851
1675934415937428987
1675934415978176851
1675934416031771174
1675934416071852632
1675934416112062372
1675934416152008414
1675934416192829716
1675934416259417216
1675934416299527632
1675934416332252164
1675934416392013570
1675934416433082216
1675934416471987684
1675934416513827736
1675934416551644768
1675934416594498934
1675934416651730913
1675934416692095861
1675934416731868934
1675934416791600028
1675934416831675132
1675934416872018257
1675934416916898570
1675934416956570340
1675934416996313674
1675934417051733622
1675934417076752059
1675934417132023674
1675934417172785184
1675934417211991538
1675934417272757372
1675934417311999663
1675934417331954090
1675934417378387632
1675934417418732007
1675934417471775653
1675934417512315653
1675934417552962371
1675934417592487580
1675934417633014611
1675934417693034507
1675934417740697476
1675934417772194819
1675934417831951278
1675934417871737840
1675934417909216173
1675934417951698934
1675934417992625184
1675934418036892371
1675934418073010080
1675934418131992267
1675934418171759611
1675934418211855444
1675934418273142788
1675934418312561017
1675934418352378257
1675934418387857163
1675934418432771434
1675934418476249402
1675934418512071954
1675934418571705704
1675934418612442579
1675934418633090444
1675934418672075965
1675934418753072996
1675934418773087840
1675934418812712944
1675934418859458204
1675934418899049454
1675934418953015288
1675934418992576017
1675934419052115756
1675934419091990496
1675934419132233308
1675934419172283308
1675934419219748881
1675934419271902162
1675934419294683933
1675934419332952840
1675934419374439246
1675934419431741381
1675934419472778100
1675934419522722058
1675934419572809610
1675934419611930652
1675934419652017996
1675934419703045548
1675934419738117214
1675934419777623621
1675934419823842110
1675934419872205027
1675934419911641746
1675934419952308777
1675934420012646381
1675934420052848777
1675934420073019141
1675934420111758464
1675934420166656641
1675934420211946954
1675934420251728777
1675934420312720860
1675934420351946641
1675934420392950600
1675934420432976641
1675934420473867214
1675934420531607318
1675934420572229245
1675934420611752474
1675934420651864558
1675934420681077006
1675934420735313881
1675934420771847787
1675934420831680026
1675934420871680756
1675934420912576953
1675934420971360860
1675934421012610964
1675934421051681172
1675934421092659506
1675934421112271224
1675934421177118412
1675934421216849349
1675934421252517735
1675934421311574974
1675934421352652891
1675934421389541016
1675934421452025391
1675934421491725443
1675934421511903620
1675934421551816120
1675934421593029401
1675934421651451901
1675934421691918724
1675934421751634193
1675934421791624505
1675934421831596484
1675934421873605078
1675934421913975234
1675934421952851120
1675934422012225755
1675934422051578255
1675934422076456588
1675934422111806016
1675934422175361693
1675934422221140547
1675934422251797422
1675934422311450130
1675934422355006693
1675934422391888568
1675934422451704870
1675934422492005599
1675934422531691224
1675934422552271953
1675934422612479140
1675934422657062213
1675934422691866432
1675934422751913515
1675934422791760651
1675934422818264661
1675934422858998099
1675934422932726224
1675934422952583359
1675934422992997890
1675934423051779505
1675934423092861171
1675934423139692890
1675934423180784192
1675934423214074348
1675934423255207630
1675934423314244088
1675934423353671171
1675934423391807317
1675934423451908619
1675934423482063984
1675934423516574400
1675934423571625755
1675934423611584765
1675934423651931744
1675934423698426692
1675934423752106015
1675934423795424296
1675934423831945650
1675934423856630025
1675934423912202734
1675934423960886588
1675934423992175234
1675934424052011692
1675934424091953463
1675934424131927994
1675934424191865911
1675934424232184713
1675934424251645077
1675934424299217108
1675934424339713879
1675934424391955129
1675934424432289556
1675934424491584035
1675934424532285963
1675934424571844088
1675934424620463150
1675934424660042837
1675934424691871171
1675934424752180910
1675934424793922577
1675934424832307421
1675934424871579452
1675934424915176744
1675934424955194087
1675934424991858306
1675934425052321431
1675934425091886587
1675934425151985494
1675934425191966014
1675934425232068827
1675934425276378202
1675934425308731691
1675934425352590962
1675934425392243358
1675934425432082993
1675934425491604087
1675934425531899973
1675934425552076431
1675934425632526170
1675934425671902525
1675934425691861483
1675934425732688462
1675934425792630025
1675934425831800754
1675934425872048410
1675934425931765129
1675934425971834139
1675934426011499191
1675934426052204712
1675934426100332524
1675934426140324920
1675934426192608514
1675934426232493670
1675934426262229139
1675934426295192941
1675934426351637368
1675934426392622368
1675934426451584972
1675934426492501743
1675934426531748149
1675934426582373045
1675934426611631483
1675934426656629191
1675934426711577316
1675934426750526014
1675934426792151378
1675934426831882993
1675934426871816378
1675934426931768305
1675934426972200701
1675934426992679607
1675934427031861587
1675934427111552107
1675934427131654920
1675934427171707732
1675934427231565597
1675934427272250857
1675934427311653514
1675934427353701691
1675934427411479607
1675934427452376118
1675934427491896743
1675934427531862263
1675934427571854138
1675934427631462159
1675934427654997732
1675934427701169451
1675934427741649607
1675934427791940649
1675934427831730388
1675934427891764815
1675934427912096482
1675934427971853565
1675934428011837524
1675934428043792211
1675934428092572992
1675934428131997732
1675934428171935492
1675934428231786482
1675934428271785440
1675934428311841222
1675934428372470596
1675934428411590753
1675934428432191742
1675934428472141117
1675934428531566326
1675934428572872628
1675934428618649919
1675934428671529555
1675934428712317992
1675934428751572888
1675934428794996794
1675934428834949190
1675934428891854919
1675934428932666950
1675934428971743930
1675934429012053044
1675934429061934294
1675934429095299971
1675934429131826898
1675934429192412784
1675934429231561950
1675934429275758565
1675934429311623721
1675934429351847888
1675934429411779034
1675934429454008356
1675934429472782159
1675934429531860909
1675934429572854919
1675934429612432367
1675934429672542992
1675934429711734138
1675934429740169033
1675934429811444086
1675934429851698929
1675934429872387210
1675934429912392002
1675934429971808721
1675934430012543721
1675934430060238252
1675934430111790387
1675934430152012419
1675934430194183512
1675934430234735960
1675934430275156273
1675934430311826637
1675934430371508252
1675934430411650492
1675934430435889867
1675934430491482367
1675934430535813981
1675934430582649346
1675934430611560335
1675934430651879033
1675934430711558044
1675934430751864658
1675934430791554554
1675934430832084398
1675934430877294814
1675934430912710335
1675934430972119554
1675934431013509970
1675934431051804033
1675934431111526689
1675934431151797054
1675934431178882262
1675934431219224814
1675934431271527002
1675934431311967106
1675934431358778772
1675934431411451897
1675934431451757366
1675934431491459606
1675934431540301897
1675934431574187522
1675934431614617939
1675934431674362001
1675934431715009814
1675934431751455283
1675934431811403460
1675934431841887001
1675934431875591533
1675934431931632835
1675934431971437314
1675934432011389814
1675934432052402158
1675934432091741428
1675934432152572939
1675934432192613616
1675934432218802626
1675934432272322470
1675934432319559710
1675934432352577782
1675934432411641220
1675934432452490491
1675934432491869449
1675934432551830855
1675934432592583616
1675934432612595126
1675934432658941064
1675934432711524709
1675934432752382522
1675934432791772314
1675934432851541480
1675934432891717834
1675934432931622105
1675934432980468043
1675934433021742938
1675934433071529501
1675934433112052522
1675934433154504501
1675934433191903355
1675934433215529918
1675934433272446011
1675934433319210438
1675934433352432990
1675934433392412157
1675934433451360126
1675934433491886897
1675934433531807938
1675934433572663824
1675934433611796272
1675934433657521428
1675934433711999761
1675934433752004761
1675934433792049032
1675934433851434605
1675934433891811063
1675934433911906584
1675934433979298824
1675934434012548355
1675934434051628980
1675934434111460698
1675934434151851167
1675934434191768407
1675934434232838303
1675934434291541532
1675934434331365855
1675934434371623771
1675934434412008980
1675934434461314969
1675934434491795438
1675934434551710646
1675934434591736063
1675934434623215438
1675934434675444396
1675934434711608979
1675934434752417625
1675934434812405542
1675934434832687365
1675934434891752729
1675934434931472313
1675934434971444656
1675934435012036167
1675934435052703667
1675934435098551948
1675934435151702677
1675934435192507625
1675934435231706219
1675934435292084240
1675934435331510646
1675934435352454292
1675934435392429448
1675934435452985646
1675934435491760594
1675934435552370229
1675934435592389344
1675934435632481271
1675934435673656219
1675934435715395490
1675934435771924760
1675934435812372677
1675934435851900646
1675934435891660802
1675934435932053771
1675934435992452573
1675934436017151739
1675934436051768458
1675934436116154396
1675934436136133250
1675934436192493041
1675934436231737625
1675934436271738510
1675934436313072729
1675934436371638354
1675934436391980593
1675934436452018666
1675934436492035958
1675934436533225906
1675934436591672000
1675934436631503406
1675934436671529916
1675934436711678510
1675934436759198354
1675934436793002052
1675934436851871635
1675934436891528822
1675934436939426270
1675934436971425020
1675934437031416687
1675934437071729343
1675934437111521583
1675934437155993458
1675934437194673510
1675934437251447260
1675934437292362572
1675934437331647676
1675934437372772051
1675934437423751895
1675934437455680749
1675934437491429968
1675934437551423614
1675934437576239551
1675934437636344239
1675934437671639655
1675934437711828249
1675934437751970905
1675934437798070593
1675934437831913510
1675934437892037937
1675934437931647312
1675934437972108145
1675934438031548978
1675934438071953718
1675934438099181739
1675934438151629291
1675934438191592311
1675934438233431582
1675934438291628874
1675934438331668561
1675934438371675280
1675934438419760072
1675934438471878249
1675934438511304499
1675934438551600645
1675934438595645697
1675934438636181947
1675934438671962155
1675934438731294655
1675934438771675072
1675934438795521999
1675934438832358092
1675934438883502884
1675934438932069811
1675934438977168717
1675934439011505957
1675934439057922988
1675934439112690957
1675934439151714759
1675934439192006113
1675934439231720592
1675934439271763092
1675934439332708301
1675934439371437676
1675934439412818457
1675934439471643353
1675934439492814082
1675934439540109290
1675934439593170280
1675934439631712623
1675934439671738561
1675934439731721686
1675934439771698196
1675934439811696998
1675934439851719967
1675934439901181738
1675934439951421894
1675934439991729082
1675934440032755540
1675934440075861946
1675934440112081425
1675934440171682675
1675934440202812154
1675934440240079759
1675934440272428925
1675934440312063092
1675934440372502415
1675934440417266217
1675934440451456477
1675934440492473509
1675934440551584967
1675934440578149758
1675934440631977258
1675934440671712988
1675934440712025696
1675934440771684863
1675934440811326842
1675934440851431685
1675934440899178613
1675934440932998769
1675934440971866008
1675934441033709133
1675934441073115435
1675934441112529185
1675934441151646217
1675934441211765331
1675934441251612519
1675934441291698404
1675934441332608039
1675934441374997623
1675934441414869133
1675934441471847206
1675934441515219446
1675934441552421321
1675934441596804706
1675934441652474289
1675934441676572571
1675934441732077362
1675934441751509654
1675934441791948352
1675934441852719341
1675934441891452362
1675934441932049706
1675934441972074445
1675934442019342675
1675934442072242675
1675934442112005956
1675934442152642466
1675934442211349341
1675934442251600175
1675934442272759810
1675934442339805695
1675934442374145539
1675934442419435852
1675934442451452466
1675934442511672258
1675934442551632883
1675934442595280018
1675934442651643664
1675934442691810799
1675934442731453612
1675934442771918716
1675934442811904445
1675934442852775851
1675934442911438924
1675934442951452778
1675934442983492570
1675934443018331893
1675934443056791997
1675934443111442570
1675934443163405695
1675934443191713195
1675934443231740851
1675934443271872205
1675934443331661060
1675934443371715487
1675934443411930018
1675934443451991059
1675934443512087778
1675934443552274445
1675934443591614028
1675934443651353976
1675934443679391684
1675934443714012882
1675934443771401736
1675934443814985122
1675934443851631841
1675934443911410382
1675934443951410226
1675934443991741059
1675934444031556268
1675934444075516893
1675934444112080903
1675934444155772986
1675934444211581788
1675934444251532205
1675934444291339809
1675934444342379965
1675934444391376736
1675934444422502778
1675934444457540122
1675934444496887465
1675934444537649913
1675934444592865799
1675934444631698976
1675934444672667674
1675934444711705590
1675934444751686111
1675934444811943819
1675934444852729601
1675934444891989965
1675934444951660278
1675934444992874028
1675934445032366788
1675934445073050642
1675934445120219705
1675934445155771423
1675934445192422465
1675934445251337309
1675934445291818507
1675934445351282205
1675934445391909080
1675934445431349340
1675934445471648767
1675934445515647100
1675934445555210694
1675934445593973246
1675934445651876788
1675934445691284079
1675934445731719027
1675934445763768298
1675934445831517465
1675934445872449548
1675934445902809392
1675934445937207986
1675934445977759652
1675934446032151006
1675934446072391631
1675934446112035850
1675934446151648923
1675934446192069548
1675934446251575954
1675934446300190433
1675934446331602985
1675934446391252725
1675934446431251996
1675934446466890850
1675934446511791579
1675934446551314860
1675934446596528350
1675934446631633350
1675934446692280642
1675934446732200069
1675934446780505589
1675934446831551162
1675934446871227881
1675934446912480173
1675934446955474131
1675934446992659027
1675934447032032933
1675934447071636162
1675934447131792204
1675934447162006839
1675934447191618975
1675934447243842621
1675934447311381943
1675934447344052100
1675934447371364235
1675934447417735277
1675934447457876162
1675934447511395277
1675934447551896110
1675934447591888714
1675934447632247412
1675934447691938402
1675934447732761370
1675934447779279860
1675934447831757099
1675934447854141474
1675934447899943141
1675934447953467464
1675934447991575068
1675934448032340224
1675934448092339912
1675934448131342204
1675934448171562204
1675934448211561735
1675934448262487724
1675934448311282464
1675934448352318245
1675934448371698349
1675934448433053870
1675934448471258610
1675934448516222724
1675934448571271839
1675934448612417308
1675934448632335016
1675934448671460849
1675934448723930849
1675934448771673870
1675934448811378818
1675934448851522255
1675934448899299912
1675934448938733609
1675934448993435224
1675934449031628297
1675934449091230328
1675934449131967516
1675934449171346630
1675934449211312568
1675934449240736005
1675934449293493141
1675934449331486474
1675934449394929547
1675934449431476474
1675934449471929547
1675934449531422515
1675934449571275745
1675934449611334026
1675934449652180745
1675934449691778661
1675934449742186838
1675934449772774963
1675934449811436526
1675934449871852515
1675934449911116057
1675934449956474599
1675934450012266265
1675934450050956994
1675934450071474338
1675934450111348661
1675934450151907463
1675934450211238661
1675934450251612880
1675934450292188869
1675934450331912567
1675934450379239859
1675934450433804911
1675934450472402307
1675934450511863036
1675934450571546161
1675934450612266734
1675934450633815171
1675934450692078036
1675934450734478192
1675934450772160328
1675934450818040171
1675934450871180223
1675934450911566317
1675934450955863036
1675934451011549390
1675934451051496682
1675934451091472932
1675934451111819702
1675934451171606838
1675934451216596004
1675934451251458088
1675934451311504390
1675934451351535431
1675934451377356786
1675934451418022931
1675934451491536577
1675934451511823921
1675934451551672254
1675934451592327411
1675934451631726629
1675934451691254494
1675934451739450588
1675934451772504338
1675934451811834390
1675934451873681265
1675934451912148556
1675934451951202358
1675934452011747150
1675934452040080119
1675934452074541004
1675934452131925171
1675934452174162619
1675934452211492879
1675934452252143035
1675934452311351317
1675934452354472254
1675934452391489025
1675934452435725223
1675934452472392931
1675934452531224494
1675934452551575639
1675934452612539546
1675934452651480118
1675934452704155014
1675934452751515952
1675934452791510900
1675934452811794702
1675934452858380743
1675934452897924233
1675934452951717931
1675934452991252045
1675934453032042879
1675934453071763087
1675934453112608035
1675934453179081160
1675934453219912879
1675934453271465066
1675934453312562827
1675934453353052202
1675934453391204649
1675934453433737462
1675934453471446056
1675934453516286733
1675934453551627514
1675934453612282879
1675934453661895691
1675934453692233764
1675934453751366576
1675934453791077878
1675934453831304493
1675934453855733243
1675934453911656680
1675934453951740483
1675934453996278503
1675934454051364962
1675934454091533868
1675934454112137982
1675934454191008660
1675934454231044545
1675934454251294857
1675934454297402201
1675934454337802514
1675934454390882409
1675934454431066628
1675934454491354441
1675934454531592670
1675934454571101628
1675934454611341003
1675934454659330639
1675934454699497826
1675934454751318086
1675934454791031263
1675934454820112201
1675934454874209909
1675934454911273816
1675934454951291107
1675934455011079336
1675934455051155534
1675934455091371732
1675934455141201524
1675934455191082565
1675934455230990795
1675934455271163555
1675934455296419597
1675934455351470326
1675934455391583242
1675934455436474076
1675934455491467201
1675934455531109909
1675934455551387461
1675934455591137357
1675934455671462305
1675934455691300274
1675934455731133867
1675934455778102982
1675934455818571211
1675934455872311107
1675934455912869440
1675934455971434753
1675934456011410794
1675934456052501836
1675934456091816211
1675934456133421992
1675934456191400169
1675934456213940430
1675934456257914075
1675934456301274909
1675934456351501159
1675934456391722461
1675934456450999388
1675934456491395690
1675934456531436575
1675934456571814648
1675934456603374232
1675934456656686784
1675934456696382252
1675934456731807773
1675934456792040273
1675934456831409752
1675934456871800325
1675934456931586679
1675934456971555221
1675934456992321679
1675934457031465794
1675934457072426054
1675934457131705169
1675934457171421783
1675934457231249127
1675934457271525481
1675934457311758658
1675934457354116627
1675934457391675690
1675934457452183815
1675934457491402148
1675934457531030898
1675934457571108919
1675934457620715012
1675934457654514492
1675934457691441992
1675934457731797460
1675934457792208189
1675934457831357877
1675934457890964752
1675934457931784231
1675934457971147669
1675934458011631835
1675934458032825429
1675934458097327304
1675934458136681731
1675934458184008710
1675934458231398189
1675934458271400793
1675934458298129648
1675934458371116731
1675934458411157616
1675934458431218710
1675934458472265585
1675934458512779231
1675934458571931887
1675934458612244804
1675934458671722616
1675934458711385429
1675934458753054491
1675934458794220012
1675934458834238085
1675934458871350324
1675934458931992043
1675934458971040845
1675934458996476210
1675934459032179283
1675934459094549543
1675934459131404856
1675934459171112616
1675934459231118553
1675934459271333970
1675934459315890428
1675934459351678866
1675934459403056522
1675934459451049595
1675934459476684543
1675934459532445480
1675934459571501887
1675934459611207147
1675934459671138814
1675934459711289803
1675934459737927460
1675934459777690793
1675934459851712355
1675934459871145064
1675934459911540480
1675934459971007043
1675934460011151209
1675934460051464074
1675934460099726001
1675934460151293761
1675934460191185793
1675934460233725063
1675934460271388918
1675934460311144543
1675934460371118293
1675934460400812199
1675934460434636053
1675934460490930584
1675934460531097928
1675934460571241209
1675934460612229855
1675934460671200376
1675934460714933553
1675934460751141157
1675934460776686990
1675934460831433032
1675934460880521782
1675934460911452407
1675934460971446469
1675934461011173605
1675934461051349230
1675934461111106938
1675934461151114594
1675934461171848084
1675934461218191261
1675934461271700115
1675934461311823084
1675934461351101365
1675934461411089334
1675934461451027823
1675934461491111365
1675934461540416573
1675934461580082355
1675934461611491625
1675934461671637771
1675934461714218605
1675934461751883032
1675934461791190584
1675934461831362302
1675934461879134698
1675934461911393084
1675934461971538396
1675934462011043657
1675934462051343032
1675934462092039021
1675934462151008552
1675934462191413917
1675934462216553656
1675934462271298761
1675934462311419698
1675934462351649229
1675934462411069021
1675934462451055375
1675934462472226104
1675934462551285375
1675934462591338761
1675934462611106938
1675934462651750427
1675934462711060167
1675934462751052146
1675934462791110271
1675934462850745062
1675934462891379281
1675934462931033344
1675934462971415167
1675934463020764594
1675934463051365635
1675934463111762562
1675934463151002875
1675934463190519906
1675934463231031364
1675934463271035219
1675934463311458187
1675934463371393396
1675934463411452510
1675934463451038916
1675934463491661364
1675934463531123448
1675934463576865739
1675934463611970948
1675934463657198239
1675934463713076364
1675934463751588916
1675934463791716260
1675934463851536260
1675934463891335583
1675934463911577250
1675934463951525895
1675934464012229958
1675934464052132093
1675934464111015270
1675934464151681572
1675934464192511156
1675934464231424437
1675934464274792562
1675934464331382874
1675934464371424854
1675934464411582249
1675934464451820426
1675934464491023656
1675934464551425270
1675934464574374281
1675934464618134437
1675934464661601937
1675934464711135010
1675934464751063395
1675934464811295531
1675934464831319176
1675934464891980687
1675934464931378760
1675934464962952093
1675934465011194749
1675934465051399801
1675934465091302718
1675934465151561780
1675934465191512510
1675934465231017093
1675934465291218812
1675934465331293030
1675934465352156832
1675934465391925634
1675934465451460426
1675934465491039697
1675934465551137405
1675934465591019280
1675934465631007353
1675934465671002978
1675934465713377613
1675934465753795218
1675934465811383811
1675934465851383291
1675934465890950738
1675934465932334280
1675934465981508707
1675934466014779488
1675934466050912040
1675934466091038238
1675934466151326415
1675934466195276155
1675934466230969697
1675934466271165842
1675934466311201832
1675934466357531884
1675934466391605999
1675934466451270634
1675934466492195999
1675934466531619019
1675934466591047821
1675934466631067926
1675934466658360426
1675934466711219540
1675934466751457092
1675934466792307926
1675934466838264384
1675934466891024540
1675934466931177405
1675934466978182561
1675934467031160165
1675934467071319280
1675934467111118967
1675934467153738863
1675934467191728550
1675934467231249905
1675934467291041415
1675934467330941311
1675934467355869905
1675934467411230269
1675934467456063707
1675934467491263446
1675934467538057092
1675934467571007352
1675934467636229748
1675934467671284071
1675934467711332300
1675934467751186571
1675934467797374019
1675934467831655165
1675934467891912456
1675934467931285321
1675934467972001154
1675934468031163238
1675934468072107196
1675934468098866623
1675934468138593654
1675934468191677040
1675934468232002196
1675934468278125165
1675934468331255165
1675934468371009175
1675934468411014904
1675934468460094904
1675934468510974487
1675934468551200217
1675934468594664435
1675934468635279279
1675934468671208810
1675934468731304748
1675934468762028341
1675934468795247300
1675934468851346571
1675934468871333706
1675934468931219331
1675934468975747508
1675934469010955529
1675934469051507143
1675934469111291154
1675934469137704331
1675934469191318862
1675934469231356258
1675934469271471779
1675934469331449018
1675934469371279748
1675934469411227404
1675934469458402664
1675934469491702977
1675934469531128602
1675934469592952977
1675934469631652664
1675934469671177195
1675934469731285164
1675934469770905372
1675934469811306414
1675934469851283706
1675934469891441674
1675934469941157404
1675934469971573289
1675934470031619279
1675934470075171935
1675934470111185320
1675934470156137351
1675934470191127716
1675934470235865737
1675934470291211258
1675934470311018133
1675934470371153758
1675934470416567195
1675934470451028028
1675934470491438758
1675934470532386414
1675934470578274174
1675934470631732507
1675934470671650112
1675934470711512976
1675934470770918497
1675934470811089695
1675934470831751309
1675934470898491830
1675934470932395424
1675934470972142455
1675934471031237195
1675934471071073653
1675934471111507351
1675934471152561153
1675934471210962507
1675934471250972143
1675934471291237976
1675934471331509486
1675934471381613445
1675934471421841049
1675934471471124382
1675934471511204486
1675934471548283028
1675934471590801830
1675934471615080267
1675934471675494851
1675934471711254382
1675934471751257142
1675934471791264799
1675934471850772194
1675934471891014486
1675934471932152090
1675934471971995528
1675934472011542194
1675934472070938705
1675934472112307142
1675934472151253913
1675934472211428809
1675934472238483653
1675934472272361413
1675934472330906153
1675934472374126934
1675934472411213184
1675934472471121153
1675934472511057923
1675934472553557142
1675934472591485528
1675934472633805163
1675934472671566830
1675934472720713184
1675934472771200059
1675934472811484382
1675934472850900840
1675934472911100059
1675934472935586986
1675934472982313548
1675934473015816465
1675934473056261934
1675934473115574902
1675934473150893027
1675934473191332767
1675934473231782350
1675934473291605059
1675934473311777402
1675934473372280996
1675934473411579642
1675934473451476152
1675934473511101152
1675934473550913600
1675934473591325579
1675934473631147506
1675934473679982402
1675934473712431673
1675934473771256152
1675934473811327402
1675934473859520423
1675934473891222506
1675934473951100840
1675934473991553548
1675934474033225579
1675934474075245110
1675934474115268444
1675934474170849433
1675934474211571204
1675934474251117819
1675934474290902766
1675934474328991360
1675934474391187454
1675934474422102246
1675934474450998339
1675934474495977193
1675934474536162871
1675934474591105475
1675934474631140943
1675934474671389277
1675934474711529381
1675934474751540475
1675934474811409693
1675934474851192662
1675934474891186777
1675934474951049172
1675934474991749850
1675934475018834120
1675934475073317818
1675934475111130058
1675934475153183704
1675934475211105527
1675934475250911516
1675934475291095266
1675934475330972558
1675934475391134589
1675934475431301724
1675934475470888860
1675934475514985735
1675934475555054745
1675934475591157349
1675934475651444172
1675934475690796047
1675934475715655474
1675934475771042037
1675934475802328183
1675934475862603078
1675934475891124797
1675934475931170422
1675934475977630839
1675934476030939485
1675934476070923078
1675934476111288755
1675934476151392401
1675934476191209484
1675934476251463807
1675934476291164380
1675934476331067766
1675934476391285839
1675934476413044589
1675934476459746568
1675934476512708026
1675934476551261099
1675934476592297609
1675934476631998495
1675934476691119432
1675934476731802870
1675934476772211307
1675934476824031307
1675934476870760213
1675934476910782713
1675934476951729849
1675934476995137609
1675934477032754797
1675934477071004849
1675934477131113130
1675934477156014380
1675934477211076724
1675934477231167401
1675934477282856047
1675934477330919328
1675934477370699067
1675934477410936984
1675934477456696151
1675934477497992557
1675934477551415682
1675934477591438494
1675934477631805057
1675934477691354432
1675934477731037401
1675934477770843182
1675934477819188546
1675934477853652869
1675934477891106723
1675934477953096723
1675934477991760734
1675934478031260578
1675934478090810682
1675934478131003598
1675934478171489536
1675934478210702921
1675934478251118338
1675934478294988077
1675934478331070838
1675934478391368650
1675934478430985942
1675934478470780317
1675934478496071098
1675934478571155057
1675934478597030994
1675934478650792661
1675934478671207036
1675934478711309744
1675934478771848702
1675934478811738286
1675934478851136150
1675934478891334744
1675934478937939119
1675934478991494275
1675934479031177504
1675934479071352088
1675934479130795265
1675934479170800733
1675934479192706931
1675934479259671046
1675934479292929275
1675934479337654952
1675934479370922192
1675934479430834119
1675934479470877504
1675934479511231931
1675934479571893754
1675934479611002608
1675934479650855577
1675934479691081202
1675934479731409639
1675934479772092608
1675934479811430369
1675934479870762921
1675934479903067504
1675934479955919431
1675934479977711723
1675934480050824587
1675934480072610368
1675934480111130264
1675934480151106306
1675934480191411514
1675934480251065368
1675934480291384275
1675934480331118702
1675934480372158597
1675934480432005889
1675934480471690837
1675934480511010525
1675934480570742764
1675934480599358441
1675934480633713181
1675934480691103024
1675934480733382295
1675934480780006514
1675934480811101514
1675934480871061983
1675934480910759118
1675934480952126097
1675934480995133389
1675934481051353233
1675934481091818076
1675934481131317295
1675934481171284378
1675934481211151045
1675934481250901878
1675934481312015524
1675934481342472347
1675934481376258545
1675934481418202972
1675934481457535680
1675934481511904378
1675934481551071774
1675934481591007660
1675934481631393545
1675934481671543389
1675934481738457868
1675934481771879534
1675934481811385055
1675934481871377243
1675934481911768753
1675934481950762034
1675934481993422764
1675934482040092034
1675934482074690263
1675934482117542711
1675934482170869691
1675934482220802243
1675934482251161513
1675934482310694795
1675934482351089222
1675934482390860211
1675934482435293180
1675934482474697347
1675934482513675159
1675934482551141201
1675934482610994065
1675934482650816097
1675934482690824847
1675934482750994690
1675934482791459586
1675934482823320055
1675934482857110472
1675934482898008180
1675934482950823284
1675934482990837399
1675934483031291149
1675934483071444430
1675934483111555107
1675934483171297659
1675934483218637503
1675934483258621930
1675934483310709586
1675934483350699638
1675934483379406253
1675934483432773805
1675934483473162034
1675934483513629221
1675934483551013753
1675934483611421982
1675934483650933127
1675934483702549482
1675934483750976148
1675934483790924794
1675934483830994742
1675934483875466773
1675934483911059221
1675934483951248700
1675934483991092711
1675934484050740367
1675934484076043127
1675934484110757659
1675934484162962867
1675934484211764013
1675934484251650002
1675934484291017138
1675934484337527450
1675934484377461461
1675934484430742867
1675934484471464586
1675934484531034429
1675934484570951565
1675934484611013492
1675934484651474690
1675934484698912242
1675934484750634221
1675934484773459794
1675934484810752502
1675934484859999898
1675934484910784169
1675934484953949637
1675934484990767554
1675934485050727658
1675934485090732398
1675934485131779169
1675934485181744116
1675934485230603075
1675934485270707033
1675934485291071200
1675934485351317710
1675934485390711668
1675934485436136096
1675934485490943491
1675934485531013283
1675934485552317293
1675934485591846929
1675934485645044898
1675934485690823231
1675934485730632293
1675934485770891720
1675934485817762241
1675934485858557450
1675934485912364064
1675934485951575314
1675934486010579845
1675934486050919116
1675934486090581929
