1675934356354943176
1675934356616392655
1675934356855405520
1675934357115683280
1675934357365725259
1675934357625792551
1675934357864854373
1675934358124483957
1675934358368935102
1675934358629381925
1675934358868997967
1675934359128961560
1675934359390020414
1675934359639133852
1675934359899153852
1675934360139066300
1675934360399031091
1675934360643795622
1675934360904090258
1675934361143744008
1675934361404100622
1675934361654215882
1675934361914480778
1675934362154523590
1675934362414470517
1675934362674302497
1675934362919918746
1675934363181837965
1675934363421449215
1675934363681140621
1675934363931534111
1675934364192406090
1675934364429659319
1675934364690185465
1675934364926189839
1675934365196149319
1675934365435721037
1675934365701255777
1675934365956041610
1675934366206521922
1675934366466625985
1675934366704974943
1675934366966508380
1675934367212426766
1675934367469826505
1675934367711455463
1675934367971178536
1675934368211933901
1675934368479278953
1675934368739336921
1675934368980514942
1675934369239923067
1675934369484978067
1675934369744461140
1675934369984778744
1675934370244520879
1675934370484140723
1675934370754823014
1675934370994530514
1675934371254692285
1675934371489334368
1675934371759895201
1675934372019020670
1675934372260374732
1675934372519861034
1675934372770477857
1675934373029517076
1675934373269192284
1675934373529104472
1675934373764604419
1675934374034425773
1675934374275304419
1675934374536669315
1675934374777098638
1675934375047793377
1675934375304799002
1675934375545301606
1675934375804239106
1675934376049165200
1675934376309426241
1675934376550477595
1675934376809010720
1675934377048795876
1675934377319479574
1675934377558994626
1675934377819225928
1675934378079018532
1675934378324543063
1675934378584174261
1675934378824655355
1675934379084673792
1675934379324416605
1675934379594282855
1675934379834058636
1675934380094263636
1675934380330658531
1675934380599615563
1675934380838888583
1675934381099706344
1675934381358988114
1675934381608672802
1675934381870143323
1675934382109060822
1675934382369246187
1675934382604806916
1675934382874603374
1675934383115041916
1675934383374439259
1675934383614089103
1675934383885347749
1675934384124426603
1675934384384297488
1675934384644021342
1675934384880470926
1675934385150298269
1675934385389686342
1675934385649739571
1675934385889041342
1675934386160258529
1675934386399566758
1675934386660083789
1675934386894704831
1675934387163726810
1675934387425245820
1675934387664942331
1675934387924633841
1675934388163550247
1675934388434133060
1675934388673466289
1675934388933909153
1675934389169156966
1675934389439458476
1675934389678844153
1675934389939636392
1675934390179429882
1675934390448523684
1675934390709776392
1675934390949051705
1675934391208815767
1675934391445095402
1675934391715089881
1675934391953992381
1675934392214291860
1675934392454691235
1675934392724315610
1675934392964441912
1675934393224683943
1675934393464525558
1675934393720012224
1675934393990497589
1675934394229450245
1675934394490095661
1675934394729088526
1675934394999722797
1675934395240196182
1675934395499981963
1675934395734587484
1675934396004313525
1675934396245330505
1675934396504043838
1675934396765423942
1675934397003836129
1675934397274295244
1675934397514432223
1675934397773960712
1675934398009373785
1675934398279733316
1675934398519653577
1675934398780308681
1675934399020220035
1675934399278775087
1675934399530055607
1675934399789775764
1675934400049974461
1675934400284347638
1675934400554412743
1675934400794657795
1675934401054807430
1675934401294704096
1675934401565055711
1675934401805686127
1675934402064528211
1675934402300193784
1675934402558819356
1675934402808778367
1675934403069078054
1675934403329817377
1675934403569066804
1675934403839082481
1675934404079679981
1675934404339753939
1675934404574500033
1675934404844127637
1675934405083953626
1675934405343835814
1675934405584078886
1675934405844342480
1675934406113900084
1675934406354880865
1675934406613962376
1675934406848776959
1675934407118853573
1675934407359239511
1675934407618862584
1675934407859263521
1675934408119158208
1675934408369116958
1675934408629315864
1675934408869501385
1675934409124888729
1675934409393682635
1675934409634751072
1675934409894265343
1675934410134601333
1675934410404407687
1675934410643791957
1675934410904083832
1675934411140141697
1675934411399399718
1675934411649197217
1675934411909363467
1675934412150357530
1675934412408789040
1675934412679265082
1675934412918908467
1675934413179002165
1675934413413850394
1675934413674108831
1675934413923930342
1675934414183965966
1675934414424120081
1675934414684532633
1675934414934519300
1675934415193680862
1675934415453702633
1675934415689108883
1675934415958812893
1675934416199539299
1675934416459715184
1675934416699666434
1675934416958933934
1675934417208653830
1675934417469295861
1675934417704786694
1675934417964622007
1675934418214938413
1675934418475556642
1675934418735154402
1675934418974715444
1675934419244349975
1675934419484742944
1675934419744671798
1675934419980155756
1675934420239112266
1675934420489780183
1675934420748927943
1675934420989273672
1675934421248878880
1675934421499181380
1675934421759381537
1675934422019078620
1675934422254082995
1675934422515650547
1675934422765592682
1675934423024677682
1675934423264186848
1675934423524820598
1675934423774102994
1675934424033699400
1675934424274913879
1675934424529101535
1675934424798966327
1675934425039114348
1675934425299794608
1675934425539533670
1675934425799726066
1675934426049064608
1675934426309778722
1675934426545175545
1675934426805300076
1675934427054760701
1675934427313841222
1675934427554777888
1675934427815013305
1675934428074152263
1675934428324393409
1675934428583912523
1675934428820032159
1675934429079323513
1675934429328746377
1675934429589081794
1675934429828800336
1675934430088777419
1675934430339239814
1675934430599201846
1675934430839146168
1675934431094086689
1675934431353962262
1675934431603841845
1675934431864235074
1675934432104094970
1675934432364416116
1675934432614745334
1675934432874218459
1675934433108878668
1675934433370040959
1675934433608784813
1675934433878915907
1675934434138884136
1675934434379457313
1675934434639150646
1675934434890157365
1675934435149892313
1675934435385156531
1675934435645205750
1675934435894792364
1675934436153512000
1675934436395066271
1675934436653871635
1675934436895146374
1675934437164678926
1675934437424279499
1675934437659095541
1675934437918916791
1675934438170004916
1675934438428820072
1675934438669298509
1675934438930445176
1675934439180576686
1675934439439446999
1675934439679098457
1675934439934034602
1675934440175151894
1675934440445289811
1675934440704206633
1675934440944589550
1675934441204416946
1675934441455323300
1675934441715063300
1675934441949139862
1675934442210108768
1675934442450131893
1675934442719475226
1675934442959712310
1675934443219320122
1675934443479456112
1675934443729341632
1675934443989177778
1675934444224168768
1675934444484446476
1675934444735222986
1675934444994477778
1675934445235215121
1675934445494196892
1675934445734539809
1675934446004332309
1675934446244144392
1675934446499400069
1675934446759322308
1675934447010078975
1675934447269061527
1675934447509924339
1675934447769295016
1675934448010049443
1675934448280138922
1675934448514593297
1675934448774497203
1675934449014312099
1675934449284696630
1675934449524452047
1675934449784244182
1675934450044478036
1675934450294235328
1675934450555051421
1675934450790167775
1675934451049389859
1675934451289402411
1675934451559635327
1675934451799306942
1675934452059733712
1675934452299893504
1675934452569309285
1675934452829943400
1675934453065383764
1675934453324431889
1675934453574489181
1675934453833869181
1675934454073703660
1675934454333832878
1675934454573658503
1675934454844056420
1675934455078513868
1675934455339382513
1675934455578728711
1675934455849664753
1675934456110157200
1675934456349376315
1675934456609382304
1675934456849998606
1675934457118997617
1675934457355454804
1675934457614340846
1675934457854122408
1675934458124727148
1675934458364167825
1675934458625159856
1675934458863933449
1675934459134182668
1675934459394568033
1675934459629666522
1675934459889748032
1675934460131124751
1675934460399407511
1675934460640193918
1675934460899481938
1675934461139104751
1675934461409171782
1675934461650233605
1675934461904949594
1675934462165109698
1675934462405189438
1675934462674602458
1675934462914036417
1675934463174122146
1675934463414619958
1675934463685105791
1675934463920473552
1675934464179600166
1675934464420274072
1675934464689363135
1675934464929943030
1675934465189267822
1675934465449414124
1675934465690323499
1675934465959699853
1675934466194532353
1675934466454061155
1675934466694147717
1675934466964809748
1675934467204578707
1675934467464069592
1675934467705076467
1675934467974202352
1675934468214406831
1675934468469484383
1675934468729683081
1675934468970077560
1675934469239430998
1675934469479208497
1675934469739369435
1675934469979404956
1675934470249318497
1675934470484125216
1675934470745442091
1675934470984104330
1675934471244642455
1675934471514780632
1675934471754885736
1675934472014164226
1675934472255517715
1675934472524564642
1675934472759797402
1675934473019603079
1675934473260433027
1675934473530207663
1675934473769901308
1675934474029484746
1675934474269584485
1675934474529305891
1675934474799195683
1675934475034186985
1675934475295340735
1675934475534467766
1675934475804495005
1675934476045005943
1675934476304321047
1675934476544467922
1675934476805378651
1675934477054341984
1675934477309057453
1675934477549422817
1675934477810155890
1675934478079069536
1675934478319386411
1675934478580393806
1675934478819321983
1675934479089484640
1675934479324553494
1675934479584428077
1675934479824292452
1675934480084137400
1675934480334961097
1675934480595421410
1675934480854258493
1675934481095243649
1675934481364319222
1675934481599106982
1675934481859212243
1675934482099824170
1675934482369385263
1675934482608957503
1675934482870273232
1675934483109096565
1675934483368983648
1675934483619277034
1675934483874523075
1675934484134904950
1675934484374976356
1675934484644088023
1675934484884589690
1675934485145639064
1675934485385073127
1675934485643962502
