1675934412410348319
1675934412670720871
1675934412909319256
1675934413169161027
1675934413419343058
1675934413680305194
1675934413920923527
1675934414180504256
1675934414425205975
1675934414684867693
1675934414924998787
1675934415185358318
1675934415444960505
1675934415694955610
1675934415954994151
1675934416195480974
1675934416455399463
1675934416699485192
1675934416960544724
1675934417199758786
1675934417459589307
1675934417710387848
1675934417969871442
1675934418210116494
1675934418469791911
1675934418730162692
1675934418975060765
1675934419235089358
1675934419474927535
1675934419735322379
1675934419985299670
1675934420244749931
1675934420484591389
1675934420745157691
1675934420980125920
1675934421250074045
1675934421490718628
1675934421750243316
1675934422009535451
1675934422260325919
1675934422519645555
1675934422759923836
1675934423020293367
1675934423264949148
1675934423524735450
1675934423765212221
1675934424024821388
1675934424265126387
1675934424535131492
1675934424794853679
1675934425034485398
1675934425294828575
1675934425539945345
1675934425800040658
1675934426039860658
1675934426300572428
1675934426539799980
1675934426810451647
1675934427049707793
1675934427310189511
1675934427544559199
1675934427815315501
1675934428075145709
1675934428315053990
1675934428575181386
1675934428825453313
1675934429084245604
1675934429325061542
1675934429585012531
1675934429820178677
1675934430089770708
1675934430329438729
1675934430590235083
1675934430830316489
1675934431100155343
1675934431360699301
1675934431599974510
1675934431859424145
1675934432105470447
1675934432365086280
1675934432605671853
1675934432864804197
1675934433104788988
1675934433375566228
1675934433615171592
1675934433875196696
1675934434134599300
1675934434380119561
1675934434640112113
1675934434879832321
1675934435139987685
1675934435380092842
1675934435650020185
1675934435889884039
1675934436149762373
1675934436385370029
1675934436655294924
1675934436895642372
1675934437154724455
1675934437415362580
1675934437665289247
1675934437924688153
1675934438165072841
1675934438424906747
1675934438659712476
1675934438930575340
1675934439170553778
1675934439430421590
1675934439670167840
1675934439939673257
1675934440180069506
1675934440440410183
1675934440700218360
1675934440935822944
1675934441205772058
1675934441446099141
1675934441705676225
1675934441945756797
1675934442214738776
1675934442455621745
1675934442714763880
1675934442950144766
1675934443220473828
1675934443480904193
1675934443720503099
1675934443980585130
1675934444220328932
1675934444490140182
1675934444730023515
1675934444990108150
1675934445225966796
1675934445495779973
1675934445735516536
1675934445995686900
1675934446234771171
1675934446505816014
1675934446764680181
1675934447005968670
1675934447265459868
1675934447501103879
1675934447770268045
1675934448010314712
1675934448269768097
1675934448509811066
1675934448779579347
1675934449021022941
1675934449281231118
1675934449520834920
1675934449775470857
1675934450046058669
1675934450285410805
1675934450545639607
1675934450785246377
1675934451055345023
1675934451295196325
1675934451555493148
1675934451790252210
1675934452060714658
1675934452300462262
1675934452560323043
1675934452820309033
1675934453060638095
1675934453330327314
1675934453570646793
1675934453830499241
1675934454065793512
1675934454335673251
1675934454575082157
1675934454835072834
1675934455076080386
1675934455335137313
1675934455585664813
1675934455845455803
1675934456105675386
1675934456340146427
1675934456610381219
1675934456849920073
1675934457110153354
1675934457350762833
1675934457620738146
1675934457860542052
1675934458119883458
1675934458355790489
1675934458615633301
1675934458865868926
1675934459125231791
1675934459385034499
1675934459625370436
1675934459895965645
1675934460136041270
1675934460395116478
1675934460630636582
1675934460900639134
1675934461140335488
1675934461400704655
1675934461640854759
1675934461900482102
1675934462171093561
1675934462410176894
1675934462670459550
1675934462905121998
1675934463175705643
1675934463415825643
1675934463675208091
1675934463915735852
1675934464175808143
1675934464425699080
1675934464685636476
1675934464925656893
1675934465201789966
1675934465450531945
1675934465691084653
1675934465949856059
1675934466191088507
1675934466460271892
1675934466700261996
1675934466960341423
1675934467195531840
1675934467455338402
1675934467706010485
1675934467965879808
1675934468205571839
1675934468465943662
1675934468735719808
1675934468975592985
1675934469235591474
1675934469470750693
1675934469730175224
1675934469980100953
1675934470239273505
1675934470479536734
1675934470745428297
1675934470989909807
1675934471250358192
1675934471510250432
1675934471745002932
1675934472014340588
1675934472254254286
1675934472514366057
1675934472754114338
1675934473014335483
1675934473264212671
1675934473525408608
1675934473760221785
1675934474021028556
1675934474270607670
1675934474530345535
1675934474790615014
1675934475030117149
1675934475300917514
1675934475540175014
1675934475800396368
1675934476035524753
1675934476295717201
1675934476545735847
1675934476806269492
1675934477045235117
1675934477305474961
1675934477554850117
1675934477814613502
1675934478075560221
1675934478311356211
1675934478570390429
1675934478821838867
1675934479081040794
1675934479320374856
1675934479579889023
1675934479830751470
1675934480090399647
1675934480331155845
1675934480591695220
1675934480855607720
1675934481094654387
1675934481355670324
1675934481595715949
1675934481855106730
1675934482104984647
1675934482364950428
1675934482600953292
1675934482860977303
1675934483109761105
1675934483370563344
1675934483610345271
1675934483870623917
1675934484130585531
1675934484379551677
1675934484640119594
1675934484875537198
1675934485135651312
1675934485385101937
1675934485644746937
1675934485885278708
1675934486144658031
1675934486395593499
1675934486654680687
1675934486895190322
1675934487150694905
1675934487410188499
1675934487659973134
1675934487920184488
1675934488160452509
1675934488420563342
1675934488670746727
1675934488929980269
1675934489165609956
1675934489426426415
1675934489664806519
1675934489935486727
1675934490195788550
1675934490435736154
1675934490695373237
1675934490946129747
1675934491205251935
1675934491440120320
1675934491700298758
1675934491949825893
1675934492210284330
1675934492450519486
1675934492710163080
1675934492950106361
1675934493220154642
1675934493479683392
1675934493715143444
1675934493975711517
1675934494225210371
1675934494484575059
1675934494725717975
1675934494984786100
1675934495235916412
1675934495495112402
1675934495734468964
1675934495990342558
1675934496229777298
1675934496499616516
1675934496760305370
1675934497000689068
1675934497260278130
1675934497510036307
1675934497771328755
1675934498005696255
1675934498264951984
1675934498505028026
1675934498775445630
1675934499015562713
1675934499275516307
1675934499535525265
1675934499785269484
1675934500046100525
1675934500280384640
1675934500540092140
1675934500790693546
1675934501049704796
1675934501290230264
1675934501550536879
1675934501790635889
1675934502059873337
1675934502300441566
1675934502555074587
1675934502815687608
1675934503065079899
1675934503325410784
1675934503565835316
1675934503825287711
1675934504065524065
1675934504335419586
1675934504570426461
1675934504830176878
1675934505070522294
1675934505340246148
1675934505579319950
1675934505840123336
1675934506100722606
1675934506349819846
1675934506610839950
1675934506845780887
1675934507104964325
1675934507345443179
1675934507614708960
1675934507855485418
1675934508115872918
1675934508355398751
1675934508624688803
1675934508884882761
1675934509119624011
1675934509380169897
1675934509630489688
1675934509890807969
1675934510129471928
1675934510390193386
1675934510629923802
1675934510901131719
1675934511137781511
1675934511395166979
1675934511635570104
1675934511906086875
1675934512165720416
1675934512405524062
1675934512665522448
1675934512905429375
1675934513176071301
1675934513411072135
1675934513670391353
1675934513909947551
1675934514181949791
1675934514420020207
1675934514680322447
1675934514920437811
1675934515190727394
1675934515450237030
1675934515686231561
1675934515946133436
1675934516185976665
1675934516456573748
1675934516695802863
1675934516955587863
1675934517195634060
1675934517465098175
1675934517706169946
1675934517960129841
1675934518220649945
1675934518460766404
1675934518730824164
1675934518970353331
1675934519230362080
1675934519471229893
1675934519740741091
1675934519976186143
1675934520236439007
1675934520474932809
1675934520745623174
1675934520985895621
1675934521245545569
1675934521506121819
1675934521746912027
1675934522015902288
1675934522250980725
1675934522510615829
1675934522750441350
1675934523020574214
1675934523259828850
1675934523521024579
1675934523760692079
1675934524030600204
1675934524270900360
1675934524525157339
1675934524786180307
1675934525025186662
1675934525295504057
1675934525535434786
1675934525795658797
1675934526036022026
1675934526304773536
1675934526539644369
1675934526801068484
1675934527039628223
1675934527300744473
1675934527569958483
1675934527810271660
1675934528069599629
1675934528310861764
1675934528579964577
1675934528815358587
1675934529076357545
1675934529315281868
1675934529585864837
1675934529825434212
1675934530085512545
1675934530325743066
1675934530585044264
1675934530855830878
1675934531090047493
1675934531351002232
1675934531590698794
1675934531860222596
