1675934377154691978,0.20129395,-0.32125854,0.01272583
1675934377348155728,-6.5612793E-4,-0.0033721924,-2.1362305E-4
1675934377541336718,-0.017990112,0.018859863,-0.11116028
1675934377736421353,0.009979248,-0.14228821,-9.460449E-4
1675934377930660207,-0.01739502,0.20211792,-0.09051514
1675934378125517916,2.1616974,0.056732178,-0.08232117
1675934378318545155,2.9712372,0.93540955,0.61112976
1675934378519778645,1.8432007,-1.5008545,0.7969513
1675934378714007290,0.904541,-1.9590149,0.6464386
1675934378901953280,-1.8664856,-1.6333008,-1.7098083
1675934379096098748,-0.04975891,-1.3840637,-1.8933105
1675934379295854686,2.0208435,3.0928802,0.440094
1675934379488759894,-0.63668823,2.3015594,0.3214569
1675934379678998800,-0.3939209,2.0663757,0.8906708
1675934379874980311,-0.3079071,-2.807022,0.027389526
1675934380070788800,-0.34603882,-10.656464,1.2277374
1675934380259828696,-0.42214966,-4.590637,1.396347
1675934380456201821,0.32566833,0.14884949,0.15969849
1675934380648017602,-1.6642914,-0.35890198,-0.26496887
1675934380842134164,-0.68395996,-0.92004395,-0.97198486
1675934381036760623,0.5372772,0.24072266,-0.9338684
1675934381230905206,0.31663513,2.1929474,0.49751282
1675934381425490623,-0.17120361,1.7158508,0.28041077
1675934381618930258,0.1116333,-0.276062,-0.24700928
1675934381812817029,-0.23460388,0.37036133,-0.30845642
1675934382007854633,-0.3897705,1.3185425,0.17216492
1675934382199639685,-0.20675659,1.2763977,0.2077179
1675934382396512966,0.13838196,1.0440216,-0.3638153
1675934382588955414,0.71736145,1.5310059,-0.025024414
1675934382783396924,0.99739075,1.7830505,-0.42929077
1675934382977409737,0.6491852,1.0957031,-0.23712158
1675934383173548122,0.45848083,-0.04576111,0.44607544
1675934383365113851,0.3922577,-0.3149109,0.40098572
1675934383559412132,-1.441803,-0.3149109,0.29481506
1675934383756519580,-0.73625183,-0.92456055,-0.08329773
1675934383947814320,-0.31329346,-0.99346924,0.44021606
1675934384143829059,-0.74627686,-0.20080566,0.24620056
1675934384338086871,-0.15531921,0.43962097,0.08981323
1675934384528918382,0.49745178,1.0440216,0.18644714
1675934384727809319,0.36917114,1.3165894,-0.006210327
1675934384919721923,0.28193665,1.2222748,-0.10223389
1675934385111334007,0.29170227,0.9719391,-0.11897278
1675934385307041767,0.0423584,0.6966858,-0.13058472
1675934385503890829,-0.04975891,0.23864746,-0.13424683
1675934385697974111,0.13264465,-0.07899475,-0.18556213
1675934385891578798,0.09623718,0.0259552,-0.09259033
1675934386082497340,-0.019104004,0.059906006,-0.07609558
1675934386276127287,-0.034729004,-0.10990906,-0.08207703
1675934386470865621,-0.17071533,0.04928589,-0.1343689
1675934386665008850,-0.06137085,0.07359314,-0.06643677
1675934386860585621,0.092437744,-0.07398987,-0.11677551
1675934387051454475,0.0035095215,-0.061523438,-0.05935669
1675934387244955047,-0.06454468,-0.031341553,-0.008651733
1675934387442370047,-0.10205078,-0.060791016,0.050354004
1675934387636983120,-0.029968262,-0.25590515,0.024337769
1675934387830792339,-0.02947998,-0.2879181,-0.0020599365
1675934388023386505,-0.046829224,-0.22291565,0.062088013
1675934388216100360,0.04246521,-0.20690918,-0.020019531
1675934388413744370,-0.0063934326,-0.05357361,-0.01953125
1675934388608370724,-0.042663574,0.03401184,0.0569458
1675934388801849109,-0.019821167,0.039016724,-5.79834E-4
1675934388996365099,-0.029724121,0.10070801,-0.002532959
1675934389186853015,-0.038146973,0.19747925,0.011627197
1675934389382199890,0.0046081543,0.19857788,-0.0013275146
1675934389575980047,0.041366577,0.16607666,-0.03100586
1675934389772314786,0.023773193,0.17366028,-0.03125
1675934389967392234,0.0032653809,0.17327881,0.008331299
1675934390156351505,0.0027618408,0.14738464,0.0067443848
1675934390352377494,-0.009689331,0.11720276,-0.004135132
1675934390544673223,-0.007858276,0.08569336,-0.01586914
1675934390738733744,0.012054443,0.050750732,0.0057678223
1675934390934825515,0.01852417,0.022155762,0.010040283
1675934391128384421,-0.001739502,-0.0027618408,-0.0074310303
1675934391325476504,-0.015304565,0.005554199,-0.0047454834
1675934391518212910,-0.010665894,0.015319824,0.0082092285
1675934391711064264,-0.0022277832,0.021072388,0.004058838
1675934391905106139,0.0019226074,0.01802063,-0.0074310303
1675934392098070723,0.008392334,0.012390137,-0.009017944
1675934392293046868,0.0105896,0.01727295,-0.002670288
1675934392487811035,3.2043457E-4,0.024978638,-0.0019226074
1675934392680359264,-0.0082092285,0.032302856,-0.008041382
1675934392874246816,-0.003692627,0.03804016,-0.008895874
1675934393068495410,0.0066833496,0.039871216,-0.0054779053
1675934393262232389,0.013153076,0.03364563,-0.0066986084
1675934393455720149,0.008880615,0.028030396,-0.008285522
1675934393650196295,0.0021514893,0.026321411,-0.0051116943
1675934393844266607,7.019043E-4,0.026687622,-0.0019226074
1675934394038574524,4.4250488E-4,0.030090332,-0.0029144287
1675934394232169784,0.0026550293,0.030227661,-0.005844116
1675934394428226086,0.008270264,0.026184082,-0.0059661865
1675934394622191763,0.009490967,0.024597168,-0.0031585693
1675934394814844940,0.004852295,0.024353027,-9.460449E-4
1675934395009845044,0.0013122559,0.021911621,-3.3569336E-4
1675934395202569211,0.002166748,0.016662598,5.0354004E-4
1675934395398027961,0.004119873,0.011779785,0.0010070801
1675934395592434159,0.0049591064,0.0064086914,1.373291E-4
1675934395784940825,0.004486084,0.0033416748,-3.3569336E-4
1675934395981719315,0.0027770996,0.005432129,0.0011138916
1675934396173400357,0.0019226074,0.010437012,0.0016021729
1675934396367937596,0.0024108887,0.015808105,0.0011138916
1675934396560964679,0.004837036,0.020095825,-2.2888184E-4
1675934396755987856,0.006668091,0.022888184,-0.0016784668
1675934396951966867,0.006668091,0.026931763,-0.001449585
1675934397142801502,0.00642395,0.030944824,-0.0018005371
1675934397337056346,0.0046081543,0.035964966,-0.0019226074
1675934397533803429,0.0043640137,0.038894653,-0.0024108887
1675934397726735408,0.005584717,0.039993286,-0.0031585693
1675934397919817804,0.007904053,0.039505005,-0.0038757324
1675934398114010668,0.008392334,0.039749146,-0.0043792725
1675934398308000824,0.0061950684,0.039993286,-0.004119873
1675934398501853637,0.005584717,0.03816223,-0.004257202
1675934398697180460,0.0036315918,0.035842896,-0.003753662
1675934398892588116,0.0036315918,0.032180786,-0.0039978027
1675934399084317335,0.005203247,0.028137207,-0.003753662
1675934399278830928,0.004714966,0.025100708,-0.0033874512
1675934399472084991,0.0036315918,0.021438599,-0.00289917
1675934399667759991,0.0031433105,0.016418457,-0.0016784668
1675934399861398480,0.0021514893,0.010681152,-0.001083374
1675934400058511240,3.2043457E-4,0.0040740967,-5.950928E-4
1675934400249726865,-1.5258789E-4,-0.0038604736,2.593994E-4
1675934400443803376,-2.746582E-4,-0.011428833,9.918213E-4
1675934400638360251,-0.0010070801,-0.017059326,0.0017242432
1675934400831877542,-0.0022277832,-0.023406982,0.0023498535
1675934401026487386,-0.0030822754,-0.029266357,0.0027008057
1675934401218074105,-0.0035705566,-0.03453064,0.003692627
1675934401415497386,-0.0029754639,-0.039657593,0.004058838
1675934401610668844,-0.0029754639,-0.04295349,0.0043029785
1675934401802120667,-0.0044403076,-0.043685913,0.0045318604
1675934401997166865,-0.0046844482,-0.044296265,0.0045318604
1675934402189643740,-0.003326416,-0.04307556,0.004776001
1675934402385512385,-0.003692627,-0.03929138,0.0048980713
1675934402577377802,-0.0039520264,-0.035873413,0.0039367676
1675934402772431239,-0.002105713,-0.031951904,0.0029449463
1675934402966636760,-0.0011291504,-0.025482178,0.0034484863
1675934403158914625,-0.001373291,-0.01828003,0.002822876
1675934403353676656,-0.0015106201,-0.011917114,0.0018463135
1675934403547223739,0.0011749268,-0.0061798096,-9.1552734E-5
1675934403742872697,0.0011749268,0.0017547607,-4.7302246E-4
1675934403937556551,0.0016784668,0.007873535,-0.0020599365
1675934404129336812,0.004486084,0.013244629,-0.0032806396
1675934404326534260,0.0031433105,0.022399902,-0.0013275146
1675934404518163426,0.0027770996,0.028381348,-0.0016937256
1675934404713189207,0.004348755,0.030960083,-0.0036315918
1675934404907591551,0.005203247,0.03388977,-0.003036499
1675934405099438999,0.0046081543,0.03437805,-0.0031585693
1675934405295621343,0.004486084,0.032058716,-0.004623413
1675934405490377853,0.004486084,0.03010559,-0.0035095215
1675934405683306707,0.003250122,0.029006958,-0.0019378662
1675934405877600457,0.0033874512,0.024978638,-0.0025482178
1675934406071183894,0.0031433105,0.0211792,-0.003036499
1675934406264817957,0.0031433105,0.016906738,-0.0021820068
1675934406460273530,0.0032653809,0.0115356445,-0.001083374
1675934406652678790,0.002029419,0.0068969727,-9.1552734E-5
1675934406846247905,-3.9672852E-4,0.0016326904,2.593994E-4
1675934407041843477,5.645752E-4,-0.0045928955,1.373291E-4
1675934407235397696,-1.5258789E-4,-0.009109497,0.0016021729
1675934407430348946,-3.9672852E-4,-0.015090942,9.918213E-4
1675934407624092852,-2.746582E-4,-0.019989014,5.187988E-4
1675934407818430196,-0.0019836426,-0.021697998,0.002456665
1675934408011749206,-0.0028381348,-0.024261475,0.002456665
1675934408205652175,-0.0012664795,-0.026947021,0.0018615723
1675934408400245300,-0.0017547607,-0.026947021,0.002960205
1675934408594500300,-0.0028381348,-0.027923584,0.0025787354
1675934408788834050,-0.0011291504,-0.029144287,0.0013580322
1675934408983156602,-0.002243042,-0.02658081,0.0032043457
1675934409176839102,-0.0024871826,-0.024261475,0.0032043457
1675934409370045664,-0.0017547607,-0.023162842,0.0014801025
1675934409564333841,-0.002105713,-0.019866943,0.002090454
1675934409757819258,-8.8500977E-4,-0.016448975,0.002105713
1675934409952513008,2.1362305E-4,-0.014007568,0.0014801025
1675934410145053945,-6.4086914E-4,-0.008987427,8.8500977E-4
1675934410342774205,-0.0016174316,-0.0045928955,0.0010070801
1675934410536823841,0.0010528564,-0.0014190674,6.2561035E-4
1675934410730717070,0.001663208,0.0044555664,6.2561035E-4
1675934410923422278,5.645752E-4,0.009216309,-1.0681152E-4
1675934411116478945,0.0016784668,0.012145996,-0.0020599365
1675934411311227278,0.0026397705,0.015808105,-0.0018157959
1675934411505660663,0.0028839111,0.019119263,-0.0019226074
1675934411698846340,0.0030059814,0.020935059,-0.0031585693
1675934411891780819,0.0022735596,0.022903442,-0.00340271
1675934412085621548,0.003753662,0.024353027,-0.002532959
1675934412280191705,0.0038757324,0.02571106,-0.0021820068
1675934412474062538,0.0026550293,0.0256958,-0.0020599365
1675934412669810975,0.0038604736,0.024734497,-0.0026550293
1675934412861913267,0.0037384033,0.023254395,-0.0020599365
1675934413056231288,0.0031280518,0.02166748,-0.0014343262
1675934413250256548,0.002166748,0.018371582,-0.0019226074
1675934413444309933,0.002029419,0.015197754,-0.0020599365
1675934413639220454,0.0015411377,0.013244629,-0.001083374
1675934413832844308,0.0022888184,0.009460449,-0.0014343262
1675934414027039621,0.0015563965,0.0071411133,-0.0011901855
1675934414222151964,9.460449E-4,0.0037231445,-5.950928E-4
1675934414415059360,0.0019226074,4.119873E-4,-3.3569336E-4
1675934414609229985,-1.5258789E-4,-0.001663208,8.8500977E-4
1675934414805185297,-1.5258789E-4,-0.0053253174,2.746582E-4
1675934414997546131,0.0010681152,-0.007888794,2.746582E-4
1675934415191402693,-7.7819824E-4,-0.007888794,0.0014801025
1675934415385284672,-8.8500977E-4,-0.009353638,3.8146973E-4
1675934415580275662,5.645752E-4,-0.009597778,-1.0681152E-4
1675934415773932849,-3.0517578E-5,-0.008010864,0.0012512207
1675934415968326651,-2.746582E-4,-0.007522583,8.69751E-4
1675934416162125349,7.6293945E-5,-0.0077667236,3.0517578E-5
1675934416355358161,7.6293945E-5,-0.0070343018,7.6293945E-4
1675934416549469984,8.239746E-4,-0.0070343018,7.6293945E-4
1675934416743521078,5.79834E-4,-0.0065460205,5.0354004E-4
1675934416937805140,3.2043457E-4,-0.00630188,3.8146973E-4
1675934417131864932,4.4250488E-4,-0.005569458,3.0517578E-5
1675934417327141755,5.645752E-4,-0.0037384033,8.8500977E-4
1675934417520025036,9.460449E-4,-0.003250122,3.8146973E-4
1675934417714295452,0.0011901855,-0.0021514893,-9.1552734E-5
1675934417908671182,6.866455E-4,-8.087158E-4,-3.3569336E-4
1675934418102185452,-1.5258789E-4,-6.866455E-4,-0.001083374
1675934418298467484,0.0011901855,5.340576E-4,-7.019043E-4
1675934418490595452,0.0019226074,0.0012664795,-7.171631E-4
1675934418684907119,9.460449E-4,0.0035858154,-2.1362305E-4
1675934418878836754,0.0015563965,0.0043182373,-7.171631E-4
1675934419072598108,0.0022888184,0.0053100586,-8.392334E-4
1675934419266444410,0.0011749268,0.007019043,-2.1362305E-4
1675934419460604150,0.0015563965,0.006286621,-9.460449E-4
1675934419655534514,0.0023040771,0.008865356,-0.0013580322
1675934419849465243,3.5095215E-4,0.0103302,-1.5258789E-5
1675934420043013420,9.765625E-4,0.009109497,-0.001373291
1675934420236925504,0.001449585,0.009353638,-0.0012512207
1675934420431124670,9.613037E-4,0.009841919,4.7302246E-4
1675934420625506441,0.0014648438,0.008361816,-0.0011291504
1675934420818910243,8.392334E-4,0.0074005127,-0.0010070801
1675934421012918732,0.0013427734,0.0061798096,-3.8146973E-4
1675934421208490816,1.2207031E-4,0.005554199,2.1362305E-4
1675934421403251545,-1.5258789E-5,0.0036010742,-1.5258789E-5
1675934421595596805,2.4414062E-4,0.0026245117,9.1552734E-5
1675934421789844149,1.2207031E-4,0.0020141602,7.171631E-4
1675934421984121909,2.4414062E-4,0.0010375977,-1.5258789E-5
1675934422177642742,0.0,1.8310547E-4,3.3569336E-4
1675934422371719149,8.392334E-4,-3.0517578E-4,2.1362305E-4
1675934422565960867,-6.1035156E-4,1.8310547E-4,8.392334E-4
1675934422759542273,-4.8828125E-4,-9.1552734E-4,2.2888184E-4
1675934422953687482,5.950928E-4,-0.0010375977,1.0681152E-4
1675934423147637534,-6.2561035E-4,6.1035156E-5,0.0010681152
1675934423342060867,-3.8146973E-4,-4.272461E-4,-3.8146973E-4
1675934423536288732,0.0018157959,6.1035156E-5,9.1552734E-5
1675934423730147846,1.2207031E-4,0.001159668,5.79834E-4
1675934423925659825,-1.373291E-4,0.0012817383,2.2888184E-4
1675934424118078315,3.6621094E-4,5.493164E-4,-3.8146973E-4
1675934424312294617,-6.2561035E-4,9.1552734E-4,3.3569336E-4
1675934424506299721,1.2207031E-4,-6.1035156E-5,9.1552734E-5
1675934424700699564,1.2207031E-4,-4.272461E-4,-1.5258789E-4
1675934424897629564,-3.8146973E-4,-4.272461E-4,-1.373291E-4
1675934425088664460,-3.8146973E-4,-4.272461E-4,-1.373291E-4
1675934425282550762,-1.373291E-4,-5.493164E-4,8.392334E-4
1675934425478104825,0.001083374,-4.272461E-4,4.5776367E-4
1675934425671267377,3.5095215E-4,6.1035156E-5,5.79834E-4
1675934425864744251,-1.5258789E-5,-3.0517578E-4,-2.593994E-4
1675934426058776491,3.6621094E-4,-7.9345703E-4,-1.5258789E-5
1675934426253027793,-3.6621094E-4,1.8310547E-4,5.79834E-4
1675934426447473262,2.2888184E-4,-4.272461E-4,-1.5258789E-5
1675934426641524824,0.001083374,4.272461E-4,-1.373291E-4
1675934426835556647,3.5095215E-4,0.0026245117,3.5095215E-4
1675934427029504147,3.6621094E-4,0.0021362305,-0.0013580322
1675934427223391803,0.0013427734,0.0026245117,-8.69751E-4
1675934427417582897,0.0012207031,0.003112793,9.1552734E-5
1675934427611604251,8.392334E-4,0.003112793,-5.187988E-4
1675934427805758417,2.4414062E-4,0.0032348633,-0.0013580322
1675934428000785292,5.950928E-4,0.0037384033,-2.593994E-4
1675934428194244355,0.0013427734,0.0049591064,5.79834E-4
1675934428389105813,7.324219E-4,0.0053253174,2.1362305E-4
1675934428582034615,-2.593994E-4,0.00592041,-1.373291E-4
1675934428775906594,9.613037E-4,0.0061798096,9.1552734E-5
1675934428969979563,0.0036621094,0.0058135986,-3.0517578E-5
1675934429164595344,1.2207031E-4,0.0056915283,-2.593994E-4
1675934429358105292,2.2888184E-4,0.0044555664,-0.0010070801
1675934429552193521,9.613037E-4,0.0044555664,-7.6293945E-4
1675934429746134042,-1.373291E-4,0.0056762695,9.1552734E-5
1675934429940389354,1.0681152E-4,0.004714966,-6.2561035E-4
1675934430134794302,0.0015869141,0.004470825,-0.0012512207
1675934430328830344,5.950928E-4,0.005554199,-3.0517578E-5
1675934430523186750,8.544922E-4,0.003967285,-8.69751E-4
1675934430716993937,0.0013275146,0.0028686523,-7.4768066E-4
1675934430911231697,-7.324219E-4,0.0033569336,9.613037E-4
1675934431105166020,-1.373291E-4,0.0012817383,9.1552734E-5
1675934431299147479,1.2207031E-4,6.713867E-4,-5.0354004E-4
1675934431493624093,-6.2561035E-4,4.272461E-4,2.1362305E-4
1675934431687178520,2.2888184E-4,-7.9345703E-4,-2.593994E-4
1675934431881511332,9.765625E-4,-9.1552734E-4,-2.593994E-4
1675934432077778520,-6.2561035E-4,4.272461E-4,8.392334E-4
1675934432269415134,-2.4414062E-4,-0.001159668,-1.5258789E-4
1675934432463337478,0.0,-0.0012817383,2.2888184E-4
1675934432657404145,-2.593994E-4,-0.0014038086,9.613037E-4
1675934432851430915,4.8828125E-4,-0.0022583008,-3.0517578E-5
1675934433046218311,-6.1035156E-4,-0.0018920898,-1.5258789E-4
1675934433239692061,-4.8828125E-4,-0.0010375977,3.3569336E-4
1675934433434043467,0.0,-4.272461E-4,-1.373291E-4
1675934433628143415,5.950928E-4,3.0517578E-4,3.3569336E-4
1675934433822114144,-3.8146973E-4,0.0018920898,3.3569336E-4
1675934434016832686,1.2207031E-4,0.0021362305,-1.5258789E-4
1675934434210970394,0.0010986328,0.002380371,-3.8146973E-4
1675934434404364769,6.1035156E-4,0.0045776367,-2.593994E-4
1675934434599031071,1.2207031E-4,0.0040893555,-6.4086914E-4
1675934434792261123,4.8828125E-4,0.0048217773,-0.0010070801
1675934434986308154,-2.593994E-4,0.00642395,9.1552734E-5
1675934435180579092,0.0013275146,0.0061798096,-2.593994E-4
1675934435374499873,0.0015716553,0.0074005127,-5.0354004E-4
1675934435568764612,5.950928E-4,0.008483887,-6.4086914E-4
1675934435762549977,9.765625E-4,0.0077667236,-0.0016021729
1675934435956487581,0.0013275146,0.007888794,-7.4768066E-4
1675934436150489560,0.0018157959,0.0077667236,-1.5258789E-5
1675934436344547425,7.324219E-4,0.007888794,-7.6293945E-4
1675934436539378466,1.2207031E-4,0.0074005127,-5.0354004E-4
1675934436733483310,7.324219E-4,0.0067749023,-2.593994E-4
1675934436927946435,0.0015869141,0.00592041,-3.8146973E-4
1675934437126841487,9.613037E-4,0.0050811768,-5.0354004E-4
1675934437316057893,-2.593994E-4,0.0048217773,-0.0010070801
1675934437509839872,5.950928E-4,0.0038604736,-5.187988E-4
1675934437704009664,0.001083374,0.003479004,4.5776367E-4
1675934437897727997,3.6621094E-4,0.0025024414,-1.5258789E-4
1675934438092667945,4.8828125E-4,0.0010375977,-0.0012359619
1675934438285775861,5.950928E-4,1.8310547E-4,-6.4086914E-4
1675934438479522528,4.8828125E-4,-3.0517578E-4,2.1362305E-4
1675934438674893830,2.2888184E-4,-6.713867E-4,3.3569336E-4
1675934438867756174,-7.324219E-4,-5.493164E-4,7.171631E-4
1675934439061823153,-6.2561035E-4,-6.713867E-4,5.79834E-4
1675934439255639351,2.4414062E-4,-0.0015258789,2.1362305E-4
1675934439449851225,1.2207031E-4,-0.001159668,3.3569336E-4
1675934439644419871,3.6621094E-4,-9.1552734E-4,-1.5258789E-5
1675934439838032475,-3.6621094E-4,1.8310547E-4,-1.373291E-4
1675934440032567736,-0.0013580322,7.9345703E-4,-2.746582E-4
1675934440226962736,4.7302246E-4,0.001159668,9.1552734E-5
1675934440421587944,4.8828125E-4,0.0018920898,2.1362305E-4
1675934440614854610,4.8828125E-4,0.0025024414,-2.593994E-4
1675934440808539298,2.4414062E-4,0.003112793,-6.4086914E-4
1675934441002783152,3.6621094E-4,0.0045776367,9.1552734E-5
1675934441196637891,0.0012207031,0.0048217773,-1.5258789E-5
1675934441390672787,9.613037E-4,0.0054473877,-5.0354004E-4
1675934441585167110,5.950928E-4,0.0060424805,-7.6293945E-4
1675934441778683100,9.613037E-4,0.00579834,-0.0010070801
1675934441973125391,0.0014648438,0.0060424805,-5.0354004E-4
1675934442167094037,5.950928E-4,0.00630188,-3.8146973E-4
1675934442361236120,8.392334E-4,0.00592041,-8.8500977E-4
1675934442555029662,4.8828125E-4,0.00592041,-6.4086914E-4
1675934442748920964,8.392334E-4,0.005554199,-2.593994E-4
1675934442944065391,0.0013427734,0.0050811768,-6.4086914E-4
1675934443138737214,2.2888184E-4,0.004837036,-2.593994E-4
1675934443332151953,1.2207031E-4,0.003982544,-3.8146973E-4
1675934443525489297,2.4414062E-4,0.0032348633,-3.8146973E-4
1675934443719070963,5.950928E-4,0.0025024414,-2.593994E-4
1675934443913578620,-1.373291E-4,0.0018920898,-1.373291E-4
1675934444107620755,-2.593994E-4,0.001159668,-2.593994E-4
1675934444301634661,2.4414062E-4,7.9345703E-4,9.1552734E-5
1675934444496285234,2.4414062E-4,0.001159668,4.5776367E-4
1675934444689927005,0.0,7.9345703E-4,-1.5258789E-5
1675934444884171275,0.0,-6.1035156E-5,-3.8146973E-4
1675934445078785598,0.0,6.713867E-4,3.3569336E-4
1675934445271959504,2.4414062E-4,6.1035156E-5,9.1552734E-5
1675934445466012109,-0.0011138916,0.0012817383,-6.2561035E-4
1675934445660313254,-7.324219E-4,3.0517578E-4,9.1552734E-5
1675934445854081067,-1.373291E-4,6.713867E-4,-2.593994E-4
1675934446047978931,5.950928E-4,0.0015258789,-1.5258789E-5
1675934446242507577,8.392334E-4,0.0018920898,-1.373291E-4
1675934446436800754,7.324219E-4,0.003112793,-5.0354004E-4
1675934446630457473,-6.1035156E-4,0.0044555664,-1.373291E-4
1675934446825143566,2.2888184E-4,0.0038452148,-1.373291E-4
1675934447019041483,0.0020599365,0.004348755,-1.5258789E-5
1675934447212951014,6.1035156E-4,0.0060424805,3.3569336E-4
1675934447407114347,-2.593994E-4,0.00579834,-0.0012359619
1675934447601224399,7.171631E-4,0.005935669,-0.0012359619
1675934447796272733,5.950928E-4,0.0072631836,7.171631E-4
1675934447989127472,0.0017089844,0.0064086914,-6.4086914E-4
1675934448183223722,0.0013275146,0.0061798096,-0.0014801025
1675934448377180910,0.0,0.0067749023,-8.8500977E-4
1675934448571691222,9.765625E-4,0.0056915283,-8.8500977E-4
1675934448766957472,0.0019378662,0.0058135986,-2.593994E-4
1675934448960023722,-2.593994E-4,0.006286621,4.7302246E-4
1675934449153350180,4.7302246E-4,0.004470825,-0.0011138916
1675934449351223982,4.7302246E-4,0.0045776367,-2.746582E-4
1675934449542426378,2.4414062E-4,0.004333496,8.392334E-4
1675934449736856847,9.613037E-4,0.0029907227,-5.0354004E-4
1675934449929798669,3.5095215E-4,0.0032348633,-3.8146973E-4
1675934450124390440,1.2207031E-4,0.0026245117,-1.5258789E-4
1675934450318321378,9.765625E-4,0.0012817383,-8.8500977E-4
1675934450512136690,4.8828125E-4,0.001159668,9.1552734E-5
1675934450706003513,-2.593994E-4,5.493164E-4,9.1552734E-5
1675934450900299554,3.5095215E-4,3.0517578E-4,-7.6293945E-4
1675934451095108304,-6.2561035E-4,7.9345703E-4,2.2888184E-4
1675934451288176950,1.0681152E-4,-4.272461E-4,9.1552734E-5
1675934451482491325,4.7302246E-4,-6.1035156E-5,-2.593994E-4
1675934451676354294,-6.2561035E-4,5.493164E-4,9.613037E-4
1675934451871705387,4.8828125E-4,3.0517578E-4,-1.373291E-4
1675934452066292262,2.4414062E-4,5.493164E-4,9.1552734E-5
1675934452258700960,-1.373291E-4,7.9345703E-4,2.1362305E-4
1675934452453088564,7.171631E-4,6.713867E-4,-3.8146973E-4
1675934452646615856,2.4414062E-4,0.0015258789,-1.5258789E-5
1675934452840998512,-1.373291E-4,0.0021362305,-1.5258789E-5
1675934453034976741,2.4414062E-4,0.0025024414,-2.593994E-4
1675934453229111429,8.392334E-4,0.0033569336,9.1552734E-5
1675934453424310231,8.392334E-4,0.0041046143,2.1362305E-4
1675934453617223251,5.950928E-4,0.004333496,-2.593994E-4
1675934453811050699,4.8828125E-4,0.0045776367,-6.4086914E-4
1675934454005466949,4.8828125E-4,0.0042266846,-7.6293945E-4
1675934454199554293,8.392334E-4,0.0045776367,-3.8146973E-4
1675934454393602574,8.392334E-4,0.0045776367,-3.8146973E-4
1675934454587740126,5.950928E-4,0.0045776367,-6.4086914E-4
1675934454781778199,7.171631E-4,0.0050811768,-2.593994E-4
1675934454975761011,4.8828125E-4,0.005203247,-3.8146973E-4
1675934455170293719,8.392334E-4,0.0045776367,-6.4086914E-4
1675934455365741480,0.001083374,0.0045776367,-1.5258789E-5
1675934455557624605,7.171631E-4,0.0041046143,-1.373291E-4
1675934455751590959,0.0012207031,0.0033569336,-6.4086914E-4
1675934455946877625,-1.5258789E-5,0.0038604736,-1.5258789E-5
1675934456139884188,5.950928E-4,0.0029907227,-1.373291E-4
1675934456334001636,0.001449585,0.003112793,-1.5258789E-5
1675934456528005959,0.0019378662,0.0028686523,-1.373291E-4
1675934456722156948,0.0,0.0020141602,-6.4086914E-4
1675934456916082208,2.4414062E-4,0.0017700195,-1.5258789E-4
1675934457110236792,5.950928E-4,0.0017700195,9.1552734E-5
1675934457304455437,3.6621094E-4,0.0016479492,-2.593994E-4
1675934457498722208,8.392334E-4,0.001159668,-1.5258789E-5
1675934457692885802,7.324219E-4,0.0016479492,-1.373291E-4
1675934457887715958,3.6621094E-4,0.0015258789,-1.373291E-4
1675934458081695645,8.392334E-4,0.001159668,-3.8146973E-4
1675934458274849708,1.0681152E-4,0.002380371,9.1552734E-5
1675934458470138302,-1.373291E-4,0.0018920898,-1.5258789E-5
1675934458663576218,9.765625E-4,0.0016479492,-7.4768066E-4
1675934458858054135,9.613037E-4,0.002380371,2.1362305E-4
1675934459050810905,4.8828125E-4,0.002746582,-2.593994E-4
1675934459245298457,-1.373291E-4,0.0028686523,-7.6293945E-4
1675934459439323666,4.8828125E-4,0.003112793,-2.593994E-4
1675934459633434916,0.0012207031,0.003112793,9.1552734E-5
1675934459827453249,8.392334E-4,0.0033569336,-5.0354004E-4
1675934460021585957,4.8828125E-4,0.0036010742,-8.8500977E-4
1675934460215574186,4.8828125E-4,0.0038604736,-2.593994E-4
1675934460409707728,8.392334E-4,0.0044555664,-2.593994E-4
1675934460603835019,0.001083374,0.0041046143,-3.8146973E-4
1675934460797756374,7.324219E-4,0.0041046143,-8.8500977E-4
1675934460993568144,-1.373291E-4,0.004333496,-5.0354004E-4
1675934461186250540,7.171631E-4,0.003982544,-3.8146973E-4
1675934461381067467,8.392334E-4,0.004699707,9.1552734E-5
1675934461578816738,3.6621094E-4,0.004837036,-3.0517578E-5
1675934461768133613,8.392334E-4,0.003982544,-6.4086914E-4
1675934461962044967,0.0028076172,0.003967285,5.79834E-4
1675934462156515279,0.0012207031,0.004333496,-1.5258789E-4
1675934462350104654,0.001083374,0.0042266846,-8.8500977E-4
1675934462545980592,3.6621094E-4,0.0045776367,-2.593994E-4
1675934462738846998,5.950928E-4,0.0038604736,-5.0354004E-4
1675934462932355331,0.0017089844,0.0033569336,-8.8500977E-4
1675934463126756529,4.8828125E-4,0.0041046143,9.1552734E-5
1675934463320662883,4.8828125E-4,0.0037384033,-2.593994E-4
1675934463515112831,0.001083374,0.003982544,-7.4768066E-4
1675934463708758091,5.950928E-4,0.0044555664,2.1362305E-4
1675934463903992935,9.613037E-4,0.0042266846,-3.9672852E-4
1675934464097016581,5.950928E-4,0.0042266846,-8.8500977E-4
1675934464291084810,5.950928E-4,0.0038604736,-2.593994E-4
1675934464485715070,0.0012207031,0.003982544,-2.593994E-4
1675934464680009185,8.392334E-4,0.003479004,-2.593994E-4
1675934464874038924,2.4414062E-4,0.003479004,-5.0354004E-4
1675934465067665851,1.2207031E-4,0.003479004,-6.4086914E-4
1675934465261876268,9.613037E-4,0.0036010742,-2.593994E-4
1675934465455339393,8.392334E-4,0.0038604736,-1.5258789E-5
1675934465649232309,3.6621094E-4,0.0037231445,-3.8146973E-4
1675934465844155642,0.001083374,0.0033569336,-7.6293945E-4
1675934466038011788,9.613037E-4,0.0038604736,-2.593994E-4
1675934466231768871,0.0013427734,0.0033569336,-1.5258789E-5
1675934466425915226,3.6621094E-4,0.0032348633,-2.593994E-4
1675934466619934340,2.4414062E-4,0.0028686523,-1.5258789E-5
1675934466814251059,4.8828125E-4,0.0026245117,-3.8146973E-4
1675934467010730121,4.8828125E-4,0.0026245117,-1.373291E-4
1675934467202537986,-1.373291E-4,0.0022583008,-2.593994E-4
1675934467396586892,-0.0014648438,0.0022583008,-8.8500977E-4
1675934467595402933,0.0,0.004699707,-1.5258789E-4
1675934467784561110,4.8828125E-4,0.0025024414,9.1552734E-5
1675934467978287673,5.950928E-4,0.0021362305,-6.4086914E-4
1675934468172441423,3.5095215E-4,0.0020141602,-2.593994E-4
1675934468366335381,2.4414062E-4,0.0014038086,-5.187988E-4
1675934468560699444,4.8828125E-4,9.1552734E-4,-6.4086914E-4
1675934468754799704,1.2207031E-4,0.0017700195,3.3569336E-4
1675934468948708610,7.171631E-4,0.0020141602,5.950928E-4
1675934469144202152,4.8828125E-4,0.002380371,-1.5258789E-5
1675934469336957568,1.2207031E-4,0.0026245117,-3.8146973E-4
1675934469531017204,9.613037E-4,0.0021362305,-2.593994E-4
1675934469725545849,0.001083374,0.0020141602,-2.593994E-4
1675934469919266214,8.392334E-4,0.0026245117,-3.9672852E-4
1675934470113245797,1.2207031E-4,0.002380371,-5.0354004E-4
1675934470307494235,-1.373291E-4,0.002746582,-2.593994E-4
1675934470502622359,6.1035156E-4,0.002746582,-2.593994E-4
1675934470695570276,9.613037E-4,0.003112793,-1.5258789E-5
1675934470890295484,7.171631E-4,0.003479004,-2.593994E-4
1675934471085495536,7.171631E-4,0.0037384033,-8.8500977E-4
1675934471277749390,1.2207031E-4,0.0044555664,-5.0354004E-4
1675934471471817411,9.765625E-4,0.003982544,-1.5258789E-5
1675934471667363505,0.0013427734,0.0037384033,-2.593994E-4
1675934471859386473,4.8828125E-4,0.003982544,-2.593994E-4
1675934472053480744,7.324219E-4,0.0037384033,-6.4086914E-4
1675934472247714703,8.392334E-4,0.0042266846,-5.0354004E-4
1675934472441642619,3.6621094E-4,0.0044555664,9.1552734E-5
1675934472635851161,0.0012207031,0.0038604736,-6.4086914E-4
1675934472829902202,8.544922E-4,0.0034942627,-0.0012512207
1675934473024055119,3.6621094E-4,0.0019073486,-1.5258789E-5
1675934473218081317,8.544922E-4,0.004470825,-6.4086914E-4
1675934473413054858,0.001083374,0.0048217773,-3.9672852E-4
1675934473609154025,0.0012054443,0.0045776367,2.1362305E-4
1675934473800825587,0.0015716553,0.003982544,-7.6293945E-4
1675934473994838191,5.950928E-4,0.004333496,-8.8500977E-4
1675934474189070327,5.950928E-4,0.0042266846,-3.8146973E-4
1675934474382938243,9.613037E-4,0.003479004,-2.593994E-4
1675934474576965379,0.0012207031,0.0038604736,-1.373291E-4
1675934474771796524,0.0,0.003982544,-2.593994E-4
1675934474965164649,4.7302246E-4,0.003479004,-8.8500977E-4
1675934475158999806,0.001083374,0.0038604736,-1.5258789E-4
1675934475353146993,0.001083374,0.003982544,2.1362305E-4
1675934475547335430,0.001083374,0.003479004,-3.8146973E-4
1675934475742554128,7.171631E-4,0.0033569336,-3.8146973E-4
1675934475935694337,9.613037E-4,0.002746582,-1.373291E-4
1675934476129748347,9.613037E-4,0.0022583008,-3.8146973E-4
1675934476323615326,7.324219E-4,0.0022583008,-1.373291E-4
1675934476517820222,1.0681152E-4,0.002380371,-2.593994E-4
1675934476711795222,8.392334E-4,0.0018920898,-5.0354004E-4
1675934476905818972,0.0013427734,0.002746582,-1.373291E-4
1675934477100815794,3.6621094E-4,0.0026245117,-1.5258789E-4
1675934477294396628,8.392334E-4,0.0020141602,-8.8500977E-4
1675934477488192565,0.001083374,0.002380371,-1.373291E-4
1675934477681953815,8.392334E-4,0.0012817383,3.3569336E-4
1675934477876319075,4.8828125E-4,0.001159668,-3.8146973E-4
1675934478070368659,0.0,0.0014038086,-2.593994E-4
1675934478265364231,9.765625E-4,0.0012817383,-2.593994E-4
1675934478458241731,-7.324219E-4,0.006790161,-3.8146973E-4
1675934478652281106,0.0017089844,0.0025024414,1.0681152E-4
1675934478846717669,-1.2207031E-4,-3.0517578E-4,-3.9672852E-4
1675934479040491419,1.2207031E-4,1.8310547E-4,-1.5258789E-5
1675934479235857669,9.765625E-4,-1.8310547E-4,1.0681152E-4
1675934479429287148,1.373291E-4,-1.8310547E-4,-1.5258789E-5
1675934479626322096,-9.765625E-4,-1.8310547E-4,-1.373291E-4
1675934479821111210,-2.2888184E-4,-5.493164E-4,-2.593994E-4
1675934480010986054,6.2561035E-4,3.0517578E-4,-1.5258789E-5
1675934480205156627,5.0354004E-4,5.493164E-4,2.1362305E-4
1675934480399114960,1.2207031E-4,5.493164E-4,-5.187988E-4
1675934480593062512,0.0,0.001159668,-2.593994E-4
1675934480787467512,1.2207031E-4,0.001159668,1.0681152E-4
1675934480981022043,7.4768066E-4,0.0010375977,-1.373291E-4
1675934481175872043,0.0,0.0012969971,-1.5258789E-5
1675934481369434387,1.5258789E-5,0.0010375977,-3.9672852E-4
1675934481563624282,1.2207031E-4,0.0014190674,1.0681152E-4
1675934481757274959,1.2207031E-4,0.0015411377,1.0681152E-4
1675934481951162043,1.2207031E-4,0.0015411377,-3.9672852E-4
1675934482145606626,1.5258789E-5,0.0017852783,-2.593994E-4
1675934482342071990,6.2561035E-4,0.0015411377,-1.373291E-4
1675934482534650897,2.4414062E-4,0.0015411377,-1.5258789E-5
1675934482728867199,5.0354004E-4,0.0010375977,-6.4086914E-4
1675934482922831521,-1.2207031E-4,0.0020141602,-1.373291E-4
1675934483116087615,1.2207031E-4,0.0014190674,1.0681152E-4
1675934483310411938,6.2561035E-4,0.0015411377,-2.593994E-4
1675934483504445688,3.6621094E-4,0.0015411377,2.2888184E-4
1675934483698379021,0.0,0.0015411377,-5.187988E-4
1675934483892501677,0.0025787354,9.1552734E-4,5.79834E-4
1675934484086673552,7.324219E-4,-0.0015258789,2.2888184E-4
1675934484280380323,7.4768066E-4,0.001159668,-1.373291E-4
1675934484474630219,1.2207031E-4,9.1552734E-4,-6.4086914E-4
1675934484668876937,-3.5095215E-4,0.0012969971,-2.593994E-4
1675934484863217354,5.0354004E-4,6.713867E-4,-5.187988E-4
1675934485057093760,6.1035156E-4,0.0012817383,2.2888184E-4
1675934485251428500,0.0,0.0012969971,2.1362305E-4
1675934485445843604,1.2207031E-4,9.1552734E-4,-6.4086914E-4
1675934485639513135,1.2207031E-4,0.001159668,-1.5258789E-5
1675934485837957926,2.4414062E-4,6.713867E-4,-1.5258789E-5
1675934486027411156,8.69751E-4,3.0517578E-4,-2.593994E-4
1675934486221162510,1.5258789E-5,0.0010375977,-1.373291E-4
1675934486415299333,-6.1035156E-4,9.1552734E-4,-3.9672852E-4
1675934486609453135,8.544922E-4,1.8310547E-4,-3.9672852E-4
1675934486804400634,2.593994E-4,0.0010375977,5.79834E-4
1675934486997934228,-2.2888184E-4,3.0517578E-4,-3.0517578E-5
1675934487192089384,2.593994E-4,4.272461E-4,-6.4086914E-4
1675934487386540426,-3.5095215E-4,0.0012969971,5.79834E-4
1675934487579781884,6.1035156E-4,-1.8310547E-4,-1.5258789E-4
1675934487775353395,3.8146973E-4,1.8310547E-4,-5.0354004E-4
1675934487968173863,-3.5095215E-4,6.713867E-4,5.79834E-4
1675934488162140738,2.4414062E-4,-1.8310547E-4,-7.6293945E-4
1675934488356588603,1.2207031E-4,4.272461E-4,2.1362305E-4
1675934488550052769,1.2207031E-4,3.0517578E-4,4.7302246E-4
1675934488744981519,0.0,1.8310547E-4,-1.373291E-4
1675934488939517821,-3.5095215E-4,1.8310547E-4,-2.593994E-4
1675934489132924592,3.6621094E-4,-1.8310547E-4,-1.5258789E-5
1675934489326841727,-9.613037E-4,-6.1035156E-5,-6.2561035E-4
1675934489520960373,-0.002670288,-0.0036010742,-6.4086914E-4
1675934489715024019,-3.6621094E-4,-4.272461E-4,-8.8500977E-4
1675934489909273342,3.6621094E-4,3.0517578E-4,1.0681152E-4
1675934490103015112,2.4414062E-4,-1.8310547E-4,-1.5258789E-4
1675934490296950112,-1.2207031E-4,-1.8310547E-4,-2.593994E-4
1675934490491100737,0.0,1.8310547E-4,-1.5258789E-5
1675934490685581935,-2.2888184E-4,7.9345703E-4,-1.5258789E-5
1675934490879128133,1.2207031E-4,3.0517578E-4,1.0681152E-4
1675934491073395997,5.0354004E-4,4.272461E-4,-1.5258789E-5
1675934491267327039,-1.2207031E-4,9.1552734E-4,-1.5258789E-5
1675934491463539904,-3.5095215E-4,4.272461E-4,-5.187988E-4
1675934491655273028,2.4414062E-4,3.0517578E-4,-1.373291E-4
1675934491850022872,0.0,9.1552734E-4,2.2888184E-4
1675934492043626674,2.4414062E-4,3.0517578E-4,-1.373291E-4
1675934492237356362,1.2207031E-4,0.001159668,-3.9672852E-4
1675934492431654018,3.6621094E-4,0.0015411377,-1.5258789E-5
1675934492625881153,6.2561035E-4,0.0014190674,-1.373291E-4
1675934492819882247,2.4414062E-4,0.0015411377,-1.373291E-4
1675934493013989851,0.0,0.0012969971,-3.9672852E-4
1675934493208301882,5.0354004E-4,7.9345703E-4,-2.593994E-4
1675934493401839382,8.544922E-4,9.1552734E-4,-1.373291E-4
1675934493596246778,1.2207031E-4,0.0010375977,-1.373291E-4
1675934493790492403,0.0,0.0012969971,-6.4086914E-4
1675934493986530684,1.2207031E-4,0.0015411377,-1.5258789E-4
1675934494179372507,7.4768066E-4,0.0014190674,-1.5258789E-5
1675934494372452819,5.0354004E-4,0.0014190674,-2.593994E-4
1675934494567078965,5.0354004E-4,0.0015411377,-1.373291E-4
1675934494760260788,-1.2207031E-4,0.001663208,-1.373291E-4
1675934494955187506,-0.0019378662,0.008377075,-9.918213E-4
1675934495148752715,0.002319336,0.0015258789,0.0010681152
1675934495343179902,2.4414062E-4,0.0012969971,-1.5258789E-5
1675934495537373964,1.5258789E-5,0.0010375977,-1.373291E-4
1675934495731362819,0.0,0.0012969971,-3.9672852E-4
1675934495925433339,5.0354004E-4,9.1552734E-4,-1.5258789E-5
1675934496119487037,2.4414062E-4,0.0015411377,1.0681152E-4
1675934496313693547,2.4414062E-4,6.713867E-4,-2.593994E-4
1675934496508835683,2.593994E-4,5.493164E-4,-2.593994E-4
1675934496702871204,-1.2207031E-4,0.0010375977,-1.5258789E-5
1675934496895780526,1.2207031E-4,3.0517578E-4,-1.373291E-4
1675934497089691464,5.0354004E-4,5.493164E-4,-2.593994E-4
1675934497283821151,0.0,6.713867E-4,3.3569336E-4
1675934497483301360,1.5258789E-5,6.1035156E-5,-3.9672852E-4
1675934497672202193,-4.7302246E-4,5.493164E-4,-1.5258789E-4
1675934497866975734,0.0,3.0517578E-4,5.79834E-4
1675934498061800161,9.918213E-4,3.0517578E-4,-1.5258789E-5
1675934498253693703,2.593994E-4,3.0517578E-4,-2.593994E-4
1675934498447701932,-7.171631E-4,3.0517578E-4,-1.5258789E-5
1675934498641986567,1.5258789E-5,-6.1035156E-5,-1.373291E-4
1675934498836288182,7.4768066E-4,6.1035156E-5,1.0681152E-4
1675934499030277974,-3.6621094E-4,4.272461E-4,4.5776367E-4
1675934499224638130,-1.2207031E-4,6.1035156E-5,-5.187988E-4
1675934499418471984,0.0,7.9345703E-4,-1.5258789E-4
1675934499612378807,3.6621094E-4,7.9345703E-4,4.5776367E-4
1675934499806511150,5.0354004E-4,1.8310547E-4,-3.9672852E-4
1675934500000481619,1.2207031E-4,9.1552734E-4,-1.5258789E-4
1675934500195376150,-4.7302246E-4,0.001159668,-1.5258789E-5
1675934500390303702,0.0025634766,0.001159668,0.0013275146
1675934500583417244,0.0019683838,-0.0022583008,2.1362305E-4
1675934500778158754,5.0354004E-4,9.1552734E-4,-3.9672852E-4
1675934500971164119,-3.5095215E-4,5.493164E-4,-9.918213E-4
1675934501164702608,1.2207031E-4,3.0517578E-4,-6.4086914E-4
1675934501358887816,5.0354004E-4,1.8310547E-4,-2.593994E-4
1675934501554072296,2.593994E-4,7.9345703E-4,1.0681152E-4
1675934501747703702,1.2207031E-4,0.0010375977,1.0681152E-4
1675934501941683025,-7.171631E-4,0.0017700195,2.2888184E-4
1675934502135511670,-2.2888184E-4,0.001159668,2.2888184E-4
1675934502329320108,9.918213E-4,0.0010375977,-1.373291E-4
1675934502523724378,5.0354004E-4,0.001663208,4.5776367E-4
1675934502717848233,-3.5095215E-4,0.001159668,-5.187988E-4
1675934502911620889,1.2207031E-4,7.9345703E-4,-6.4086914E-4
1675934503111666149,9.765625E-4,0.0010375977,3.3569336E-4
1675934503299488753,8.544922E-4,0.001159668,-1.5258789E-5
1675934503494562555,-3.5095215E-4,7.9345703E-4,-8.8500977E-4
1675934503689853284,-4.7302246E-4,9.1552734E-4,-5.187988E-4
1675934503882199795,7.4768066E-4,9.1552734E-4,-1.5258789E-5
1675934504076363545,8.69751E-4,7.9345703E-4,-1.5258789E-5
1675934504270041305,2.4414062E-4,6.713867E-4,-2.593994E-4
1675934504464161096,0.0,0.0012969971,-2.593994E-4
1675934504658234013,0.0,0.0015411377,1.0681152E-4
1675934504852153388,7.4768066E-4,7.9345703E-4,-1.5258789E-5
1675934505046415523,6.1035156E-4,7.9345703E-4,-1.5258789E-5
1675934505240720211,-4.7302246E-4,5.493164E-4,-2.593994E-4
1675934505434460002,2.593994E-4,6.1035156E-5,-6.4086914E-4
1675934505629807919,6.2561035E-4,9.1552734E-4,2.1362305E-4
1675934505822856669,-0.0014648438,9.1552734E-4,-6.4086914E-4
1675934506016963075,-0.0026855469,-0.0014038086,-0.0019836426
1675934506211126669,-5.950928E-4,3.0517578E-4,-2.593994E-4
1675934506405380471,5.0354004E-4,6.1035156E-5,-1.373291E-4
1675934506601274481,3.6621094E-4,3.0517578E-4,-1.373291E-4
1675934506794545783,-2.2888184E-4,4.272461E-4,4.5776367E-4
1675934506988793596,3.6621094E-4,3.0517578E-4,-5.187988E-4
1675934507183434168,0.0,0.001159668,-3.9672852E-4
1675934507375601200,1.5258789E-5,6.713867E-4,-1.5258789E-5
1675934507569790106,0.0012207031,5.493164E-4,-5.187988E-4
1675934507763647814,3.6621094E-4,0.0015411377,3.3569336E-4
1675934507957855522,0.0,5.493164E-4,-2.746582E-4
1675934508152124689,0.0,7.9345703E-4,-5.0354004E-4
1675934508345631043,3.6621094E-4,5.493164E-4,-1.5258789E-5
1675934508539920626,3.6621094E-4,3.0517578E-4,-1.373291E-4
1675934508733832762,-2.2888184E-4,6.713867E-4,-5.187988E-4
1675934508928260470,1.2207031E-4,7.9345703E-4,-1.373291E-4
1675934509122927918,8.69751E-4,7.9345703E-4,-3.9672852E-4
1675934509315782397,6.1035156E-4,0.0014038086,1.0681152E-4
1675934509510650053,-5.950928E-4,9.1552734E-4,-3.9672852E-4
1675934509709894844,1.5258789E-5,6.713867E-4,-5.187988E-4
1675934509899603855,6.2561035E-4,0.0010375977,3.3569336E-4
1675934510092555573,1.2207031E-4,6.713867E-4,2.2888184E-4
1675934510286684532,-7.171631E-4,7.9345703E-4,-3.9672852E-4
1675934510480347240,-4.7302246E-4,9.1552734E-4,-2.593994E-4
1675934510675032917,8.69751E-4,9.1552734E-4,3.3569336E-4
1675934510869056250,5.0354004E-4,9.1552734E-4,-1.5258789E-5
1675934511062570677,-3.6621094E-4,6.713867E-4,-6.4086914E-4
1675934511258148333,-2.2888184E-4,3.0517578E-4,-5.0354004E-4
1675934511451659948,0.004776001,0.00642395,0.0019226074
1675934511645255885,0.0011138916,-6.5612793E-4,-3.9672852E-4
1675934511839022969,-1.2207031E-4,9.1552734E-4,-3.9672852E-4
1675934512033045625,-3.5095215E-4,9.1552734E-4,-1.373291E-4
1675934512227991354,2.4414062E-4,9.1552734E-4,2.2888184E-4
1675934512421402500,5.0354004E-4,6.713867E-4,1.0681152E-4
1675934512615920677,-3.5095215E-4,9.1552734E-4,-1.373291E-4
1675934512811808697,-7.171631E-4,7.9345703E-4,-3.9672852E-4
1675934513004336927,1.2207031E-4,7.9345703E-4,-1.373291E-4
1675934513199280885,7.4768066E-4,6.713867E-4,-1.5258789E-5
1675934513391481406,1.2207031E-4,0.0012969971,-1.5258789E-5
1675934513585788541,-1.2207031E-4,7.9345703E-4,-5.187988E-4
1675934513781287291,3.6621094E-4,0.0014038086,-1.5258789E-4
1675934513973946197,-2.2888184E-4,0.0012817383,4.5776367E-4
1675934514167983489,1.2207031E-4,5.493164E-4,-3.9672852E-4
1675934514361761718,-2.2888184E-4,0.0012969971,-2.593994E-4
1675934514555909999,-4.7302246E-4,0.001159668,-1.5258789E-5
1675934514749843384,0.0,6.713867E-4,-5.187988E-4
1675934514944821770,3.6621094E-4,0.001159668,-1.5258789E-5
1675934515141558749,2.4414062E-4,0.0012969971,2.2888184E-4
1675934515332200884,1.2207031E-4,9.1552734E-4,-3.9672852E-4
1675934515526316405,2.4414062E-4,0.001159668,-2.593994E-4
1675934515721694686,1.2207031E-4,0.001159668,-2.593994E-4
1675934515915359165,3.6621094E-4,5.493164E-4,-2.593994E-4
1675934516109227915,0.0,7.9345703E-4,1.0681152E-4
1675934516303252811,1.5258789E-5,0.0010375977,2.2888184E-4
1675934516496687706,3.6621094E-4,5.493164E-4,-2.593994E-4
1675934516690958852,2.4414062E-4,9.1552734E-4,-2.593994E-4
1675934516886190310,-0.0012207031,-0.0033569336,-0.0016174316
1675934517079534060,-0.0027923584,-9.1552734E-4,-3.9672852E-4
1675934517273072394,1.2207031E-4,-6.1035156E-5,-1.373291E-4
1675934517466947342,5.0354004E-4,3.0517578E-4,-1.5258789E-5
1675934517661796196,0.0,5.493164E-4,-1.373291E-4
1675934517856126560,-1.2207031E-4,4.272461E-4,-1.373291E-4
1675934518051466195,-2.2888184E-4,7.9345703E-4,-1.5258789E-5
1675934518243186456,1.2207031E-4,7.9345703E-4,5.79834E-4
1675934518438496456,2.4414062E-4,9.1552734E-4,-2.593994E-4
1675934518631463956,5.0354004E-4,7.9345703E-4,-8.8500977E-4
1675934518825634060,6.2561035E-4,3.0517578E-4,-7.6293945E-4
1675934519019620049,-3.5095215E-4,3.0517578E-4,-5.187988E-4
1675934519213648435,1.2207031E-4,-6.713867E-4,3.3569336E-4
1675934519408042914,5.0354004E-4,-4.272461E-4,4.5776367E-4
1675934519602011612,3.6621094E-4,-9.1552734E-4,1.0681152E-4
1675934519796548330,-2.2888184E-4,-0.001159668,-5.187988E-4
1675934519990484528,-2.2888184E-4,1.8310547E-4,-1.5258789E-5
1675934520184353903,-1.2207031E-4,3.0517578E-4,3.5095215E-4
1675934520378354684,3.6621094E-4,9.1552734E-4,0.0010681152
1675934520572168955,7.4768066E-4,7.9345703E-4,9.1552734E-5
1675934520766508851,-5.950928E-4,0.001159668,4.5776367E-4
1675934520960361351,1.5258789E-5,4.272461E-4,-9.918213E-4
1675934521154195673,3.6621094E-4,9.1552734E-4,-2.593994E-4
1675934521354475048,7.324219E-4,0.0012817383,8.392334E-4
1675934521543142809,1.373291E-4,0.001159668,-0.0011138916
1675934521736819736,-9.613037E-4,0.0016479492,-1.5258789E-4
1675934521930960986,7.4768066E-4,3.0517578E-4,-0.001373291
1675934522124987548,3.6621094E-4,0.0015411377,3.5095215E-4
1675934522319089319,0.002090454,0.002746582,4.7302246E-4
1675934522513260517,0.0019683838,0.005935669,7.171631E-4
1675934522707186610,5.0354004E-4,0.0022735596,-2.593994E-4
1675934522902187652,-2.2888184E-4,0.0016479492,9.1552734E-5
1675934523095736975,0.0012207031,1.8310547E-4,5.79834E-4
1675934523289565881,-1.0681152E-4,0.001159668,-5.0354004E-4
1675934523483611298,-1.0681152E-4,4.272461E-4,-3.0517578E-5
1675934523678251454,-7.171631E-4,4.272461E-4,-6.4086914E-4
1675934523871952391,3.6621094E-4,-4.272461E-4,-1.373291E-4
1675934524065204214,9.918213E-4,-5.493164E-4,-1.373291E-4
1675934524260475829,-1.2207031E-4,-5.493164E-4,-5.187988E-4
1675934524454292651,-4.7302246E-4,-1.8310547E-4,-6.4086914E-4
1675934524648123120,-6.1035156E-4,4.272461E-4,2.2888184E-4
1675934524841633693,0.0012207031,1.8310547E-4,5.79834E-4
1675934525035837234,8.544922E-4,7.9345703E-4,4.5776367E-4
1675934525229809318,-4.8828125E-4,7.9345703E-4,-2.593994E-4
1675934525423864734,1.5258789E-5,9.1552734E-4,-1.373291E-4
1675934525617956193,7.4768066E-4,0.0014190674,2.2888184E-4
1675934525812269005,0.0010986328,0.001159668,3.3569336E-4
1675934526006170047,-2.4414062E-4,0.0015411377,-6.4086914E-4
1675934526200112338,-4.7302246E-4,0.0021362305,-7.6293945E-4
1675934526394004682,1.373291E-4,0.0028839111,4.5776367E-4
1675934526588279630,0.0013427734,0.0030059814,1.0681152E-4
1675934526781852494,0.0010986328,0.0036010742,1.0681152E-4
1675934526978068744,-7.171631E-4,0.0037384033,-0.0011138916
1675934527170878379,-2.4414062E-4,0.0025024414,-9.918213E-4
1675934527366396140,6.2561035E-4,0.0028839111,2.2888184E-4
1675934527559628640,9.918213E-4,0.002029419,7.171631E-4
1675934527752446244,-2.2888184E-4,0.0017852783,-1.5258789E-4
1675934527947096452,-0.0063323975,-0.0037231445,-0.0029449463
1675934528140745306,-1.0681152E-4,0.001159668,-7.4768066E-4
1675934528334999942,7.4768066E-4,-6.713867E-4,-6.2561035E-4
1675934528528875202,3.8146973E-4,-9.1552734E-4,5.79834E-4
1675934528724124212,-3.6621094E-4,-0.0015258789,-1.5258789E-5
1675934528917293795,-0.0012054443,-0.0014038086,-2.746582E-4
1675934529112218535,-8.544922E-4,-0.003112793,4.5776367E-4
1675934529305333327,8.69751E-4,-0.0040893555,-2.593994E-4
1675934529499962910,-2.2888184E-4,-0.002746582,8.392334E-4
1675934529693837233,-0.0015716553,-0.0022583008,0.001083374
1675934529887492858,-0.0010986328,-0.002380371,2.2888184E-4
1675934530082201347,2.4414062E-4,-0.003112793,8.239746E-4
1675934530276085930,2.4414062E-4,-0.003967285,-2.593994E-4
1675934530469772337,0.0,-0.003967285,-0.0013580322
1675934530664991920,-0.0013427734,-0.0014038086,2.1362305E-4
1675934530858686503,-3.5095215E-4,-5.493164E-4,9.613037E-4
1675934531051656243,8.69751E-4,3.0517578E-4,8.239746E-4
1675934531246147545,-7.171631E-4,0.002380371,9.613037E-4
1675934531440194107,-3.5095215E-4,0.0019073486,-5.187988E-4
1675934531634444524,9.918213E-4,0.0026245117,-0.0011138916
1675934531828448326,7.324219E-4,0.0040893555,-1.373291E-4
1675934532022115982,7.4768066E-4,0.0025177002,-0.0012359619
1675934532215997180,1.373291E-4,0.004211426,-0.0012359619
1675934532410384732,1.2207031E-4,0.0045776367,2.2888184E-4
