1675934377154712603,0.049801588,-0.0018617809,-0.6207123
1675934377348173020,-0.05348277,0.014480889,-0.22972202
1675934377542256926,0.48502207,-0.18423623,0.11652088
1675934377736445364,-0.12457049,0.027135521,0.12916374
1675934377930685363,-0.021823168,0.005589217,0.1918354
1675934378125542707,-0.19169879,-2.0557609,2.1233816
1675934378318568072,-1.9187182,-0.5821228,2.4805021
1675934378519801717,-1.6645042,1.4348669,1.1066363
1675934378714059582,-1.1763579,-0.015737534,1.0165048
1675934378901964999,-0.25820804,-2.6685495,-1.2865336
1675934379096126040,3.0359766,-4.5879345,-1.787893
1675934379295876925,3.008587,-1.1845064,0.6809015
1675934379488647134,2.5247116,-0.6140919,1.4138594
1675934379679007290,-2.74129,0.30683517,-0.6013024
1675934379875578332,1.9950328,1.3787489,2.0680673
1675934380070804634,-0.3314672,7.5123262,-0.99558634
1675934380259848956,-0.23178998,8.789848,-1.9800959
1675934380456164165,2.3236125,10.4029045,-2.0103061
1675934380648033175,1.5033243,5.5567594,-0.3065005
1675934380842140675,-0.09625852,4.63587,1.1610861
1675934381036777394,-1.3143656,4.8346033,0.5648154
1675934381230927758,-2.7644174,6.768477,0.27552795
1675934381425545518,-0.17397562,6.394197,0.11700547
1675934381618946456,0.244282,3.9933038,-0.5414269
1675934381812830466,-0.25367463,5.0566187,-0.45750254
1675934382007827914,-0.40799963,4.0574627,0.031999618
1675934382199660622,-0.033485234,4.489925,0.14942852
1675934382396551403,-0.12574208,4.8420124,0.07693544
1675934382591425049,-0.4356196,3.8255258,-0.42786503
1675934382783421143,-0.61462617,3.2957072,-1.3617115
1675934382977414945,-0.30721867,3.2026,-1.5839152
1675934383173588018,0.23028043,2.3099928,-1.7442808
1675934383367772393,0.5491851,5.136169,-2.6478338
1675934383559425466,0.59831077,2.9876885,-1.9811075
1675934383756442549,0.2880562,2.589973,-1.0105739
1675934383947767757,0.23986521,2.5476089,-0.708694
1675934384143850674,0.40764728,2.411902,-0.7467226
1675934384338099684,0.2309581,2.2872758,-0.16735643
1675934384529561767,0.06829703,2.399424,-0.27386415
1675934384727753642,0.14206612,2.1984258,-0.49298632
1675934384919619059,0.11263025,2.034216,-0.34260166
1675934385111350205,0.06079662,1.9429598,-0.12910235
1675934385307074684,0.26118314,1.8161812,-0.14720619
1675934385503904423,0.40801847,1.71877,-0.019924998
1675934385697921975,0.3915249,1.6846824,0.017590642
1675934385891597183,0.39327335,1.6127272,-0.105605006
1675934386082512235,0.48614597,1.4997349,-0.1254797
1675934386279111819,0.43308175,1.4238272,-0.13083005
1675934386470801871,0.33742487,1.3744144,-0.14224875
1675934386665065568,0.28692096,1.3029194,0.068951845
1675934386860596975,0.2461133,1.2752304,0.11219573
1675934387051469475,0.121799886,1.2176094,-0.017150521
1675934387245206245,0.09016639,1.1473999,-0.033842087
1675934387442394891,0.1334672,1.0915565,-0.013772011
1675934387637036662,0.23055404,1.0122824,0.05830276
1675934387830768641,0.15701509,0.9924288,-0.004760742
1675934388023399526,0.107393324,0.9249792,0.0040928125
1675934388216125724,0.08117908,0.6173477,0.017663836
1675934388413733172,-0.028063118,0.6124315,-0.07171166
1675934388608384005,-0.016655505,0.39393044,-0.035119414
1675934388801862078,0.035194457,0.26632786,-0.01349628
1675934388996380568,0.0072166324,0.18153954,-0.010689199
1675934389186871661,0.0015203357,0.17286682,-0.012717426
1675934389382148692,0.022257328,0.15423298,0.0397712
1675934389575996557,0.016073167,0.11547661,0.034618437
1675934389772237234,-0.003931999,0.06998348,0.0060391426
1675934389967038276,-0.032025993,0.050465584,0.010798395
1675934390157033223,-0.0019615889,0.034986496,0.014180124
1675934390352394682,0.010347068,0.010069847,0.010627866
1675934390545936088,0.02880019,0.0245924,0.018197596
1675934390738741869,-0.004722655,0.013733864,0.023270845
1675934390934815306,0.011986911,0.00349617,0.015999377
1675934391128410723,0.0020398498,0.0028905869,-0.0030177236
1675934391325250567,-0.009422839,0.002149582,-0.0051439404
1675934391518136765,-0.0043931603,0.002989769,0.0026652217
1675934391711076973,0.005655527,0.0032224655,0.008608401
1675934391905125619,0.013504803,0.0020799637,0.0089152455
1675934392098092702,0.0030513406,0.002371788,0.009403586
1675934392292977337,-6.2149763E-4,9.584427E-4,0.005268693
1675934392490341973,0.0032348037,4.4727325E-4,-0.002469778
1675934392680310983,0.007196009,-0.0016813278,5.046725E-4
1675934392874732754,0.0025352836,-0.001502037,0.008544683
1675934393068512806,0.0035809278,5.598068E-4,0.010006666
1675934393262256295,0.007930338,1.3828278E-4,0.009370744
1675934393455742441,0.0056298375,6.055832E-4,0.0038624406
1675934393650214472,0.0030861497,3.2424927E-5,0.0023961663
1675934393844286764,0.0021039844,-7.686615E-4,0.0030542016
1675934394038594368,0.007204473,-1.5449524E-4,0.0046973825
1675934394232186868,0.0066803694,7.6007843E-4,0.00603348
1675934394428235513,0.0014039278,0.0025072098,0.008774757
1675934394622113482,-0.002685964,0.0021791458,0.005954683
1675934394814866815,-2.477169E-4,1.9359589E-4,0.003652215
1675934395009872024,0.00178051,-0.0017004013,0.0042620897
1675934395202586763,9.634495E-4,-5.674362E-4,0.0066334605
1675934395398086555,8.420348E-4,-5.3596497E-4,0.0064408183
1675934395592445565,-1.8554926E-4,4.348755E-4,0.0063693523
1675934395785048117,-0.0016010404,-0.0012598038,0.0041459203
1675934395981697388,-0.0020255446,0.0014533997,0.0031333566
1675934396173417232,0.0013894439,0.0029211044,0.0020984411
1675934396367958950,-6.7818165E-4,-0.002486229,0.0033239722
1675934396561741242,0.0018084645,0.0016345978,0.0054706335
1675934396755998429,5.566478E-4,-7.1525574E-5,0.0063414574
1675934396951903169,-3.247261E-4,4.1866302E-4,0.0035968423
1675934397142891450,-8.6820126E-4,-8.993149E-4,0.0038710833
1675934397337940877,9.863973E-4,0.0012102127,0.004702091
1675934397533823741,9.6845627E-4,-3.2043457E-4,0.0039563775
1675934397726757648,0.003394246,-3.71933E-5,0.005529821
1675934397920128637,0.0043543577,6.084442E-4,0.0057271123
1675934398113991293,0.0030241609,-0.0021486282,0.005828738
1675934398308013377,8.1408024E-4,-2.3841858E-5,0.006269872
1675934398503902908,3.0732155E-4,6.8855286E-4,0.0053644776
1675934398697203428,0.0043579936,-0.0015230179,0.002881527
1675934398892519574,0.00389117,-1.5544891E-4,0.0048217177
1675934399084334418,0.0036509633,-0.0012903214,0.0063282847
1675934399278802907,0.0017275214,8.172989E-4,0.006426811
1675934399472094314,0.0033750534,0.0012054443,0.004578173
1675934399667771084,0.002132535,-3.33786E-5,0.0055268407
1675934399861420511,7.9506636E-4,0.0019798279,0.0048912168
1675934400058499626,0.0027993321,6.4373016E-4,0.004492879
1675934400249763115,9.5671415E-4,0.0013990402,0.0038651228
1675934400443826917,4.905462E-4,3.862381E-4,3.26097E-4
1675934400637751969,-1.9955635E-4,-0.001244545,0.001170218
1675934400831888844,-0.0011510253,-7.8105927E-4,0.0015408397
1675934401026510094,0.0018438697,-5.159378E-4,0.0010491014
1675934401218742125,-7.4768066E-4,4.1007996E-5,0.0019756556
1675934401415519365,-0.0011664629,-0.0017032623,1.0949373E-4
1675934401610677750,-0.0014281273,0.002245903,-4.38869E-4
1675934401802143531,-0.0024585724,0.0012540817,-0.0016055107
1675934401997144417,-2.2119284E-4,5.8078766E-4,-0.0019977093
1675934402189874521,-0.0026640296,0.0015630722,-3.2693148E-4
1675934402387772385,6.1130524E-4,-9.860992E-4,-1.0871887E-4
1675934402578719208,-0.0023742318,0.0022792816,-0.0012963414
1675934402772453792,-0.0018994808,-0.0012159348,0.0013931394
1675934402966689833,-0.0015633702,-2.1076202E-4,5.0252676E-4
1675934403159296083,-6.0254335E-4,-0.0015478134,-9.050369E-4
1675934403354390823,-0.0018960238,-0.0051059723,1.3417006E-4
1675934403547817229,0.0010417104,0.0011663437,0.0032455921
1675934403742895249,0.0020784736,0.0024251938,0.0024952292
1675934403937579208,0.0019554496,0.0021858215,0.0032026172
1675934404129765406,9.690523E-4,0.0021619797,0.0053499937
1675934404326479572,-1.9019842E-4,-6.284714E-4,0.0030795932
1675934404518790041,1.860857E-4,6.170273E-4,0.0026413798
1675934404713168791,0.001999557,-0.0018148422,0.0050147176
1675934404907613530,-6.7174435E-5,-7.276535E-4,0.0035135746
1675934405100221134,0.001206398,-7.0667267E-4,0.004259169
1675934405295630874,0.0038127303,-0.002781868,0.0058285594
1675934405490322645,0.001460731,-2.2411346E-4,0.003908992
1675934405683328217,0.0024728775,-0.0022859573,0.0031107068
1675934405877609207,0.0017766356,0.00395298,0.006705165
1675934406071162019,0.005169332,0.0019598007,0.003175974
1675934406264857384,7.151365E-4,0.00360775,0.005459428
1675934406460284936,7.082224E-4,-9.031296E-4,0.004555702
1675934406652703634,0.001175642,5.4454803E-4,0.003543079
1675934406848357436,-2.2470951E-5,2.7656555E-5,0.004541576
1675934407042528582,-0.0010167956,-0.002462387,0.0039518476
1675934407235409206,1.13904476E-4,0.0017204285,0.0034798384
1675934407430364154,0.001265347,0.0012207031,0.002583623
1675934407624115665,-0.0013467073,-0.0017061234,0.0030135512
1675934407818463894,6.877184E-4,-0.0013685226,0.0010097623
1675934408011863998,6.965995E-4,0.0013160706,8.0132484E-4
1675934408205673581,1.2391806E-4,8.583069E-6,7.3599815E-4
1675934408400233425,9.08792E-4,8.1062317E-4,3.901124E-4
1675934408594523529,4.26054E-4,0.00182724,-1.3923645E-4
1675934408788866341,-1.4728308E-4,6.303787E-4,0.0014882088
1675934408983178997,-5.6654215E-4,-4.0245056E-4,8.7577105E-4
1675934409176862279,-7.5268745E-4,4.940033E-4,2.1523237E-4
1675934409370368216,-4.0769577E-4,-0.0012617111,0.0012207627
1675934409564842851,-6.3818693E-4,-4.940033E-4,-0.0011713505
1675934409757824726,-0.0011382103,-0.0017719269,0.0019006729
1675934409953186133,6.682873E-4,6.0749054E-4,5.964041E-4
1675934410145877591,-4.2295456E-4,-0.0011539459,-2.0503998E-5
1675934410342792539,-4.6092272E-4,7.829666E-4,0.0010188222
1675934410536756497,-0.0016003847,0.0013399124,0.0015466213
1675934410730749466,2.4992228E-4,0.002087593,0.001658678
1675934410923677122,0.0012972951,-0.002073288,0.0010810494
1675934411116523111,-6.007552E-4,4.5871735E-4,0.001758337
1675934411311243684,3.272891E-4,-5.9604645E-4,0.0023785233
1675934411505683580,0.0023459196,-3.30925E-4,0.0033516288
1675934411698858267,0.0021973252,0.0013122559,0.0023602843
1675934411891795507,0.0031772256,3.8528442E-4,0.002777934
1675934412085994830,3.4588575E-4,-9.3078613E-4,0.0057241917
1675934412280215975,0.0010710359,7.87735E-4,0.006732464
1675934412474077434,-0.025398552,-0.005508423,0.0141583085
1675934412669833684,0.0034457445,0.0011997223,0.0061095357
1675934412862106496,0.009625852,0.0015773773,-2.1117926E-4
1675934413056354621,0.006723881,0.002155304,8.440018E-5
1675934413250562329,0.0076443553,1.5258789E-4,7.0232153E-4
1675934413444784100,0.0042707324,3.938675E-4,0.0022544265
1675934413639242173,0.0019552708,0.001247406,0.002577126
1675934413832864100,0.0040917993,-7.05719E-5,0.0048042536
1675934414027064568,0.0019279718,-3.4427643E-4,0.0030832887
1675934414222191548,3.9726496E-4,7.5244904E-4,0.005695522
1675934414415081704,3.2395124E-4,-3.0231476E-4,0.0042741895
1675934414609708683,-0.0010555983,0.0011663437,0.0012502074
1675934414805202381,0.001074791,4.787445E-4,0.0038058162
1675934414997388422,0.0011529326,7.724762E-4,0.0038419366
1675934415191420870,0.0015895963,-6.7424774E-4,0.0015265942
1675934415385317224,-0.002645135,7.8868866E-4,0.0025715828
1675934415580287537,9.2202425E-4,0.001200676,0.0022518039
1675934415775127016,0.0026938915,9.4127655E-4,0.0011017323
1675934415968342432,4.8559904E-4,-0.00121212,0.001894474
1675934416162539463,-8.543134E-4,-0.0017528534,0.0019398928
1675934416355891911,7.610321E-4,-1.1730194E-4,0.004112482
1675934416549812276,8.816719E-4,-2.2411346E-4,0.0014026761
1675934416744002953,2.7763844E-4,0.0031614304,0.002109766
1675934416938276130,-0.001896441,9.021759E-4,0.0044521093
1675934417132077796,-1.1605024E-4,-3.0708313E-4,0.002573669
1675934417327155505,4.5609474E-4,-6.875992E-4,0.0041436553
1675934417520281286,-0.0020925999,3.2138824E-4,0.0046516657
1675934417714306807,-1.077652E-4,6.67572E-6,0.0045424104
1675934417908446754,-0.019981861,-0.0053977966,0.010369837
1675934418102198629,-0.002948761,0.0020103455,0.0058416724
1675934418297994775,0.011311889,-8.5926056E-4,-0.0010355711
1675934418490819306,0.0076932907,0.0011339188,4.9471855E-6
1675934418685434567,0.0063130856,0.0011510849,0.0011082292
1675934418878860035,0.004045248,-1.1539459E-4,0.0019015074
1675934419073023317,0.00259763,3.7288666E-4,0.0035591722
1675934419266844879,0.0022547245,6.570816E-4,5.0234795E-4
1675934419460922848,4.7379732E-4,0.0027227402,0.00573498
1675934419656149879,0.0014628172,9.3460083E-4,0.0028463006
1675934419849486702,5.9890747E-4,-3.0994415E-4,8.393526E-4
1675934420043680087,0.0034553409,-0.00121212,0.0020204782
1675934420237295347,-8.7195635E-4,0.0017356873,0.0024329424
1675934420431138837,-0.0011994243,-2.784729E-4,4.2551756E-4
1675934420625998316,0.002022326,-1.6880035E-4,0.0027739406
1675934420819478889,-6.6918135E-4,8.1157684E-4,0.0014196038
1675934421013482482,0.0013314486,-0.002878189,-9.316206E-4
1675934421208502743,0.0013317466,-9.2601776E-4,4.903674E-4
1675934421403265243,2.3138523E-4,9.765625E-4,-1.0848045E-4
1675934421595620451,-8.652806E-4,-2.7179718E-4,2.490878E-4
1675934421789993784,-0.0010463595,-9.6321106E-5,4.133582E-4
1675934421984147065,4.8953295E-4,9.250641E-4,0.0023773909
1675934422177667899,-1.17361546E-4,6.456375E-4,-9.896159E-4
1675934422371734826,-0.0015900135,2.2411346E-4,-2.0158291E-4
1675934422565973003,-0.0011859536,-7.7056885E-4,3.5244226E-4
1675934422760131388,6.0784817E-4,-8.5163116E-4,-6.03199E-4
1675934422954318419,-2.6726723E-4,-1.8024445E-4,-0.0014399886
1675934423148106596,-0.002809465,0.00121212,-0.0017598867
1675934423342393732,-0.007409513,-5.464554E-4,0.0019023418
1675934423536313836,-0.021653235,-0.002084732,0.012493849
1675934423730172169,0.008965552,9.2601776E-4,-0.0060019493
1675934423925682169,0.0071558952,3.042221E-4,-0.00400728
1675934424118390346,0.003601849,8.363724E-4,-0.0029014945
1675934424312431075,0.0034810305,-0.0010633469,-0.0012359023
1675934424506901127,0.0015699267,9.10759E-4,-0.002900064
1675934424701055294,0.00128299,-3.9100647E-5,-0.0010882616
1675934424897649252,0.0017132163,-0.0013513565,-5.286336E-4
1675934425088826387,3.92735E-4,3.1661987E-4,-0.0011015534
1675934425282931179,2.2000074E-4,-6.608963E-4,4.3720007E-4
1675934425478465450,-7.160306E-4,0.0025901794,0.001388669
1675934425671748106,6.939769E-4,0.001830101,9.191036E-5
1675934425865087376,5.068183E-4,8.72612E-4,7.748604E-5
1675934426060727012,-0.002116084,-0.0041742325,6.082654E-4
1675934426253639095,-0.0018486977,-1.9931793E-4,5.609393E-4
1675934426447495553,0.0020241141,2.1362305E-4,0.0016699433
1675934426642724251,-7.4744225E-4,-0.0010461807,0.0014801621
1675934426835581751,0.001345396,0.0016155243,0.0011258125
1675934427029523574,0.0014361739,0.0012712479,6.401539E-4
1675934427224568157,2.07901E-4,5.674362E-4,0.0024638772
1675934427417991959,3.387332E-4,-7.696152E-4,5.8948994E-4
1675934427611627584,0.0012091994,0.0017490387,0.00237602
1675934427806007897,0.0025154948,3.9196014E-4,2.3543835E-4
1675934428000801959,-0.0025225878,-9.803772E-4,0.0011172891
1675934428194259719,6.0147047E-4,-0.0010919571,5.8823824E-4
1675934428389117063,2.2155046E-4,-0.002541542,0.0016661286
1675934428582169563,-0.0018740892,-0.0020513535,-0.0021467805
1675934428776462323,0.0012034774,-6.284714E-4,0.0028907657
1675934428970422323,-0.029096007,-0.0010061264,0.010993004
1675934429164606177,0.0020433664,-4.863739E-5,4.503131E-4
1675934429358594511,0.008892,0.0024290085,-0.0018354058
1675934429552943104,0.006769538,0.0032262802,-8.4632635E-4
1675934429746681490,0.004768491,-7.3337555E-4,-0.0042654276
1675934429940406281,0.0022224784,0.0016870499,-6.28829E-5
1675934430134803573,0.0026138425,8.1539154E-4,8.0770254E-4
1675934430328848781,9.0169907E-4,-0.001953125,6.458163E-4
1675934430523232531,0.0019309521,-0.001947403,0.0013662577
1675934430717006750,9.868145E-4,-2.937317E-4,0.0019431114
1675934430911243104,0.0016520023,-0.002070427,-0.0016213655
1675934431105704562,5.399585E-4,8.4400177E-4,-7.638931E-4
1675934431299215031,6.041527E-4,0.0033950806,-7.485151E-4
1675934431493580551,-2.2667646E-4,3.0231476E-4,-0.0016672611
1675934431687203155,0.0015296936,-1.2111664E-4,0.0018246174
1675934431881534926,-0.0020578504,6.1893463E-4,0.0012893677
1675934432077827947,7.0512295E-4,1.3160706E-4,-0.001580298
1675934432269923364,4.658103E-4,0.001001358,-9.1177225E-4
1675934432463703572,-0.0020872355,0.001335144,4.9835443E-4
1675934432657526645,-8.702278E-4,-0.0031642914,-1.475811E-4
1675934432851588936,3.2889843E-4,1.6403198E-4,-0.0014532208
1675934433046235030,-6.765127E-4,-0.0018835068,7.635355E-5
1675934433239952478,-0.0014015436,6.465912E-4,-0.0020332336
1675934433434076801,5.547404E-4,-8.6688995E-4,9.2226267E-4
1675934433630911071,-4.0191412E-4,-7.9345703E-4,-5.7935715E-4
1675934433822717426,-2.552867E-4,-8.4400177E-4,-1.3464689E-4
1675934434016854925,1.3118982E-4,0.0013437271,4.556775E-4
1675934434210999300,0.0015999079,0.0038309097,7.762313E-4
1675934434404389144,-0.018215954,-0.0034761429,0.0068175197
1675934434599047686,-0.007596612,-0.0017385483,0.00518173
1675934434792279613,0.010402858,0.002609253,-0.0028612018
1675934434986799560,0.0048873425,-0.0014705658,-0.0036219358
1675934435181467633,0.0032858253,0.0026330948,-0.0017674565
1675934435374561227,0.0043034554,-3.8146973E-4,-3.7580729E-4
1675934435568899248,0.0028167963,-8.983612E-4,-8.042455E-4
1675934435763030914,0.0018450022,0.0018558502,0.0023453236
1675934435956923727,-0.0014947653,-0.0022144318,0.0013664365
1675934436151298935,0.0014148355,0.0018911362,6.502867E-5
1675934436345251435,0.0011042356,-6.6661835E-4,-5.9366226E-4
1675934436539858935,0.0015748143,-1.7547607E-4,-7.827878E-4
1675934436733287008,-9.099245E-4,-3.8719177E-4,0.0015235543
1675934436927964403,-7.277131E-4,-0.0017385483,9.3758106E-5
1675934437126865028,0.0025117397,0.0020742416,3.6901236E-4
1675934437315570133,5.4484606E-4,9.126663E-4,6.3318014E-4
1675934437509827320,9.416938E-4,0.0018901825,0.0010387301
1675934437704300809,-6.3329935E-4,-8.134842E-4,0.0013414621
1675934437897627111,4.8160553E-4,-5.226135E-4,0.0013797283
1675934438092677216,0.0020965934,0.0017938614,7.7587366E-4
1675934438285798570,-0.0010031462,-0.0013723373,9.344816E-4
1675934438479584299,-2.6738644E-4,-8.401871E-4,6.365776E-4
1675934438674914142,0.0013776422,7.7438354E-4,-8.0400705E-4
1675934438868052788,-8.903146E-4,2.0980835E-4,1.9747019E-4
1675934439062277007,-9.442568E-4,-0.0017690659,6.996393E-4
1675934439256270028,8.5276365E-4,0.001739502,0.0015857816
1675934439450417111,-6.9463253E-4,-6.0081482E-5,-0.0012049675
1675934439644980705,6.0606E-4,-6.456375E-4,-0.0015032291
1675934439838484454,-0.0077313185,1.5735626E-4,0.0036189556
1675934440032595496,-0.019881368,-0.0023040771,0.0069770217
1675934440229337319,0.006928444,-8.363724E-4,-0.0028588176
1675934440421623256,0.008306444,7.8868866E-4,-0.004375994
1675934440614866329,0.0046547055,2.2983551E-4,-0.004513681
1675934440809098465,0.0019994378,1.02996826E-4,-0.0011418462
1675934441002831329,0.0010636449,0.0010738373,-5.1862E-4
1675934441196781954,0.0011905432,0.0011548996,-6.2584877E-6
1675934441391077943,0.0011979342,0.0011348724,-6.9803E-4
1675934441585194350,0.0014597774,-0.0018253326,0.0014906526
1675934441778910964,0.0016536117,-6.055832E-4,0.0021708012
1675934441973149193,-0.0011183023,-3.1280518E-4,-2.8640032E-4
1675934442167117370,0.0010119677,-1.9168854E-4,0.002060175
1675934442361776120,0.0015028715,0.0017766953,7.842183E-4
1675934442555454245,-6.598234E-5,-1.2302399E-4,0.0014013648
1675934442750711953,-2.8568506E-4,-6.67572E-4,0.0016597509
1675934442944074193,0.0010557771,-5.722046E-5,6.132722E-4
1675934443138759505,0.0011761785,-4.4822693E-5,-1.8554926E-4
1675934443332300078,-0.0013796687,0.001209259,0.0014744997
1675934443525511484,0.0011441112,1.5544891E-4,9.1183186E-4
1675934443719373099,5.1933527E-4,0.0017309189,-5.2958727E-4
1675934443913595807,0.0022384524,-4.7397614E-4,2.0647049E-4
1675934444107637213,1.0496378E-4,-3.7288666E-4,-6.430149E-4
1675934444302071067,-4.427433E-4,-0.0011796951,-5.2815676E-4
1675934444496309296,-3.5339594E-4,-7.0762634E-4,-8.203387E-4
1675934444690438411,0.0012891889,1.66893E-4,6.412864E-4
1675934444884297734,0.0010336637,0.001663208,0.001065433
1675934445079034296,-7.613301E-4,1.9168854E-4,-6.405115E-4
1675934445272417682,0.0012826324,1.6307831E-4,0.004981816
1675934445466436900,-0.029428005,-0.0058164597,0.0043118
1675934445660849036,0.0028885007,-0.0010728836,-9.676218E-4
1675934445854748983,0.008564234,8.277893E-4,-0.0031248927
1675934446048490181,0.006529689,6.20842E-4,-0.004386544
1675934446242516327,0.0030620694,0.0017547607,-0.0017575026
1675934446437435025,0.0029910207,-7.266998E-4,-0.0015656948
1675934446630472629,0.0017111897,3.938675E-4,-0.0013849735
1675934446825107212,-3.5077333E-4,-6.866455E-4,5.107522E-4
1675934447019064295,6.109476E-4,0.0016641617,0.0011557341
1675934447213091379,9.5808506E-4,0.00121212,-0.0010818839
1675934447407594920,-3.0338764E-4,3.2043457E-4,-7.788539E-4
1675934447601235910,1.13368034E-4,-4.9972534E-4,-9.512305E-4
1675934447796305701,9.737611E-4,0.0010843277,8.6033344E-4
1675934447989139295,4.8691034E-4,-7.7438354E-4,6.914139E-5
1675934448183246639,0.0012372732,-0.0018262863,6.726384E-4
1675934448377383253,-3.3909082E-4,5.912781E-4,2.899766E-4
1675934448571710805,0.0019062757,7.162094E-4,4.4429302E-4
1675934448766726222,-9.229779E-4,-3.194809E-4,0.002380848
1675934448960144295,3.7491322E-4,4.5681E-4,-1.243949E-4
1675934449154212836,2.4461746E-4,-4.1866302E-4,0.0015851259
1675934449351244399,-2.8556585E-4,-2.6226044E-4,1.5944242E-4
1675934449542438774,0.0011793971,-3.6525726E-4,-4.118681E-4
1675934449736884607,-1.654625E-4,-5.187988E-4,-3.670454E-4
1675934449930025701,6.802678E-4,-3.5476685E-4,-0.0011391044
1675934450124428461,6.0617924E-5,-5.6934357E-4,6.7156553E-4
1675934450318344190,-2.5242567E-4,0.002169609,0.0015332699
1675934450512154919,5.5217743E-4,-8.9645386E-5,-4.0870905E-4
1675934450706449398,5.20885E-4,5.6552887E-4,-2.5212765E-5
1675934450902159450,-0.014993668,-0.0012741089,0.0077261925
1675934451094640336,-0.013561428,-0.0015172958,0.006503284
1675934451288190856,0.010987639,0.0021944046,-0.0034546852
1675934451482514554,0.0057476163,0.0011663437,-0.002978325
1675934451676841273,0.003198266,-1.3065338E-4,-0.003473401
1675934451871727731,0.0038718581,-0.003247261,-0.0020584464
1675934452066304502,-1.4472008E-4,-0.0011720657,-4.8702955E-4
1675934452258719710,0.0024197102,-1.296997E-4,-0.0018638968
1675934452453877210,0.0013860464,8.983612E-4,-7.391572E-4
1675934452647154970,-1.7082691E-4,6.227493E-4,-0.0022764802
1675934452841022627,-0.0015876293,-5.569458E-4,-9.780526E-4
1675934453035398981,0.0021947026,0.0021772385,6.328821E-4
1675934453229563356,-0.0028256774,2.7751923E-4,0.0017181039
1675934453424319866,6.1404705E-4,-6.685257E-4,0.0014074445
1675934453617247262,-3.6776066E-5,5.426407E-4,0.0018092394
1675934453811212835,-3.1751394E-4,-6.1893463E-4,3.362894E-4
1675934454005479397,0.001273334,1.8978119E-4,6.5767765E-4
1675934454199576532,5.323887E-4,-1.4591217E-4,-9.5289946E-4
1675934454394089866,0.001319468,-3.8051605E-4,2.0098686E-4
1675934454587764970,5.8561563E-4,-5.82695E-4,9.86278E-4
1675934454781804397,5.068779E-4,6.1130524E-4,-6.3329935E-4
1675934454975773667,0.0012367964,7.286072E-4,0.001491785
1675934455170311480,-4.2569637E-4,-0.0014152527,5.583763E-4
1675934455365749032,-0.0020218492,0.001080513,0.0037549138
1675934455558145230,0.0012685657,4.6253204E-4,0.0010127425
1675934455751877469,0.0016242266,4.386902E-5,5.518794E-4
1675934455946894709,-0.0018422604,2.5749207E-5,5.211234E-4
1675934456140237677,2.2214651E-4,-8.9263916E-4,7.4636936E-4
1675934456334197365,-0.006534457,-0.0010871887,0.0057994723
1675934456528345542,-0.02107203,-0.0034074783,0.013956547
1675934456722177886,0.004743874,0.0021190643,-0.0014697909
1675934456916442156,0.0063670278,0.0020513535,-0.0021495223
1675934457110686479,0.004576087,0.0027217865,-0.0012027621
1675934457305003667,0.0060769916,-7.314682E-4,4.2402744E-4
1675934457499070073,7.662773E-4,-7.1811676E-4,0.0012087226
1675934457692910646,0.0014697909,-4.1866302E-4,-3.7389994E-4
1675934457887727729,9.950399E-4,0.0010137558,9.900928E-4
1675934458081140593,3.849864E-4,0.0013589859,0.0019010305
1675934458275324812,-1.0699034E-4,6.0272217E-4,8.0531836E-4
1675934458470149343,-2.4867058E-4,-8.8596344E-4,0.0014101863
1675934458663592312,9.356737E-4,-0.001534462,0.0023074746
1675934458858025333,0.0010619164,-2.565384E-4,0.0021485686
1675934459051559864,0.0020225644,-7.9345703E-4,-8.1801414E-4
1675934459246140228,1.0406971E-4,0.0012788773,0.00212425
1675934459439782155,7.498264E-5,8.72612E-4,7.0923567E-4
1675934459633484134,8.8244677E-4,4.0340424E-4,0.002290547
1675934459827475905,8.773804E-4,-9.851456E-4,0.0015505552
1675934460021610436,-5.8054924E-4,5.7029724E-4,0.0012247562
1675934460215700697,8.224249E-4,3.9958954E-4,9.772778E-4
1675934460409823561,-5.418658E-4,3.232956E-4,0.0011857748
1675934460604299811,0.0028795004,5.979538E-4,0.0013606548
1675934460798124342,7.017255E-4,5.4359436E-5,6.5624714E-5
1675934460992382467,-0.0012570024,-3.6239624E-4,0.0019086599
1675934461186278665,-1.270771E-4,-5.273819E-4,0.00107795
1675934461381023717,-6.8831444E-4,7.247925E-5,8.985996E-4
1675934461574247780,3.4946203E-4,7.133484E-4,-4.6747923E-4
1675934461768286269,6.313324E-4,-0.0011110306,2.785921E-4
1675934461962787884,-0.026890278,-0.005801201,0.0137988925
1675934462156546113,6.361604E-4,7.0762634E-4,0.004173875
1675934462350696425,0.00909245,0.0027189255,-0.0033602118
1675934462546004237,0.0052736998,0.0027770996,-7.184148E-4
1675934462738877675,0.0018398166,0.002169609,-1.8119812E-4
1675934462932985852,0.0016725659,-7.724762E-5,6.914139E-4
1675934463126822206,5.809665E-4,-0.0012617111,-3.618598E-4
1675934463321366841,0.0019126534,-5.054474E-4,0.0015319586
1675934463515509602,8.5026026E-4,-3.1280518E-4,0.001922071
1675934463709031685,7.876158E-4,-4.3582916E-4,0.0034196973
1675934463904732258,0.0012280345,4.043579E-4,0.00171417
1675934464097168091,0.0027707815,8.573532E-4,0.0013951659
1675934464291367570,-4.541874E-4,-3.5381317E-4,-0.001643002
1675934464485727674,8.814931E-4,0.0011425018,0.0022159815
1675934464680143455,-4.0334463E-4,8.1825256E-4,-1.10805035E-4
1675934464874714757,-0.0012662411,-7.6007843E-4,7.7855587E-4
1675934465067702101,0.0015167594,-8.955002E-4,-5.4180622E-5
1675934465261900799,0.0016044974,-2.1266937E-4,0.0020259023
1675934465455515538,-9.114146E-4,0.0015411377,-0.001239121
1675934465649713247,-1.9860268E-4,-2.5081635E-4,0.0014336109
1675934465844174080,1.6754866E-4,8.1157684E-4,0.002885878
1675934466038037778,3.6418438E-5,-2.9563904E-5,0.0014120936
1675934466231792882,0.0012791157,1.1920929E-4,0.0032000542
1675934466425934757,2.1213293E-4,0.0010433197,9.3126297E-4
1675934466621884548,0.0020987988,0.0026330948,5.892515E-4
1675934466814268923,-6.299615E-4,-0.0023813248,-2.5695562E-4
1675934467010742725,4.3547153E-4,-0.0015544891,-5.056262E-4
1675934467202560382,-8.891821E-4,-4.5108795E-4,0.0024146438
1675934467396656996,-0.012158632,-0.0037431717,0.005549133
1675934467595425381,-0.013180494,-0.0012407303,0.0012326837
1675934467784700277,0.0077548623,0.0011463165,-0.0061975718
1675934467978623923,0.005749166,0.0013914108,-0.0029884577
1675934468172702933,0.0061891675,0.0012588501,-0.0017853379
1675934468366735902,0.004311025,-4.7779083E-4,2.3466349E-4
1675934468561352204,0.0016776919,0.0025253296,-0.0025276542
1675934468754883610,1.925826E-4,4.644394E-4,-4.6867132E-4
1675934468949181683,0.0017169118,-0.0014572144,0.001954019
1675934469144224131,0.0015451908,9.908676E-4,0.0025942922
1675934469337367360,9.2333555E-4,3.004074E-4,0.0015718341
1675934469531165329,-0.0018325448,-0.0019578934,0.0023367405
1675934469725469287,-0.0011039376,4.863739E-5,0.001408875
1675934469919290016,0.001729548,-2.4414062E-4,0.002972126
1675934470113726162,0.0012161732,7.46727E-4,0.0028093457
1675934470307511735,5.373359E-4,4.5108795E-4,-2.246499E-4
1675934470502646526,-0.0011968017,0.0012903214,2.965927E-4
1675934470696016214,8.0883503E-4,2.861023E-6,0.0020014644
1675934470890679495,0.0014707446,3.6144257E-4,0.0011879802
1675934471085519495,-8.4245205E-4,2.1076202E-4,2.9933453E-4
1675934471278103609,8.8232756E-4,-5.3691864E-4,-8.060336E-4
1675934471471840901,1.911521E-4,-0.0015392303,0.0014976859
1675934471667382046,6.479025E-5,3.6525726E-4,0.0019388795
1675934471859752828,9.109974E-4,-6.198883E-5,7.9625845E-4
1675934472054057932,3.9708614E-4,0.0012407303,0.0019697547
1675934472248104442,4.5013428E-4,8.5544586E-4,0.0012322664
1675934472442013973,-0.0015534759,-2.002716E-5,4.3952465E-4
1675934472636095432,-3.1256676E-4,-2.7751923E-4,0.002336204
1675934472830301942,-0.005052328,-8.8596344E-4,0.0031808019
1675934473024314911,-0.017260969,-0.0027923584,0.010649323
1675934473219091369,0.006387174,7.162094E-4,-0.0019046664
1675934473413078087,0.007126689,0.0018148422,-0.0014311671
1675934473609184181,0.004958689,0.0013618469,-5.991459E-4
1675934473801012150,0.004811108,-9.3078613E-4,-0.0027054548
1675934473994854598,0.0026012063,9.241104E-4,-0.0015642643
1675934474189845952,8.16226E-4,2.861023E-6,-1.6057491E-4
1675934474382962098,0.002093017,0.0010290146,-2.591014E-4
1675934474576984545,8.4626675E-4,-1.5735626E-4,5.9884787E-4
1675934474771808868,7.8737736E-4,4.9495697E-4,0.0015221238
1675934474965612358,-0.0019050837,-6.8187714E-4,0.0015149117
1675934475159160326,1.0287762E-4,-3.5858154E-4,9.6708536E-4
1675934475353188139,-6.123185E-4,2.1648407E-4,0.0024992228
1675934475547356941,0.0019353032,-7.3337555E-4,0.001983285
1675934475742566524,4.6253204E-4,4.97818E-4,0.003743112
1675934475935804232,0.0017896295,-2.2315979E-4,0.0030702353
1675934476129771993,0.0014379025,-9.250641E-5,0.0020387769
1675934476323989232,-0.0010182858,6.3991547E-4,0.0023328066
1675934476517905482,-0.0012422204,-0.0015058517,0.001416862
1675934476711922670,0.0015224814,6.1130524E-4,0.0024126768
1675934476906737149,-5.6922436E-5,0.0011739731,0.0023409128
1675934477101169909,5.1927567E-4,0.0011167526,7.5536966E-4
1675934477294420951,0.001254499,-2.1839142E-4,0.0019673705
1675934477488216732,4.3338537E-4,0.0012235641,0.0033565164
1675934477682623450,0.002607286,-1.2397766E-5,5.944967E-4
1675934477876337357,1.8632412E-4,-3.1757355E-4,0.0012017488
1675934478070392357,-0.0016180873,0.0019845963,3.080368E-4
1675934478265343346,0.0010370016,-2.0217896E-4,0.0051143765
1675934478458759648,-0.018054307,-0.005993843,0.009331584
1675934478653212044,-0.0028505921,-6.198883E-4,0.0033084154
1675934478847219804,0.0072398186,0.0020799637,-0.0036604404
1675934479040666367,0.004185796,1.2588501E-4,-0.0013511777
1675934479236109804,0.003000021,-1.2683868E-4,-5.9843063E-4
1675934479429310898,0.0017232299,0.0018405914,-8.339286E-4
1675934479626339335,0.0016573668,1.5163422E-4,-0.0011401772
1675934479821118814,0.0024473667,0.0010023117,-9.846091E-4
1675934480011468137,-0.0018907189,-0.0018110275,4.2521954E-4
1675934480205165481,6.389022E-4,-1.8310547E-4,0.001496613
1675934480399388137,0.0010250211,-0.0011167526,1.2052059E-4
1675934480593800324,5.7435036E-4,8.211136E-4,8.984804E-4
1675934480787490897,0.0014072657,0.0015192032,0.0022125244
1675934480981573710,0.001959145,7.6007843E-4,7.0393085E-5
1675934481176117199,-4.082322E-4,5.044937E-4,-0.0013896823
1675934481369452616,1.2099743E-4,-3.4999847E-4,8.815527E-4
1675934481563665220,4.3690205E-4,-2.07901E-4,2.5767088E-4
1675934481757501834,-3.3175945E-4,-1.13487244E-4,-4.9847364E-4
1675934481951629803,-1.963377E-4,8.5639954E-4,2.7918816E-4
1675934482145789074,-9.4646215E-4,-4.2438507E-4,0.0012640357
1675934482342097303,-6.1911345E-4,9.250641E-5,0.0017769337
1675934482534663813,0.0010415912,7.162094E-4,0.0022663474
1675934482729566365,0.002668798,4.644394E-4,-2.1290779E-4
1675934482923306626,0.0011005998,-0.001001358,4.1937828E-4
1675934483116101782,-5.067587E-4,-3.1661987E-4,-5.0604343E-5
1675934483310424177,0.0011104941,-1.8596649E-4,-6.968975E-4
1675934483504469646,-9.934306E-4,-0.0019702911,-5.105138E-4
1675934483698566417,0.0014296174,0.0011777878,4.3177605E-4
1675934483894489386,-0.012959778,-0.0023832321,0.01014787
1675934484086755583,-0.013234735,-8.4400177E-4,0.008830249
1675934484281215323,0.008135796,0.0014123917,-6.375909E-4
1675934484474649750,0.007105589,5.531311E-4,-0.0019760132
1675934484669357094,0.003962815,0.0018978119,-3.33786E-6
1675934484863404958,0.0025976896,9.4127655E-4,-0.0023130178
1675934485057265843,0.0016222596,-2.374649E-4,-9.216666E-4
1675934485251438083,0.0022712946,-1.3256073E-4,-1.282692E-4
1675934485445790791,0.0012731552,0.0017604828,-4.029274E-5
1675934485639525062,7.458329E-4,-0.0013685226,-0.0012924671
1675934485837981989,0.0017172098,-5.6266785E-4,6.389022E-4
1675934486027439385,4.8488379E-4,9.536743E-7,0.0011755228
1675934486221752822,7.2181225E-5,-1.4305115E-5,-9.1814995E-4
1675934486415847510,0.0017254353,-1.2111664E-4,1.02460384E-4
1675934486609906676,-2.7906895E-4,-3.8146973E-5,4.876852E-4
1675934486804382041,0.0015232563,-0.001200676,-1.0114908E-4
1675934486997958447,0.0016627312,-8.28743E-4,-7.849932E-5
1675934487192115426,-3.631115E-4,0.0013103485,8.6581707E-4
1675934487386563968,0.0011245608,0.0012216568,-2.2530556E-5
1675934487579976572,-9.6029043E-4,-9.536743E-5,-1.7619133E-4
1675934487775299905,3.0362606E-4,-8.2969666E-5,0.0016152263
1675934487968787040,-0.002200067,-2.2888184E-5,0.0018336177
1675934488162158134,0.0011158586,2.3460388E-4,0.0021842122
1675934488356612873,-2.1255016E-4,0.0011510849,6.033778E-4
1675934488550670061,5.0872564E-4,1.9550323E-4,5.2028894E-4
1675934488744952717,-7.879734E-4,-0.0011577606,-9.4664097E-4
1675934488939528290,7.401705E-4,-0.0014705658,-4.6688318E-4
1675934489133555529,-7.395148E-4,9.689331E-4,0.0020970106
1675934489327038342,-0.006398022,-8.1157684E-4,-7.683039E-4
1675934489521096415,-0.014245331,-0.0034399033,0.006421864
1675934489715441831,0.007303357,4.3296814E-4,-0.004422605
1675934489909294696,0.009167492,9.698868E-4,-0.0060302615
1675934490103258550,0.0047371984,-6.170273E-4,-0.002417624
1675934490297226571,0.0034956336,8.163452E-4,-0.0020598173
1675934490491128081,1.026988E-4,-4.1389465E-4,-7.6436996E-4
1675934490685606987,0.0031985044,0.002251625,-2.5326014E-4
1675934490879716206,0.0029110312,-7.009506E-4,-0.0013222694
1675934491073651414,-6.2811375E-4,5.3977966E-4,-2.9492378E-4
1675934491267353602,4.6032667E-4,-2.9563904E-4,-7.863641E-4
1675934491463562456,0.0012342334,-2.965927E-4,-0.0010198355
1675934491655296206,9.6452236E-4,1.2683868E-4,0.0011898875
1675934491850036049,8.9752674E-4,1.11579895E-4,0.001639843
1675934492043831882,7.401705E-4,-8.72612E-4,0.0010504723
1675934492237378080,-7.2318316E-4,3.3950806E-4,3.9041042E-4
1675934492432134539,6.567836E-4,2.632141E-4,8.649826E-4
1675934492626020788,0.0014185905,-7.209778E-4,5.581379E-4
1675934492819908393,-6.3973665E-4,-1.5544891E-4,-7.750988E-4
1675934493014051674,-3.760457E-4,-4.7683716E-4,5.993843E-4
1675934493208327559,3.0964613E-4,-2.965927E-4,0.0018985271
1675934493402404434,0.0012400746,8.325577E-4,-9.560585E-4
1675934493596340476,0.0012064576,8.764267E-4,0.0016308427
1675934493790506726,-1.1777878E-4,-0.0020456314,6.1643124E-4
1675934493986568132,0.0012340546,0.0011835098,-2.5981665E-4
1675934494179496257,3.7705898E-4,-0.0016870499,2.8824806E-4
1675934494372881829,4.3010712E-4,-7.867813E-4,0.0012904406
1675934494567932559,-3.4290552E-4,0.0014247894,9.978414E-4
1675934494760888809,7.259846E-4,9.202957E-4,-3.993511E-6
1675934494955066517,-0.018926024,-0.005130768,0.008013248
1675934495148779433,-0.0064687133,-1.821518E-4,0.0017193556
1675934495343197871,0.00802213,0.001499176,-0.0034794211
1675934495537399069,0.0054029226,0.0016260147,-0.0017829537
1675934495731382558,0.00396806,3.9577484E-4,-0.0013535023
1675934495925459954,0.0025684237,9.5558167E-4,-3.6400557E-4
1675934496119514225,0.0017402768,-5.9604645E-4,-0.0020406246
1675934496313722402,0.0011025667,5.540848E-4,0.0014215708
1675934496508846985,9.954572E-4,-5.903244E-4,0.0012103319
1675934496702807402,5.736947E-4,8.6307526E-4,-7.4368715E-4
1675934496895793183,8.497238E-4,-6.9618225E-5,2.630353E-4
1675934497089715943,-4.4465065E-4,9.317398E-4,4.2158365E-4
1675934497284039276,-4.6676397E-4,-9.2601776E-4,8.4137917E-4
1675934497483266932,-7.815361E-4,0.0012493134,-3.8331747E-4
1675934497672212609,0.0012114644,4.3964386E-4,-2.7948618E-4
1675934497867001411,-0.0012302995,-0.0015497208,9.2446804E-5
1675934498061852766,-5.1772594E-4,9.813309E-4,0.0019220114
1675934498254271203,0.0015482306,-6.20842E-4,2.9152632E-4
1675934498448299328,-8.930564E-4,0.0011053085,8.467436E-4
1675934498642291463,2.25842E-4,-0.0015153885,2.757907E-4
1675934498836324119,-3.1661987E-4,-5.931854E-4,-1.4823675E-4
1675934499030305265,1.2052059E-4,2.5177002E-4,-0.0012648106
1675934499224650578,0.0010564327,0.0010490417,0.001548171
1675934499418495630,-4.6765804E-4,-9.059906E-4,3.0624866E-4
1675934499612390734,6.222129E-4,-5.1021576E-4,-3.9368868E-4
1675934499806738911,0.0012133121,0.002207756,-9.1832876E-4
1675934500001148390,-5.0604343E-5,-1.2111664E-4,-0.0012084246
1675934500195415056,5.041957E-4,-1.3256073E-4,-0.0012184381
1675934500390329327,-0.0151901245,-0.0034923553,0.007075429
1675934500583514327,-0.015580058,-0.0030508041,0.012270033
1675934500778789900,0.008522809,0.0021219254,-0.0021449924
1675934500971185837,0.008476555,0.0034971237,-3.424883E-4
1675934501165178233,0.0035616755,0.0019426346,-7.510185E-4
1675934501358913025,0.002998948,0.0022735596,-0.0014716983
1675934501554108546,0.0027362704,0.0012407303,5.2416325E-4
1675934501747751410,9.484291E-4,-1.13487244E-4,0.0010207295
1675934501941707764,0.0011116266,-4.3964386E-4,0.0011571646
1675934502135537504,9.596944E-4,-6.055832E-4,1.6868114E-5
1675934502329468962,-2.5182962E-4,-0.0012722015,-7.6949596E-4
1675934502523753285,9.890795E-4,-7.4005127E-4,5.657673E-4
1675934502717869326,-7.766485E-5,-5.9223175E-4,0.0017057061
1675934502911630160,6.762147E-4,-1.4400482E-4,0.001196444
1675934503111682503,2.3168325E-4,-5.836487E-4,0.0019096136
1675934503299780576,3.7688017E-4,-6.26564E-4,-9.785295E-4
1675934503495479951,0.001288116,7.915497E-5,8.9645386E-5
1675934503689867086,1.372695E-4,8.9645386E-4,0.0019041896
1675934503882226253,3.3986568E-4,9.899139E-4,0.0011501312
1675934504076410680,0.0014337301,4.339218E-4,0.0014474988
1675934504270064899,5.725622E-4,0.0025110245,5.6278706E-4
1675934504464180628,0.0012142658,5.6266785E-5,0.0018062592
1675934504658486305,-0.0017159581,6.8092346E-4,0.0013444424
1675934504852558648,0.0019757748,-0.0010557175,0.0020632744
1675934505046433075,-0.0012902617,-0.0015974045,-0.0014563203
1675934505240700263,0.001638174,-8.3065033E-4,-6.7967176E-4
1675934505435133700,-1.513958E-5,6.685257E-4,0.0014651418
1675934505629831409,-6.181002E-5,2.2220612E-4,-8.942485E-4
1675934505822884325,-0.0060298443,-4.0912628E-4,-6.4873695E-4
1675934506016987346,-0.015398085,-0.0042886734,0.0039933324
1675934506211143075,0.0075789094,-7.238388E-4,-0.006102562
1675934506405404898,0.0080989,-4.4631958E-4,-0.0053504705
1675934506601294481,0.006812632,6.8092346E-4,-0.0025088787
1675934506795100991,0.004873395,4.8446655E-4,-0.0029696226
1675934506988803648,0.0032327771,0.0012559891,-0.0034650564
1675934507183711252,0.0022196174,4.7397614E-4,-8.520484E-4
1675934507375627085,0.0017433763,-0.0012807846,-6.2930584E-4
1675934507569815262,-4.6682358E-4,8.096695E-4,0.0032981634
1675934507764608439,3.7193298E-4,-9.784698E-4,-4.0131807E-4
1675934507957894012,0.0021345615,-6.8569183E-4,3.0732155E-4
1675934508152094533,0.0013357401,4.386902E-4,0.0020219088
1675934508345647345,-1.0448694E-4,3.3950806E-4,0.0011047125
1675934508540183230,0.0019843578,8.792877E-4,5.328059E-4
1675934508735760262,3.219843E-4,-4.5681E-4,6.1523914E-4
1675934508928445418,-2.0861626E-5,9.6321106E-4,0.0017510653
1675934509122944584,4.0459633E-4,5.531311E-5,0.0012171865
1675934509315941876,0.001267612,1.1444092E-4,-8.222461E-4
1675934509510670053,0.0015658736,-0.0019464493,1.8525124E-4
1675934509709913647,6.736517E-4,5.540848E-4,3.774166E-4
1675934509899617136,8.704066E-4,7.915497E-4,0.0025161505
1675934510092581771,-0.0013775826,-7.247925E-5,-0.0017583966
1675934510286704219,4.5639277E-4,-8.020401E-4,3.772378E-4
1675934510480846042,2.2083521E-4,9.813309E-4,-4.5764446E-4
1675934510675060105,2.5624037E-4,0.00141716,3.707409E-4
1675934510869077136,-8.5264444E-4,9.965897E-4,1.3375282E-4
1675934511062988854,4.876256E-4,-0.0029611588,-4.553795E-4
1675934511258119115,-9.819865E-4,-0.0011024475,0.0019232035
1675934511451675417,-0.019405127,-0.0015935898,0.013260245
1675934511645546719,-0.0056611896,2.8896332E-4,0.004581213
1675934511839047031,0.0068344474,0.0010881424,-0.0023158789
1675934512033107292,0.0043180585,0.0019435883,4.557371E-4
1675934512228003489,0.003763795,4.0340424E-4,0.00114429
1675934512421418541,0.0016723871,-3.0612946E-4,-0.0015487075
1675934512615596823,0.0027789474,5.8174133E-5,-0.0025532842
1675934512810550260,-2.720356E-4,-0.0010404587,-0.0014238954
1675934513004350052,5.3936243E-4,2.5844574E-4,-5.746484E-4
1675934513199305624,0.0031765103,8.8977814E-4,1.6754866E-4
1675934513391628333,7.2801113E-4,9.1934204E-4,-0.0014869571
1675934513585828333,1.0204315E-4,8.5258484E-4,3.5566092E-4
1675934513781311770,-0.0011590719,-3.671646E-4,0.0011728406
1675934513973965572,9.88245E-5,7.419586E-4,9.685159E-4
1675934514167996562,0.0014664531,-0.001452446,7.442832E-4
1675934514362369739,-7.4344873E-4,-6.771088E-5,-0.0031439066
1675934514556043436,0.0016389489,2.2792816E-4,-9.2202425E-4
1675934514750369790,0.0010377765,-8.6688995E-4,-5.465746E-5
1675934514944836249,-6.8306923E-4,8.9645386E-5,2.8765202E-4
1675934515141584217,7.044673E-4,-5.1784515E-4,6.6012144E-4
1675934515332227394,2.4449825E-4,5.760193E-4,-1.565218E-4
1675934515526336144,3.6877394E-4,-5.7792664E-4,-2.501607E-4
1675934515722459738,-1.8930435E-4,5.5217743E-4,-4.671812E-4
1675934515915385259,1.4406443E-4,0.0010061264,0.0016832352
1675934516109214946,1.9216537E-4,-5.8841705E-4,0.00102669
1675934516303275519,3.6931038E-4,-0.0016345978,-3.875494E-4
1675934516496697029,5.1653385E-4,-4.5108795E-4,7.799864E-4
1675934516690979477,0.0012167692,-3.0612946E-4,0.0010342002
1675934516886947342,-0.0105086565,-0.0017995834,0.002426207
1675934517079552185,-0.009591103,-0.0031366348,0.0032978654
1675934517273133956,0.010051966,0.0017299652,-0.0062558055
1675934517466960675,0.006363094,0.0012044907,-0.006122589
1675934517661821196,0.0049988627,-1.6975403E-4,-0.0019196272
1675934517856153331,0.0028306842,0.0017700195,-0.002757132
1675934518051487081,0.0037350059,8.382797E-4,-0.0019078851
1675934518243303175,-2.4056435E-4,-6.303787E-4,-5.720258E-4
1675934518438512862,0.003580749,0.0018014908,0.0010991693
1675934518631528383,0.0015015006,-7.648468E-4,-3.324151E-4
1675934518826534164,0.0016193986,-0.0018177032,-0.0010530949
1675934519019641716,-2.0819902E-4,-0.0041799545,-0.0011832714
1675934519213672341,-4.925132E-4,-0.004330635,0.0016743541
1675934519408069476,-8.624196E-4,0.0013723373,-7.482767E-4
1675934519602049789,0.003211975,0.0044755936,4.0060282E-4
1675934519796504893,-5.7798624E-4,0.0022659302,0.002670467
1675934519990510830,5.606413E-4,0.0040273666,-1.2862682E-4
1675934520184807080,-0.002015531,1.6117096E-4,-2.771616E-4
1675934520378375153,-0.0015117526,-0.0019521713,-1.5693903E-4
1675934520572179580,0.0010197759,-0.0024929047,0.0017127395
1675934520766518955,3.0261278E-4,-0.00422287,-0.0016744733
1675934520960394684,1.3011694E-4,0.004085541,7.739663E-4
1675934521154611038,-9.534955E-4,-0.0017347336,8.6915493E-4
1675934521354506559,-2.3728609E-4,0.0019006729,7.112622E-4
1675934521543163850,4.8804283E-4,1.8024445E-4,-0.0017299056
1675934521736851767,6.5892935E-4,9.660721E-4,9.5039606E-4
1675934521930996767,0.003427565,0.0018291473,0.00185889
1675934522125158798,-5.607605E-4,-0.0041208267,2.3549795E-4
1675934522319117288,-0.0041333437,0.0058231354,0.005025685
1675934522513278173,-0.02152729,-0.009850502,0.01054883
1675934522707646715,0.0039245486,0.0055704117,0.0042143464
1675934522902211246,0.0051950216,-0.0020370483,-0.0011870265
1675934523095750933,0.0052633286,0.0013933182,-0.0018213391
1675934523289589891,0.001470089,-0.0013809204,-0.0021300316
1675934523483636506,0.0028858185,3.3569336E-4,-0.0012913942
1675934523678213225,4.620552E-4,3.9577484E-4,0.0010584593
1675934523871964891,-1.1372566E-4,6.017685E-4,-6.097555E-5
1675934524065218276,7.972121E-4,0.005596161,3.2520294E-4
1675934524260487391,-6.7579746E-4,-0.0024080276,-8.277893E-4
1675934524454824631,-2.501607E-4,0.0027332306,1.4269352E-4
1675934524648647808,-5.019307E-4,1.8787384E-4,5.5253506E-4
1675934524841652339,8.240938E-4,-0.0022192001,-2.014637E-5
1675934525035967287,-1.14798546E-4,8.945465E-4,6.4760447E-4
1675934525229834786,4.8285723E-4,-0.0026712418,-0.0015537739
1675934525424371505,3.9845705E-4,4.3201447E-4,4.7022104E-4
1675934525617979995,4.656911E-4,3.9482117E-4,0.0023607612
1675934525812291297,4.028678E-4,-2.2029877E-4,2.7161837E-4
1675934526006192963,0.0028282404,3.900528E-4,1.2516975E-6
1675934526200175411,3.864169E-4,-5.235672E-4,-5.3066015E-4
1675934526394347182,1.2457371E-5,0.0029153824,1.1253357E-4
1675934526588755567,-1.2111664E-4,-0.002366066,0.0020424724
1675934526782217703,0.0013128519,0.0011053085,-0.0015079379
1675934526978083119,0.0015718341,-4.415512E-4,-7.690191E-4
1675934527171131504,-5.258918E-4,-1.1539459E-4,0.0011031628
1675934527366412494,-0.0022184849,-9.384155E-4,2.2268295E-4
1675934527559641504,-3.6507845E-4,-0.002986908,5.1802397E-4
1675934527753122233,-2.4038553E-4,1.9359589E-4,-1.6051531E-4
1675934527947119108,-0.01454246,-0.0037641525,0.0018972754
1675934528141246765,-0.0021763444,2.5844574E-4,-0.0028333068
1675934528335470202,0.008668721,0.003370285,-0.00883764
1675934528529273431,0.0051418543,-0.0033807755,-0.0062556267
1675934528724787441,0.0055217147,0.003127098,-0.0031796098
1675934528917317077,0.006090522,-6.303787E-4,-0.0034775734
1675934529112234160,0.0012583137,0.0020971298,-0.0036560297
1675934529305626087,9.622574E-4,0.0030469894,-0.0017994046
1675934529499980774,5.131364E-4,-4.339218E-4,4.3863058E-4
1675934529693863379,-0.0011042953,-0.007671356,-0.001750648
1675934529887509576,4.991293E-4,-0.0039224625,-9.985566E-4
1675934530082232493,-3.786087E-4,-0.0018587112,0.0028985739
1675934530276077232,0.002095461,0.002275467,-0.0014293194
1675934530469796712,0.0028984547,0.003897667,-0.0020709038
1675934530665877336,-0.0013722181,0.0053596497,-0.0019550323
1675934530858698378,-0.0011173487,0.001414299,-7.150173E-4
1675934531051897024,7.3236227E-4,-4.5108795E-4,9.031892E-4
1675934531246165201,-9.835362E-4,-0.0053777695,-0.002191782
1675934531440586972,-2.0247698E-4,-0.0014476776,-5.3972006E-4
1675934531634467649,-0.001883626,-0.0016345978,0.0015342832
1675934531828472492,0.0026316643,0.0028066635,-0.0014128685
1675934532022373951,0.0011372566,8.4400177E-4,-0.0025378466
1675934532216456450,5.900264E-4,0.0023412704,-0.001070559
1675934532410396919,-3.8701296E-4,9.613037E-4,4.851222E-4
