1675934412059315194
1675934412259060871
1675934412298833111
1675934412326723580
1675934412366883371
1675934412419299882
1675934412459331548
1675934412519353163
1675934412558635559
1675934412599161444
1675934412638910819
1675934412689206652
1675934412722211600
1675934412761896444
1675934412819023163
1675934412861732902
1675934412898946288
1675934412958708371
1675934412989358788
1675934413027060819
1675934413058965663
1675934413099026913
1675934413169841496
1675934413198666808
1675934413239230194
1675934413279227746
1675934413339280923
1675934413365652537
1675934413419440454
1675934413459696131
1675934413499904308
1675934413559142850
1675934413599226600
1675934413639389725
1675934413686969777
1675934413720261912
1675934413758827902
1675934413820589777
1675934413858819048
1675934413899014256
1675934413940182121
1675934414000162225
1675934414038718318
1675934414079203162
1675934414119459152
1675934414169546443
1675934414219089985
1675934414258943839
1675934414302137641
1675934414338791339
1675934414383919308
1675934414419046808
1675934414463284829
1675934414518760714
1675934414539174881
1675934414598930193
1675934414644001079
1675934414679234933
1675934414719419829
1675934414759513058
1675934414805418683
1675934414859121339
1675934414899088891
1675934414938782901
1675934414998756391
1675934415039018058
1675934415060326756
1675934415126613214
1675934415160928839
1675934415198799360
1675934415259881547
1675934415298971808
1675934415339414880
1675934415380822068
1675934415439329308
1675934415478911339
1675934415518812589
1675934415559147693
1675934415599435610
1675934415643186391
1675934415699040505
1675934415738801964
1675934415770181651
1675934415818792276
1675934415844310557
1675934415899211026
1675934415950517016
1675934415979126443
1675934416019166026
1675934416079684984
1675934416119416911
1675934416159074255
1675934416199898838
1675934416240011338
1675934416299034724
1675934416339175922
1675934416379581807
1675934416438666338
1675934416467234411
1675934416500143995
1675934416558976599
1675934416601457120
1675934416639034151
1675934416699537692
1675934416738681182
1675934416778834880
1675934416818908786
1675934416861514099
1675934416898947067
1675934416942699307
1675934416999326286
1675934417038587692
1675934417080864984
1675934417139036130
1675934417163921286
1675934417210265661
1675934417244580869
1675934417283913109
1675934417339540348
1675934417379176703
1675934417419314359
1675934417459192536
1675934417499830973
1675934417539619255
1675934417599624307
1675934417639908994
1675934417679057536
1675934417738808421
1675934417779522536
1675934417818944775
1675934417860084098
1675934417907469098
1675934417941296598
1675934417999288786
1675934418039008369
1675934418079178786
1675934418127642744
1675934418179111286
1675934418218885609
1675934418259622588
1675934418302787431
1675934418342980348
1675934418379972952
1675934418439344983
1675934418479355296
1675934418518970869
1675934418569704410
1675934418619053108
1675934418638785088
1675934418699014723
1675934418724833160
1675934418765251910
1675934418819055504
1675934418859594931
1675934418899326390
1675934418939179931
1675934418979113733
1675934419039613837
1675934419079734306
1675934419118880973
1675934419179014254
1675934419218962379
1675934419247136494
1675934419301095087
1675934419338752066
1675934419381151129
1675934419438998004
1675934419479048004
1675934419518949306
1675934419567695191
1675934419619335764
1675934419658693212
1675934419699093837
1675934419743292848
1675934419783623160
1675934419819782900
1675934419878890816
1675934419919156650
1675934419944178629
1675934419999322795
1675934420031132795
1675934420098965972
1675934420118768733
1675934420159461545
1675934420205635816
1675934420245005712
1675934420299680035
1675934420339352951
1675934420379141181
1675934420419647899
1675934420478769826
1675934420518969670
1675934420565712170
1675934420618918837
1675934420640650920
1675934420687778108
1675934420741324514
1675934420778955399
1675934420820594983
1675934420859563524
1675934420919568628
1675934420959045347
1675934420999068316
1675934421049684410
1675934421082848941
1675934421122522743
1675934421180613003
1675934421223083784
1675934421258945087
1675934421298948159
1675934421359106805
1675934421384230764
1675934421438719201
1675934421459357743
1675934421511637170
1675934421559009722
1675934421599450868
1675934421639350191
1675934421685569045
1675934421725977222
1675934421779586024
1675934421819808368
1675934421860388993
1675934421919125399
1675934421958931493
1675934421998714201
1675934422047371753
1675934422081306388
1675934422119015555
1675934422181098732
1675934422219583107
1675934422259448628
1675934422301298263
1675934422359794774
1675934422399778784
1675934422438816076
1675934422480078732
1675934422529869357
1675934422559608419
1675934422599029201
1675934422659778888
1675934422698937638
1675934422739005451
1675934422799350034
1675934422838395607
1675934422859185711
1675934422899549826
1675934422940243628
1675934422992164878
1675934423039196180
1675934423079143471
1675934423119782690
1675934423166916232
1675934423219926492
1675934423259649513
1675934423299021752
1675934423358632273
1675934423398915763
1675934423420680554
1675934423478958523
1675934423521405086
1675934423567521700
1675934423599241075
1675934423661107534
1675934423699803888
1675934423739063575
1675934423798940971
1675934423839033471
1675934423878935867
1675934423919512533
1675934423959756700
1675934424009990606
1675934424039041804
1675934424099326023
1675934424119103783
1675934424178658679
1675934424204451648
1675934424279031596
1675934424299164721
1675934424338957325
1675934424379053210
1675934424419295450
1675934424478679877
1675934424519248575
1675934424559200658
1675934424599363575
1675934424660289512
1675934424699860241
1675934424738707950
1675934424798721804
1675934424827525971
1675934424861925085
1675934424899003314
1675934424960924512
1675934425007663002
1675934425038842637
1675934425098981283
1675934425139086179
1675934425181877429
1675934425222952845
1675934425278610033
1675934425318974877
1675934425339176179
1675934425398756127
1675934425438772689
1675934425490402897
1675934425539008002
1675934425578656127
1675934425598997324
1675934425644597012
1675934425685106022
1675934425739075137
1675934425778757897
1675934425818890970
1675934425859199199
1675934425899476439
1675934425966510970
1675934426006555397
1675934426058422689
1675934426098953522
1675934426141287428
1675934426178701751
1675934426220777637
1675934426259671126
1675934426303226178
1675934426339048939
1675934426399274460
1675934426439720293
1675934426488827949
1675934426538985918
1675934426578775553
1675934426621727168
1675934426663228314
1675934426703246491
1675934426758815293
1675934426778988314
1675934426839231022
1675934426878945189
1675934426918436126
1675934426978890241
1675934427019227636
1675934427038840032
1675934427084569511
1675934427125500084
1675934427165753834
1675934427219186438
1675934427259453053
1675934427299203626
1675934427340042688
1675934427399347063
1675934427447204095
1675934427487181074
1675934427538838470
1675934427578841282
1675934427608572845
1675934427661342220
1675934427698752272
1675934427738811647
1675934427798839355
1675934427838950449
1675934427878839511
1675934427928482011
1675934427978814251
1675934428018687115
1675934428058797219
1675934428083497063
1675934428139691282
1675934428179169094
1675934428218528678
1675934428279376178
1675934428318805136
1675934428339034771
1675934428378766542
1675934428459176438
1675934428479203105
1675934428518424303
1675934428565350136
1675934428605867948
1675934428659222636
1675934428700261750
1675934428758804823
1675934428798809355
1675934428838891542
1675934428878778365
1675934428919155240
1675934428978928782
1675934429001538573
1675934429039071125
1675934429101768209
1675934429138585865
1675934429178907271
1675934429238413104
1675934429278649979
1675934429318987583
1675934429358667948
1675934429409860083
1675934429459131906
1675934429498840656
1675934429530379563
1675934429579271802
1675934429618696177
1675934429664182115
1675934429718669354
1675934429759357948
1675934429779109146
1675934429819468156
1675934429859460187
1675934429919343989
1675934429958745500
1675934429999197844
1675934430046113208
1675934430087572114
1675934430139935864
1675934430180342896
1675934430220606906
1675934430278855656
1675934430318885500
1675934430359030343
1675934430408547166
1675934430441433208
1675934430479112739
1675934430539109614
1675934430578974823
1675934430618582895
1675934430662137687
1675934430718763312
1675934430758592218
1675934430799074822
1675934430819177635
1675934430884362479
1675934430924352895
1675934430958576437
1675934431018716958
1675934431058770812
1675934431096590968
1675934431158578416
1675934431198989562
1675934431219586281
1675934431259405343
1675934431298864354
1675934431352650708
1675934431399234197
1675934431458733833
1675934431499279822
1675934431539176124
1675934431580600812
1675934431621024926
1675934431658816853
1675934431718464822
1675934431759770030
1675934431781432843
1675934431839090135
1675934431881812530
1675934431918962687
1675934431978743207
1675934432018531593
1675934432062185812
1675934432099394978
1675934432158605812
1675934432199005551
1675934432238791176
1675934432259443051
1675934432319357843
1675934432364063364
1675934432398780968
1675934432459036489
1675934432499168884
1675934432525307686
1675934432565129718
1675934432638840134
1675934432658801228
1675934432699359041
1675934432739026124
1675934432779004770
1675934432839125759
1675934432886992790
1675934432939195186
1675934432979459822
1675934433020772217
1675934433060829353
1675934433098562790
1675934433158596436
1675934433188599561
1675934433224566072
1675934433258932530
1675934433319341801
1675934433358892582
1675934433418887113
1675934433458501436
1675934433498259353
1675934433538992946
1675934433563300238
1675934433618875082
1675934433670429196
1675934433704042217
1675934433759115915
1675934433799165967
1675934433838680394
1675934433898682217
1675934433938463832
1675934433958905446
1675934434005641280
1675934434045852530
1675934434098850290
1675934434138742946
1675934434198760134
1675934434238589821
1675934434278772217
1675934434328586071
1675934434367442477
1675934434418338102
1675934434459043571
1675934434500278467
1675934434538914769
1675934434581535029
1675934434619230706
1675934434662276748
1675934434718953311
1675934434759136488
1675934434799211436
1675934434849385758
1675934434898710394
1675934434938748310
1675934434979061800
1675934435004154248
1675934435059447581
1675934435099094873
1675934435138898415
1675934435199062165
1675934435239007217
1675934435259022529
1675934435339426227
1675934435378965289
1675934435399140654
1675934435439103310
1675934435499055914
1675934435539007425
1675934435579099664
1675934435638666539
1675934435678611644
1675934435718858050
1675934435759038050
1675934435807593571
1675934435847831852
1675934435898507216
1675934435938755810
1675934435968317164
1675934436021805445
1675934436061577893
1675934436099090966
1675934436149145081
1675934436199224768
1675934436238506383
1675934436278731227
1675934436318644612
1675934436364352425
1675934436419005289
1675934436444475341
1675934436499001122
1675934436538815706
1675934436579095706
1675934436638801174
1675934436678790654
1675934436699063154
1675934436738534820
1675934436819359612
1675934436838704143
1675934436879048466
1675934436938607841
1675934436978693258
1675934437019682945
1675934437060965341
1675934437118514872
1675934437159102528
1675934437198802633
1675934437239070289
1675934437287698518
1675934437338422164
1675934437362371435
1675934437398663362
1675934437462650757
1675934437498466435
1675934437538569820
1675934437598698934
1675934437638763049
1675934437678688205
1675934437718196382
1675934437751303882
1675934437805303882
1675934437844066695
1675934437879118986
1675934437938492059
1675934437979057372
1675934438018812320
1675934438078589611
1675934438119128570
1675934438139461330
1675934438179263257
1675934438238325705
1675934438279006278
1675934438319669247
1675934438378460549
1675934438418690809
1675934438459718674
1675934438500744611
1675934438539173309
1675934438581812476
1675934438639137736
1675934438678684611
1675934438718651955
1675934438768887476
1675934438802331434
1675934438839161903
1675934438898535080
1675934438939020340
1675934438978682267
1675934439022989611
1675934439058493778
1675934439118659455
1675934439158785080
1675934439179200236
1675934439239338413
1675934439279186278
1675934439318806434
1675934439378483934
1675934439418950496
1675934439445505132
1675934439518596798
1675934439558519559
1675934439579645809
1675934439619344819
1675934439678451225
1675934439718656277
1675934439766406486
1675934439818598986
1675934439859215809
1675934439900014298
1675934439940973882
1675934439980965184
1675934440019098934
1675934440080471850
1675934440118941486
1675934440142332892
1675934440198884038
1675934440243638048
1675934440289107579
1675934440318866798
1675934440378443933
1675934440418666642
1675934440463463204
1675934440499128152
1675934440539485392
1675934440584835965
1675934440618865808
1675934440678491277
1675934440718988881
1675934440758850808
1675934440818202735
1675934440858794142
1675934440886362371
1675934440925773725
1675934440978601537
1675934441018803308
1675934441078902891
1675934441118641381
1675934441158813100
1675934441198434766
1675934441247802944
1675934441298213829
1675934441339231277
1675934441381755704
1675934441420930496
1675934441458614089
1675934441518918829
1675934441548804089
1675934441582567266
1675934441638896798
1675934441678816798
1675934441718410287
1675934441778595912
1675934441799188985
1675934441859215808
1675934441898933047
1675934441924323516
1675934441979191172
1675934442024695756
1675934442059075391
1675934442118934349
1675934442158856589
1675934442198746120
1675934442258676485
1675934442298928256
1675934442318579349
1675934442365947370
1675934442418371537
1675934442459384193
1675934442498787266
1675934442558309037
1675934442598828880
1675934442638619141
1675934442678674037
1675934442727467214
1675934442778583880
1675934442818387630
1675934442861946432
1675934442898449870
1675934442942846589
1675934442978608047
1675934443022501016
1675934443078831484
1675934443099050912
1675934443158336120
1675934443203817109
1675934443239146276
1675934443279232161
1675934443319508880
1675934443364785807
1675934443418656693
1675934443459862838
1675934443498823307
1675934443558914922
1675934443598818463
1675934443619123411
1675934443686023307
1675934443719795234
1675934443759173255
1675934443819097474
1675934443858550599
1675934443898489713
1675934443940232890
1675934443998548515
1675934444038117786
1675934444079094974
1675934444119379192
1675934444168635130
1675934444208207942
1675934444258811588
1675934444298359297
1675934444329027838
1675934444383257890
1675934444418791328
1675934444458365494
1675934444518353724
1675934444538373984
1675934444598578255
1675934444638869401
1675934444678993307
1675934444718862578
1675934444759069296
1675934444799262734
1675934444859231119
1675934444898747994
1675934444938595859
1675934444998897630
1675934445038628515
1675934445059161223
1675934445099811275
1675934445160309609
1675934445198369296
1675934445258357057
1675934445298533411
1675934445339940390
1675934445378629869
1675934445421270077
1675934445478258515
1675934445518556275
1675934445558879504
1675934445598626692
1675934445648408150
1675934445698339608
1675934445722532421
1675934445758597994
1675934445818762108
1675934445842933098
1675934445898328410
1675934445938633723
1675934445978935025
1675934446018956275
1675934446078708410
1675934446098827890
1675934446158992733
1675934446198878827
1675934446238645077
1675934446298032942
1675934446338668150
1675934446378435389
1675934446418322108
1675934446466805389
1675934446499954921
1675934446558912525
1675934446598733254
1675934446638694035
1675934446679666275
1675934446738015493
1675934446778657264
1675934446818240754
1675934446861780233
1675934446901552473
1675934446958072160
1675934446998374504
1675934447038804920
1675934447078526118
1675934447128986639
1675934447163333202
1675934447198292733
1675934447258515389
1675934447283470077
1675934447343205337
1675934447378539452
1675934447418272681
1675934447459240337
1675934447505425962
1675934447538899712
1675934447598729972
1675934447638965754
1675934447678542837
1675934447738533254
1675934447778471795
1675934447806497733
1675934447858536639
1675934447898364868
1675934447939773201
1675934447998376014
1675934448038321847
1675934448078622576
1675934448126962733
1675934448178812420
1675934448218505962
1675934448258272837
1675934448301801482
1675934448341964451
1675934448378631587
1675934448438200962
1675934448478466066
1675934448502892524
1675934448558507889
1675934448589549920
1675934448638507472
1675934448682999034
1675934448718751691
1675934448764570336
1675934448818885180
1675934448858658097
1675934448898907264
1675934448939071847
1675934448978966795
1675934449039149295
1675934449078851586
1675934449118665388
1675934449178836326
1675934449200027055
1675934449247168930
1675934449300336430
1675934449338821326
1675934449378637315
1675934449438921430
1675934449478827472
1675934449519033461
1675934449558299451
1675934449608974815
1675934449658252419
1675934449698711065
1675934449738543617
1675934449781712003
1675934449818296846
1675934449878482732
1675934449909793253
1675934449947007107
1675934449978919919
1675934450018829711
1675934450078631846
1675934450125326638
1675934450158721430
1675934450198668253
1675934450258388409
1675934450285189919
1675934450339370805
1675934450378780284
1675934450419000284
1675934450478626586
1675934450518439242
1675934450558445075
1675934450606238461
1675934450640244086
1675934450678548617
1675934450740361065
1675934450778703825
1675934450819038982
1675934450859681690
1675934450919270388
1675934450958689502
1675934450998292263
1675934451038456481
1675934451088641638
1675934451138713200
1675934451178420908
1675934451218408252
1675934451258588721
1675934451298490179
1675934451358618929
1675934451383720544
1675934451438399033
1675934451458326117
1675934451498820075
1675934451558270752
1675934451598322679
1675934451638247419
1675934451678544085
1675934451725565387
1675934451778506742
1675934451819165752
1675934451858652523
1675934451918722887
1675934451958410492
1675934451979837262
1675934452046999398
1675934452079986012
1675934452118490179
1675934452178220231
1675934452218468825
1675934452260468877
1675934452298116325
1675934452358508773
1675934452398528460
1675934452438202835
1675934452478804398
1675934452518804241
1675934452569241845
1675934452618797054
1675934452658226429
1675934452689396012
1675934452738663564
1675934452763848616
1675934452818860752
1675934452870560491
1675934452898587418
1675934452938596845
1675934452998489189
1675934453038360908
1675934453079134293
1675934453118662835
1675934453159103095
1675934453219096116
1675934453258429189
1675934453298813512
1675934453358209710
1675934453386784762
1675934453420213668
1675934453478451481
1675934453520871585
1675934453558427158
1675934453618372574
1675934453658744970
1675934453698426585
1675934453740601793
1675934453781824449
1675934453838484397
1675934453878682314
1675934453919246324
1675934453958723564
1675934453998429970
1675934454049567418
1675934454098923407
1675934454118428616
1675934454178683564
1675934454203793459
1675934454244237886
1675934454298162522
1675934454339029970
1675934454378961480
1675934454418836949
1675934454458489918
1675934454518726897
1675934454558780334
1675934454598584865
1675934454658133303
1675934454699078511
1675934454738170803
1675934454779830178
1675934454826387157
1675934454859959865
1675934454918233459
1675934454958301376
1675934454998658199
1675934455047118303
1675934455098437782
1675934455138396376
1675934455181516324
1675934455222152834
1675934455261904084
1675934455318067626
1675934455358613563
1675934455398194865
1675934455438200542
1675934455478557782
1675934455538467886
1675934455558848198
1675934455618216844
1675934455644111219
1675934455684201688
1675934455738218146
1675934455778437313
1675934455818900230
1675934455858576792
1675934455899018771
1675934455958399188
1675934455999172782
1675934456039054292
1675934456098843302
1675934456138264500
1675934456166652365
1675934456220372938
1675934456258178094
1675934456300688354
1675934456358073563
1675934456398497886
1675934456438583563
1675934456487472417
1675934456538197625
1675934456578175854
1675934456618187313
1675934456662833198
1675934456702596323
1675934456738199136
1675934456778228510
1675934456838685958
1675934456863494344
1675934456918028510
1675934456950059396
1675934457018378458
1675934457049665750
1675934457078007625
1675934457124716635
1675934457164366687
1675934457218315594
1675934457258691323
1675934457298817521
1675934457339239552
1675934457398811687
1675934457438371635
1675934457485756948
1675934457538166427
1675934457560125750
1675934457598312000
1675934457660787937
1675934457698178354
1675934457738879812
1675934457798341010
1675934457838195958
1675934457878467052
1675934457917977729
1675934457969416218
1675934458018380229
1675934458058685645
1675934458099356531
1675934458142746583
1675934458178273979
1675934458218645802
1675934458278658197
1675934458303634604
1675934458358317416
1675934458378593927
1675934458431170177
1675934458478490229
1675934458518358197
1675934458558738510
1675934458604607729
1675934458646022104
1675934458699292937
1675934458738865593
1675934458798482676
1675934458838294239
1675934458878330853
1675934458918601687
1675934458966874239
1675934459000809916
1675934459038867155
1675934459101160333
1675934459140721947
1675934459178577155
1675934459218696218
1675934459278478874
1675934459318391947
1675934459358341218
1675934459398818978
1675934459449220280
1675934459498328614
1675934459518243457
1675934459578378457
1675934459618376530
1675934459658111322
1675934459718617259
1675934459758465853
1675934459778299134
1675934459818646061
1675934459858954499
1675934459911520645
1675934459958417363
1675934459999003353
1675934460038500488
1675934460086289915
1675934460139184447
1675934460179461582
1675934460218100436
1675934460278115020
1675934460318074707
1675934460340126686
1675934460398303509
1675934460440583926
1675934460487186374
1675934460518409290
1675934460578506322
1675934460618019967
1675934460661338040
1675934460718309238
1675934460758073144
1675934460798093249
1675934460838680436
1675934460878964499
1675934460923200488
1675934460957993665
1675934461018379967
1675934461058031790
1675934461084113561
1675934461124219603
1675934461198851217
1675934461218143196
1675934461258161686
1675934461298489446
1675934461339144550
1675934461399042155
1675934461447189290
1675934461479515123
1675934461519291321
1675934461580564134
1675934461619619863
1675934461658286165
1675934461718023821
1675934461747268300
1675934461781502727
1675934461838591998
1675934461878413925
1675934461918448456
1675934461978449811
1675934462018126113
1675934462058211633
1675934462101537831
1675934462142971946
1675934462178969394
1675934462238584654
1675934462259009602
1675934462318615019
1675934462358901477
1675934462398232467
1675934462457960956
1675934462498695227
1675934462518580071
1675934462564105592
1675934462604713769
1675934462658456581
1675934462698177362
1675934462738857883
1675934462779165956
1675934462819561217
1675934462886389237
1675934462926253716
1675934462978180123
1675934463018152154
1675934463060112987
1675934463098384394
1675934463140986998
1675934463178038716
1675934463221382883
1675934463278470748
1675934463318029029
1675934463357748508
1675934463408495748
1675934463458364654
1675934463498059550
1675934463542068456
1675934463574178456
1675934463618676060
1675934463658594393
1675934463697961685
1675934463758398091
1675934463798432727
1675934463818214445
1675934463898460539
1675934463938299393
1675934463958381633
1675934463998304758
1675934464044886476
1675934464085311789
1675934464138354185
1675934464198269914
1675934464238298247
1675934464277858924
1675934464318354081
1675934464366448091
1675934464398043247
1675934464458299862
1675934464498276060
1675934464527317101
1675934464581362205
1675934464618809549
1675934464658253195
1675934464718196737
1675934464758279914
1675934464798435070
1675934464848877987
1675934464898370070
1675934464938516164
1675934464977832518
1675934465003519862
1675934465058661268
1675934465098147361
1675934465143230955
1675934465198503039
1675934465238824393
1675934465258297674
1675934465298397257
1675934465378554601
1675934465398153924
1675934465438074705
1675934465485067466
1675934465525171215
1675934465578455122
1675934465619751945
1675934465678510747
1675934465718154132
1675934465758652830
1675934465798086788
1675934465846497257
1675934465898231424
1675934465920950434
1675934465958336372
1675934466021517309
1675934466058229132
1675934466098350330
1675934466158210486
1675934466198520382
1675934466238287413
1675934466278610226
1675934466309257049
1675934466363690955
1675934466403617569
1675934466438331892
1675934466498241423
1675934466538549288
1675934466577958194
1675934466638779809
1675934466678625538
1675934466698398559
1675934466738182882
1675934466778613298
1675934466838595277
1675934466878807152
1675934466938317413
1675934466978287152
1675934467018684392
1675934467059988350
1675934467099928923
1675934467158012673
1675934467198625225
1675934467238323871
1675934467277967204
1675934467327672725
1675934467361332413
1675934467397927934
1675934467438041527
1675934467497977881
1675934467538382673
1675934467581567308
1675934467637915850
1675934467678509704
1675934467718211058
1675934467743478715
1675934467803373871
1675934467843776788
1675934467878199704
1675934467938046840
1675934467978298871
1675934468016553194
1675934468078249548
1675934468118224600
1675934468138125746
1675934468178845589
1675934468218940329
1675934468258312308
1675934468318589808
1675934468377954027
1675934468418671631
1675934468458348194
1675934468500224964
1675934468539822725
1675934468577974808
1675934468638241318
1675934468677925902
1675934468701026787
1675934468761343141
1675934468804817516
1675934468841193975
1675934468901187152
1675934468941184287
1675934468981183193
1675934469025451006
1675934469061554860
1675934469112414704
1675934469161728402
1675934469181877881
1675934469241635277
1675934469281074027
1675934469321592881
1675934469380916058
1675934469421112568
1675934469448431787
1675934469488417099
1675934469561505016
1675934469581384495
1675934469621545485
1675934469681151110
1675934469721158037
1675934469768013401
1675934469810955224
1675934469860832412
1675934469900867203
1675934469943492568
1675934469983268922
1675934470020701422
1675934470080778662
1675934470111236891
1675934470144559130
1675934470201783766
1675934470241018610
1675934470281291578
1675934470340881474
1675934470380712620
1675934470421142984
1675934470460717672
1675934470497807099
1675934470541868661
1675934470586836943
1675934470622571005
1675934470680703714
1675934470721559339
1675934470760720172
1675934470821154130
1675934470861555016
1675934470881446526
1675934470928516630
1675934470968802724
1675934471021446578
1675934471061005432
1675934471121193193
1675934471160968557
1675934471201291578
1675934471250061942
1675934471290184182
1675934471340967672
1675934471381269130
1675934471424149859
1675934471461017463
1675934471504352359
1675934471544956890
1675934471584281265
1675934471641181317
1675934471681639026
1675934471720709338
1675934471771777151
1675934471800742828
1675934471860677776
1675934471900446213
1675934471926262984
1675934471981178244
1675934472021119494
1675934472060699390
1675934472121040484
1675934472160716213
1675934472181023244
1675934472260873609
1675934472300846421
1675934472320988036
1675934472360998765
1675934472420760952
1675934472460900900
1675934472501688557
1675934472560709702
1675934472600890171
1675934472640951109
1675934472681132827
1675934472729871942
1675934472769487619
1675934472821011161
1675934472860670223
1675934472890626317
1675934472944503869
1675934472981093869
1675934473020940483
1675934473080770171
1675934473121049546
1675934473160932931
1675934473200750067
1675934473241019806
1675934473286194338
1675934473341019806
1675934473366963244
1675934473421148140
1675934473461510171
1675934473501575744
1675934473560771421
1675934473601927514
1675934473621245223
1675934473660917410
1675934473740825900
1675934473761288296
1675934473801151160
1675934473861052619
1675934473901286108
1675934473942057358
1675934473983295275
1675934474040531316
1675934474081260118
1675934474121521941
1675934474161494546
1675934474200886681
1675934474260926733
1675934474284857827
1675934474320926733
1675934474385087514
1675934474421224389
1675934474461097358
1675934474521173295
1675934474541160900
1675934474601107879
1675934474640742722
1675934474661688920
1675934474721631629
1675934474761823035
1675934474801537514
1675934474861680691
1675934474900853556
1675934474941208087
1675934475000894858
1675934475041086681
1675934475061476056
1675934475101793868
1675934475161361160
1675934475201247826
1675934475248416941
1675934475301080899
1675934475341193295
1675934475380658503
1675934475423794649
1675934475463214753
1675934475521275691
1675934475560947097
1675934475600910951
1675934475641059076
1675934475691251837
1675934475725272774
1675934475761239857
1675934475821038503
1675934475860978243
1675934475901079753
1675934475945346732
1675934475981210014
1675934476041219701
1675934476080864545
1675934476101443711
1675934476161026159
1675934476201738711
1675934476241291055
1675934476301434649
1675934476341057513
1675934476368112045
1675934476420961420
1675934476460825013
1675934476502206940
1675934476560940430
1675934476601073295
1675934476641278763
1675934476689322461
1675934476741059076
1675934476781466680
1675934476820713034
1675934476863992565
1675934476903991732
1675934476941166315
1675934477001071367
1675934477041061576
1675934477065658242
1675934477121107930
1675934477165398503
1675934477201066159
1675934477261129492
1675934477281140534
1675934477341058034
1675934477380807201
1675934477421298086
1675934477461708346
1675934477507141888
1675934477541232565
1675934477601730638
1675934477641550690
1675934477681393034
1675934477741075794
1675934477781042930
1675934477808611002
1675934477848588034
1675934477901066107
1675934477940947669
1675934478001460846
1675934478041460742
1675934478080575586
1675934478121305690
1675934478170424700
1675934478221794544
1675934478261013867
1675934478304340638
1675934478343919700
1675934478381404596
1675934478440805429
1675934478474698190
1675934478505479388
1675934478561062929
1675934478600824752
1675934478641608971
1675934478700508294
1675934478721240065
1675934478780773138
1675934478820887356
1675934478847322200
1675934478901588242
1675934478941860429
1675934478981630377
1675934479040861471
1675934479081131731
1675934479120783137
1675934479168128919
1675934479201736158
1675934479241047304
1675934479302160637
1675934479341889231
1675934479381127877
1675934479420964491
1675934479480969023
1675934479520787981
1675934479560904075
1675934479601263658
1675934479651123033
1675934479700672512
1675934479740997929
1675934479784466627
1675934479820582512
1675934479864868658
1675934479901834387
1675934479945773710
1675934480001906262
1675934480021268345
1675934480080776002
1675934480125964335
1675934480161428814
1675934480201677408
1675934480242157095
1675934480287574752
1675934480341345272
1675934480381657981
1675934480420871054
1675934480481318658
1675934480520907147
1675934480541921106
1675934480608494647
1675934480642652199
1675934480681039908
1675934480741126678
1675934480780784074
1675934480821378918
1675934480862764335
1675934480920765949
1675934480961030585
1675934481001310533
1675934481041108241
1675934481080975845
1675934481130826835
1675934481181138918
1675934481221614335
1675934481251929959
1675934481305214334
1675934481341062564
1675934481380980168
1675934481440779022
1675934481460740116
1675934481501611314
1675934481560970324
1675934481601360532
1675934481641099230
1675934481681597876
1675934481721605324
1675934481781425636
1675934481820763188
1675934481860626157
1675934481921332043
1675934481948459959
1675934481982142147
1675934482041126678
1675934482082121782
1675934482120957615
1675934482181816782
1675934482220852303
1675934482261295376
1675934482303101157
1675934482344191782
1675934482400725167
1675934482441187199
1675934482481553136
1675934482521697667
1675934482570607251
1675934482620720428
1675934482645006730
1675934482680894959
1675934482741721209
1675934482766009542
1675934482820940636
1675934482861283657
1675934482900763396
1675934482941508188
1675934483000934907
1675934483021489125
1675934483081360948
1675934483121487094
1675934483161462511
1675934483220778084
1675934483260720844
1675934483301380271
1675934483341025480
1675934483388799125
1675934483422137355
1675934483481206677
1675934483521651625
1675934483561030948
1675934483609181729
1675934483661252927
1675934483700747354
1675934483743348396
1675934483784436209
1675934483821507250
1675934483861150323
1675934483920681521
1675934483961271261
1675934484000939646
1675934484041403396
1675934484101390010
1675934484121353760
1675934484180617615
1675934484205968865
1675934484246542719
1675934484300647979
1675934484340817562
1675934484381364281
1675934484420816573
1675934484461271417
1675934484521226000
1675934484561222354
1675934484600787562
1675934484661239594
1675934484701160219
1675934484735807354
1675934484780939281
1675934484821272979
1675934484862905479
1675934484921131521
1675934484960964541
1675934485000671989
1675934485041257823
1675934485101196208
1675934485140940896
1675934485181228864
1675934485224701312
1675934485264887510
1675934485300682562
1675934485360956625
1675934485400883760
1675934485425483604
1675934485481617927
1675934485512638812
1675934485560959645
1675934485605899125
1675934485641293031
1675934485686381208
1675934485740910531
1675934485781330687
1675934485821391104
1675934485861464749
1675934485901436833
1675934485961029489
1675934486001060739
1675934486040944020
1675934486101054541
1675934486122144020
1675934486169045583
1675934486222679593
1675934486260852614
1675934486301177458
1675934486360938135
1675934486401472405
1675934486441063083
1675934486480938603
1675934486530530010
1675934486580886832
1675934486621288864
1675934486661588030
1675934486704967822
1675934486740692405
1675934486784821832
1675934486841268707
1675934486867016416
1675934486920493759
1675934486941865739
1675934486993760947
1675934487040609905
1675934487080997353
1675934487121327249
1675934487167502613
1675934487208098968
1675934487261883863
1675934487301656572
1675934487343155634
1675934487401602249
1675934487440904124
1675934487481148186
1675934487529849905
1675934487562608655
1675934487600754592
1675934487662665895
1675934487701463915
1675934487741415426
1675934487784322249
1675934487841384540
1675934487881718915
1675934487921565530
1675934487961367040
1675934488011990374
1675934488061744853
1675934488101135217
1675934488140610530
1675934488181687405
1675934488226073446
1675934488280471363
1675934488306471988
1675934488361935894
1675934488380777509
1675934488421730321
1675934488492816103
1675934488521356311
1675934488561473655
1675934488601923238
1675934488650024019
1675934488701877717
1675934488741484175
1675934488781702613
1675934488841651675
1675934488881611467
1675934488903000165
1675934488969534904
1675934489003325217
1675934489040785582
1675934489101356884
1675934489140974904
1675934489180808290
1675934489223053915
1675934489280740425
1675934489320709852
1675934489360888550
1675934489401955217
1675934489441877613
1675934489480596623
1675934489521713290
1675934489581691467
1675934489600739175
1675934489661245946
1675934489687326571
1675934489761329227
1675934489782387665
1675934489821651831
1675934489861441831
1675934489901619487
1675934489961384331
1675934490001814956
1675934490041311154
1675934490081715164
1675934490142127352
1675934490181782092
1675934490221516675
1675934490281371414
1675934490309005321
1675934490343373550
1675934490402072560
1675934490443248341
1675934490481453966
1675934490541722612
1675934490581237300
1675934490621607091
1675934490664058810
1675934490705590008
1675934490760741362
1675934490801543654
1675934490841276675
1675934490880879227
1675934490921417664
1675934490972295372
1675934491020454800
1675934491041107768
1675934491101280737
1675934491126678549
1675934491166873549
1675934491221575529
1675934491261128445
1675934491301125164
1675934491341166101
1675934491380717039
1675934491441203497
1675934491481306883
1675934491522238706
1675934491580539435
1675934491621747612
1675934491661327508
1675934491702725476
1675934491740627768
1675934491784490268
1675934491827253080
1675934491881238914
1675934491921089799
1675934491969687351
1675934492020810945
1675934492060920424
1675934492104245789
1675934492145071518
1675934492184807872
1675934492240646674
1675934492260800737
1675934492321198132
1675934492360742924
1675934492401193705
1675934492460806570
1675934492501066049
1675934492520779070
1675934492566902664
1675934492607076466
1675934492647336778
1675934492701023913
1675934492741480841
1675934492781414174
1675934492821549226
1675934492881013236
1675934492928451674
1675934492968839278
1675934493020950893
1675934493060718497
1675934493089286517
1675934493142954851
1675934493182570528
1675934493223017090
1675934493270026309
1675934493320521153
1675934493362100528
1675934493410241257
1675934493461107663
1675934493500562715
1675934493540679069
1675934493585184174
1675934493625840007
1675934493661683340
1675934493701119590
1675934493760952663
1675934493786710111
1675934493840913653
1675934493861633496
1675934493941602507
1675934493961597819
1675934494001160580
1675934494048630684
1675934494087425788
1675934494141648861
1675934494181611413
1675934494221250371
1675934494262321673
1675934494321391725
1675934494361672038
1675934494401171777
1675934494461040423
1675934494484612142
1675934494529825163
1675934494570294434
1675934494621197975
1675934494661640944
1675934494720914642
1675934494761293861
1675934494800773496
1675934494841016673
1675934494892778861
1675934494941446465
1675934494980594433
1675934495001630371
1675934495061610215
1675934495100740163
1675934495141101517
1675934495201517558
1675934495240587767
1675934495261529642
1675934495301054069
1675934495353604017
1675934495401982767
1675934495440755892
1675934495482253131
1675934495527240735
1675934495569225996
1675934495622051100
1675934495660915891
1675934495721565579
1675934495761459641
1675934495801316777
1675934495841044850
1675934495889893287
1675934495923386412
1675934495961938756
1675934496021357871
1675934496061130631
1675934496100846673
1675934496144170370
1675934496201311204
1675934496240757975
1675934496280718391
1675934496321722766
1675934496371790683
1675934496421741360
1675934496440974537
1675934496500658600
1675934496540511516
1675934496580991881
1675934496641516047
1675934496681111152
1675934496701445683
1675934496740954589
1675934496781575474
1675934496834459797
1675934496880946724
1675934496941385995
1675934496980936516
1675934497020474328
1675934497062860162
1675934497102765839
1675934497141751828
1675934497200767974
1675934497240655162
1675934497263170683
1675934497321609016
1675934497364009641
1675934497400589224
1675934497461013182
1675934497500762610
1675934497541500474
1675934497584931620
1675934497641379068
1675934497680876464
1675934497721520057
1675934497741461932
1675934497801487141
1675934497846101359
1675934497880940370
1675934497941449120
1675934497981245214
1675934498007168495
1675934498046605161
1675934498121793495
1675934498141426828
1675934498181906151
1675934498221035526
1675934498261247088
1675934498320359953
1675934498369166411
1675934498420524745
1675934498460653911
1675934498502810109
1675934498542105838
1675934498580897401
1675934498640981151
1675934498669776099
1675934498703954536
1675934498760837974
1675934498800925317
1675934498850317505
1675934498881146724
1675934498940696463
1675934498980637713
1675934499024624432
1675934499065338651
1675934499120539119
1675934499160689484
1675934499181089640
1675934499241085838
1675934499281028234
1675934499320696046
1675934499380781515
1675934499420862140
1675934499441110317
1675934499486921046
1675934499527294275
1675934499581020942
1675934499620438130
1675934499681131671
1675934499720999536
1675934499760689171
1675934499810404588
1675934499849557348
1675934499900900994
1675934499941793025
1675934499983783702
1675934500020682140
1675934500063512921
1675934500101275265
1675934500144029536
1675934500200828338
1675934500241311515
1675934500281538129
1675934500330944640
1675934500381794067
1675934500420890213
1675934500464365629
1675934500497825994
1675934500541054900
1675934500581152660
1675934500625802817
1675934500681128077
1675934500720477192
1675934500742114379
1675934500821596931
1675934500860935629
1675934500881515890
1675934500921321775
1675934500968665681
1675934501008952973
1675934501061117192
1675934501120665681
1675934501160673181
1675934501201264639
1675934501241282712
1675934501290148129
1675934501328603702
1675934501381550785
1675934501420878129
1675934501450315160
1675934501503886358
1675934501541137660
1675934501581424900
1675934501641242348
1675934501681114223
1675934501721060316
1675934501770865368
1675934501820872504
1675934501861280785
1675934501900673077
1675934501926264847
1675934501981143337
1675934502021347816
1675934502060466670
1675934502120594014
1675934502161219222
1675934502181796202
1675934502220568806
1675934502301106097
1675934502321036826
1675934502360737504
1675934502421379066
1675934502461282972
1675934502501623337
1675934502542107556
1675934502601479431
1675934502640917764
1675934502681095941
1675934502720877608
1675934502770564795
1675934502821438493
1675934502843627972
1675934502880755055
1675934502943899014
1675934502981428493
1675934503020793545
1675934503080119899
1675934503120399587
1675934503160968441
1675934503201320107
1675934503233394170
1675934503286352764
1675934503326844066
1675934503362070993
1675934503421377503
1675934503460840732
1675934503500972920
1675934503561294899
1675934503601125003
1675934503621811618
1675934503661489586
1675934503701320159
1675934503761178232
1675934503801445836
1675934503860553545
1675934503900740420
1675934503942193545
1675934503983547138
1675934504023085940
1675934504081701617
1675934504120215992
1675934504161113909
1675934504201337347
1675934504250673492
1675934504284070263
1675934504321841357
1675934504380389274
1675934504420651669
1675934504461388336
1675934504504735003
1675934504540988909
1675934504600775315
1675934504641019586
1675934504661160576
1675934504721294221
1675934504760585836
1675934504800268857
1675934504860573492
1675934504900446721
1675934504926956825
1675934505000320471
1675934505040982711
1675934505060692607
1675934505101007346
1675934505160736461
1675934505200677190
1675934505240725992
1675934505301211565
1675934505340833909
1675934505381029117
1675934505422539117
1675934505462816877
1675934505500906773
1675934505561183492
1675934505600206929
1675934505623546617
1675934505680755784
1675934505724139065
1675934505767146356
1675934505800507554
1675934505861014742
1675934505904309013
1675934505940507919
1675934505980362815
1675934506032033075
1675934506080860731
1675934506106023231
1675934506160681929
1675934506200758804
1675934506240937658
1675934506301095106
1675934506341347398
1675934506368323752
1675934506408354846
1675934506481173648
1675934506500639898
1675934506541724742
1675934506600849221
1675934506641160783
1675934506681060731
1675934506730323127
1675934506780919064
1675934506820992398
1675934506864512762
1675934506903172137
1675934506941356512
1675934507000477346
1675934507034233804
1675934507065387345
1675934507120606408
1675934507161125783
1675934507200934168
1675934507260881720
1675934507281324585
1675934507341170262
1675934507381238439
1675934507407481304
1675934507460895002
1675934507506541408
1675934507541520679
1675934507600252033
1675934507641320158
1675934507681350366
1675934507741323387
1675934507780774845
1675934507800760991
1675934507848606043
1675934507900546460
1675934507941335262
1675934507981632033
1675934508040436824
1675934508081330001
1675934508121616512
1675934508169039689
1675934508210201512
1675934508261221251
1675934508301001772
1675934508344345314
1675934508381308074
1675934508423867762
1675934508461690105
1675934508505102918
1675934508560219897
1675934508601369584
1675934508640802762
1675934508692311459
1675934508720952657
1675934508781303699
1675934508820786824
1675934508859435834
1675934508901597189
1675934508941469272
1675934508980632553
1675934509040166772
1675934509081046980
1675934509101637136
1675934509180292970
1675934509221546147
1675934509240787918
1675934509280559636
1675934509340346928
1675934509382171772
1675934509420706720
1675934509480786980
1675934509520116824
1675934509560431042
1675934509600575574
1675934509644221355
1675934509683956251
1675934509740839480
1675934509781324011
1675934509811197917
1675934509864761615
1675934509903835938
1675934509941064324
1675934509991758178
1675934510021659324
1675934510080547188
1675934510120463178
1675934510160612917
1675934510201564219
1675934510240862344
1675934510286897709
1675934510341112188
1675934510381305105
1675934510420915313
1675934510480455209
1675934510520850313
1675934510540650834
1675934510581520365
1675934510641230782
1675934510680985886
1675934510740888073
1675934510780171042
1675934510821363698
1675934510860251927
1675934510902881563
1675934510960541094
1675934511000614636
1675934511041439844
1675934511080921563
1675934511130052448
1675934511180209636
1675934511204049167
1675934511240632552
1675934511304686302
1675934511340451146
1675934511380269896
1675934511440421823
1675934511460935625
1675934511520552656
1675934511560579583
1675934511580769635
1675934511641141823
1675934511681311250
1675934511720866927
1675934511780745521
1675934511820825781
1675934511860483333
1675934511920608281
1675934511960883385
1675934511981423594
1675934512021121042
1675934512080336458
1675934512120475573
1675934512168080885
1675934512220491198
1675934512260934791
1675934512301928958
1675934512343525729
1675934512383864010
1675934512440343958
1675934512480520729
1675934512520155052
1675934512560825052
1675934512610611718
1675934512644598020
1675934512680434427
1675934512740710416
1675934512765411250
1675934512821238072
1675934512861026614
1675934512900740885
1675934512941603489
1675934512987050885
1675934513020891302
1675934513080414270
1675934513120602395
1675934513160240624
1675934513221006301
1675934513260485885
1675934513287869166
1675934513340824635
1675934513381108124
1675934513422263385
1675934513480281041
1675934513520532708
1675934513560331978
1675934513609073645
1675934513661250937
1675934513700944114
1675934513740933228
1675934513784634947
1675934513823943124
1675934513860395624
1675934513920395520
1675934513960009062
1675934513984832030
1675934514041050937
1675934514085105259
1675934514131658801
1675934514161124739
1675934514200394478
1675934514261492499
1675934514300197707
1675934514340350468
1675934514381432707
1675934514427217239
1675934514460869686
1675934514520533176
1675934514560722291
1675934514601313332
1675934514660713176
1675934514700810780
1675934514728743436
1675934514768359790
1675934514821047238
1675934514860787030
1675934514920818124
1675934514961468645
1675934515001236405
1675934515041415988
1675934515090078488
1675934515141231197
1675934515181226197
1675934515221878436
1675934515260627811
1675934515300785363
1675934515361648176
1675934515394760519
1675934515425418592
1675934515480436249
1675934515500827394
1675934515560460780
1675934515606244113
1675934515640825051
1675934515681524790
1675934515740898488
1675934515767439634
1675934515821165780
1675934515861331873
1675934515901160623
1675934515961346561
1675934516001247134
1675934516040890936
1675934516088799113
1675934516121933800
1675934516161135259
1675934516221730415
1675934516261375311
1675934516300405259
1675934516342680884
1675934516401170363
1675934516440248852
1675934516481217811
1675934516521606717
1675934516570292342
1675934516602188852
1675934516661077602
1675934516700529842
1675934516740972550
1675934516765575102
1675934516820615571
1675934516866310623
1675934516920720675
1675934516940556040
1675934517001188331
1675934517046511352
1675934517080616508
1675934517121393540
1675934517161428175
1675934517207317602
1675934517260680675
1675934517301408435
1675934517340494373
1675934517401158383
1675934517440605050
1675934517462023644
1675934517529091091
1675934517562007498
1675934517600099216
1675934517660247341
1675934517700763591
1675934517740795050
1675934517782474112
1675934517840575831
1675934517880247498
1675934517920682341
1675934517961224477
1675934518000704425
1675934518050635623
1675934518100761820
1675934518141382185
1675934518172092081
1675934518220786560
1675934518244898539
1675934518300598070
1675934518352662706
1675934518380833122
1675934518421139372
1675934518480176247
1675934518520495258
1675934518560690570
1675934518601083435
1675934518640802185
1675934518700870154
1675934518740813070
1675934518780702914
1675934518840127289
1675934518868228487
1675934518901836508
1675934518960559476
1675934519002346924
1675934519041456195
1675934519101022028
1675934519141213174
1675934519183074945
1675934519220780205
1675934519265015518
1675934519320593695
1675934519360265257
1675934519401463435
1675934519440622966
1675934519481106143
1675934519541353955
1675934519564614007
1675934519600660153
1675934519666215362
1675934519685699424
1675934519740983382
1675934519781027497
1675934519820925101
1675934519861814841
1675934519901356351
1675934519941556455
1675934520001034007
1675934520040501247
1675934520081410934
1675934520140790101
1675934520180512393
1675934520221020257
1675934520262460622
1675934520309445465
1675934520342662549
1675934520401040674
1675934520441074059
1675934520479886038
1675934520527491195
1675934520580624997
1675934520621045049
1675934520663241872
1675934520705274892
1675934520744393069
1675934520780925517
1675934520841170934
1675934520880901819
1675934520920791871
1675934520960215621
1675934521021122965
1675934521040339580
1675934521100754840
1675934521126091923
1675934521166011246
1675934521221495569
1675934521260632913
1675934521301812288
1675934521340869371
1675934521381102392
1675934521441306767
1675934521481831142
1675934521521186246
1675934521580241402
1675934521620847392
1675934521649008798
1675934521702066923
1675934521740778173
1675934521782762965
1675934521841120829
1675934521881005204
1675934521921122548
1675934521969341559
1675934522021119059
1675934522060661975
1675934522100325413
1675934522144772183
1675934522184262392
1675934522220271506
1675934522280908746
1675934522320638381
1675934522345551610
1675934522400287235
1675934522432485985
1675934522501174944
1675934522521258225
1675934522561173902
1675934522608109996
1675934522647619840
1675934522701170360
1675934522741252131
1675934522781864110
1675934522821960777
1675934522880580881
1675934522920509944
1675934522960420933
1675934523020501714
1675934523042251714
1675934523089666246
1675934523142932496
1675934523180262339
1675934523220812548
1675934523281148329
1675934523320108329
1675934523361695204
1675934523400813798
1675934523451052287
1675934523501162183
1675934523540498537
1675934523580425725
1675934523624582912
1675934523660548954
1675934523700768225
1675934523760847443
1675934523786199631
1675934523840785047
1675934523860411089
1675934523920346193
1675934523965784474
1675934524001129162
1675934524040612391
1675934524086733433
1675934524128455099
1675934524181027547
1675934524221035672
1675934524261267026
1675934524320577235
1675934524360496506
1675934524400564787
1675934524449006766
1675934524482595464
1675934524520345099
1675934524582932391
1675934524620606505
1675934524660338589
1675934524702553276
1675934524760711037
1675934524800287078
1675934524840107703
1675934524880615932
1675934524931401141
1675934524980107443
1675934525000262026
1675934525060691401
1675934525100160880
1675934525140510151
1675934525200850464
1675934525239713745
1675934525260957651
1675934525300623172
1675934525340354161
1675934525392674526
1675934525440709891
1675934525480724943
1675934525520859057
1675934525568421922
1675934525620865047
1675934525661339318
1675934525700410515
1675934525760656401
1675934525800620932
1675934525821724317
1675934525880249161
1675934525922838380
1675934525960714526
1675934526020250828
1675934526060404942
1675934526100254213
1675934526143015099
1675934526200866661
1675934526240254890
1675934526280294682
1675934526320113015
1675934526360303328
1675934526410676869
1675934526440001661
1675934526500230255
1675934526519983848
1675934526585822130
1675934526605596244
1675934526680740619
1675934526700794213
1675934526740708171
1675934526780712338
1675934526820710150
1675934526880555775
1675934526920721557
1675934526960345567
1675934527000916036
1675934527062023536
1675934527101482807
1675934527140837234
1675934527201001973
1675934527229290775
1675934527264138275
1675934527301078327
1675934527362738640
1675934527400244265
1675934527460239317
1675934527500063327
1675934527540252338
1675934527583810827
1675934527624393171
1675934527679988848
1675934527720086348
1675934527740618119
1675934527800516817
1675934527840127181
1675934527880548431
1675934527940474681
1675934527980827442
1675934528000531035
1675934528046358587
1675934528086699317
1675934528140410358
1675934528180211608
1675934528220631556
1675934528260899264
1675934528301167025
1675934528368236296
1675934528401664056
1675934528441167025
1675934528500953483
1675934528541495202
1675934528579990931
1675934528622481921
1675934528660897025
1675934528702780514
1675934528760241087
1675934528800189056
1675934528840243171
1675934528889891348
1675934528940370827
1675934528980328900
1675934529023497754
1675934529064932962
1675934529105351191
1675934529160251868
1675934529180365150
1675934529240234941
1675934529279938535
1675934529320220410
1675934529380449316
1675934529420052233
1675934529440195358
1675934529486505670
1675934529526862337
1675934529567009316
1675934529620637181
1675934529660379264
1675934529700185879
1675934529741363691
1675934529800421139
1675934529848346191
1675934529887861868
1675934529940071556
1675934529980423795
1675934530009325826
1675934530062952805
1675934530100972076
1675934530140252910
1675934530200037962
1675934530240550618
1675934530280340826
1675934530329750514
1675934530380339160
1675934530419986243
1675934530460370149
1675934530485070878
1675934530540600462
1675934530582472753
1675934530619924003
1675934530680378899
1675934530720791243
1675934530740412545
1675934530780584576
1675934530859798743
1675934530880368951
1675934530920165982
1675934530967319003
1675934531007348170
1675934531060633795
1675934531101208065
1675934531160720149
1675934531200326451
1675934531240458690
1675934531280174420
1675934531320683222
1675934531380528013
1675934531403048534
1675934531439904367
1675934531503065878
1675934531540147857
1675934531580398117
1675934531639653222
1675934531680072440
1675934531719976607
1675934531760053430
1675934531811439576
1675934531870594003
1675934531899802284
1675934531920084315
1675934531979838898
1675934532022746607
1675934532059801398
1675934532119596555
