1675934377040835624,151.9614,-8.938248,-57.676086
1675934377241122499,152.1323,-8.970673,-58.03009
1675934377441832551,152.19943,-9.284622,-58.514175
1675934377641821353,152.17921,-8.671982,-57.91794
1675934377842073332,151.8069,-8.347733,-56.913147
1675934378041412916,151.99,-7.876236,-56.020508
1675934378241540884,150.1868,-6.292755,-51.963196
1675934378449706509,148.3382,-6.52507,-45.55031
1675934378647071040,145.38676,-7.902939,-38.281784
1675934378847435051,141.45152,-9.296066,-32.79396
1675934379043330623,140.74428,-8.507568,-36.078796
1675934379246217915,141.30962,-5.6824036,-43.227158
1675934379447530675,143.82579,-4.2682953,-43.398056
1675934379645005884,148.12457,-3.2558746,-39.766464
1675934379846083592,150.73154,-3.913147,-27.514038
1675934380045145259,149.66037,-2.066452,-23.922882
1675934380240987550,137.89165,6.599777,-24.601517
1675934380441723748,128.56357,17.51744,-22.849045
1675934380642651925,121.42322,27.145737,-23.055038
1675934380842110935,118.64993,32.084244,-14.159164
1675934381042329112,129.57294,31.267136,-8.3558655
1675934381242770831,139.39311,24.516647,-1.9281006
1675934381443096143,139.44614,10.266083,6.852188
1675934381644539945,133.68747,-5.490906,10.77713
1675934381846381508,123.58348,-19.036133,10.016861
1675934382043933695,111.100266,-26.882202,0.59799194
1675934382242726872,106.440994,-25.25447,-14.434586
1675934382443976039,107.048294,-20.264847,-25.703583
1675934382643088174,108.85951,-15.879089,-32.31331
1675934382843126716,112.161896,-13.163025,-33.859406
1675934383043993434,116.311905,-12.138397,-31.360779
1675934383243096403,118.48056,-11.097748,-26.776276
1675934383444588018,118.69838,-9.877808,-22.651062
1675934383645013643,117.02373,-8.742172,-22.421417
1675934383843066976,114.62581,-7.837326,-24.494324
1675934384041869007,111.67018,-7.268936,-28.312454
1675934384243423330,109.39128,-6.4579315,-33.283386
1675934384442748330,107.77347,-5.5866547,-36.268387
1675934384643217340,107.115814,-4.924423,-38.364563
1675934384844218538,108.61194,-4.6394653,-40.05829
1675934385045687392,111.743805,-5.3963013,-40.569458
1675934385243236350,115.37158,-6.0615845,-40.46837
1675934385443262809,118.77048,-6.7161865,-40.236435
1675934385644596402,121.58382,-7.2586365,-39.984283
1675934385845681975,123.47438,-7.514221,-39.39453
1675934386045726662,124.991104,-7.596237,-39.120636
1675934386244891662,125.824615,-7.6622314,-38.751755
1675934386444133694,126.660416,-7.6355286,-38.43857
1675934386644556610,127.44624,-7.462723,-39.053116
1675934386846294579,127.8876,-7.3570557,-39.518127
1675934387044532860,128.78482,-7.2552032,-39.94728
1675934387244236350,129.15027,-7.1514435,-40.226517
1675934387445451089,129.1186,-6.9866486,-40.524063
1675934387643149006,129.17621,-6.9664307,-40.524063
1675934387844752287,128.72226,-6.944687,-41.042862
1675934388043167755,128.03104,-6.633789,-41.783295
1675934388243032287,127.428696,-6.4861603,-42.04155
1675934388444822234,126.83551,-6.61586,-42.11479
1675934388644304266,126.2099,-6.580002,-42.224655
1675934388844130984,125.86467,-6.6837616,-42.372665
1675934389043967599,125.803635,-6.797058,-42.390976
1675934389242717078,125.71895,-6.5227814,-42.96585
1675934389444403120,126.32205,-6.114609,-43.338165
1675934389645379838,127.098724,-6.182892,-43.20999
1675934389844610359,127.71365,-5.9593506,-43.24852
1675934390044404734,128.46706,-6.157715,-43.102417
1675934390241214890,129.00607,-6.4930267,-42.732773
1675934390443381765,129.38602,-6.4995117,-42.715607
1675934390644424682,129.78198,-6.5796204,-42.419586
1675934390841792702,129.97958,-6.332428,-42.252502
1675934391045825879,130.18176,-6.5105743,-41.80771
1675934391243787963,130.46939,-6.427414,-41.715393
1675934391448186088,130.60062,-6.497986,-42.03163
1675934391644824942,130.95844,-6.597931,-41.99539
1675934391843009473,130.96759,-6.3759155,-42.60765
1675934392044999785,130.74023,-6.3457794,-42.606888
1675934392243318483,130.70361,-6.2904663,-42.30934
1675934392443673223,130.64906,-6.199295,-42.253265
1675934392645503431,130.68492,-6.2534637,-41.974792
1675934392844324577,130.96797,-6.300003,-41.80847
1675934393044552024,131.17816,-6.2565155,-41.77185
1675934393243245618,131.51958,-6.301529,-41.809998
1675934393442595826,131.78737,-6.237442,-41.71768
1675934393642064264,131.79233,-6.0890503,-41.679916
1675934393842088639,131.75418,-6.089813,-41.586838
1675934394041964889,131.56154,-6.15123,-41.474686
1675934394241762961,131.54437,-6.096298,-41.493378
1675934394442502909,131.78737,-6.217987,-41.45752
1675934394643118534,131.99222,-6.3415833,-41.4209
1675934394842553170,132.23865,-6.314499,-41.05049
1675934395042478951,132.42633,-6.3637085,-40.9021
1675934395241606815,132.59189,-6.507141,-40.791473
1675934395443306242,132.87265,-6.628067,-40.606842
1675934395642535773,132.86769,-6.7959137,-40.736923
1675934395844710252,132.69794,-6.7642517,-40.643845
1675934396043162388,132.5484,-6.6940613,-40.49431
1675934396242727388,132.32295,-6.6269226,-40.62401
1675934396444224471,132.36911,-6.3839264,-40.54962
1675934396642590617,132.34431,-6.533081,-40.456924
1675934396842979419,132.42404,-6.4384766,-40.587006
1675934397044869992,132.55756,-6.396515,-40.308533
1675934397243190096,132.47707,-6.528885,-40.382538
1675934397443846502,132.59074,-6.543762,-40.327606
1675934397645068533,132.66437,-6.5780945,-40.160904
1675934397842227335,132.81581,-6.5918274,-40.086517
1675934398045262647,133.10535,-6.4529724,-39.920197
1675934398243220824,133.60927,-6.140167,-39.8275
1675934398444052179,133.74202,-6.1363525,-39.772186
1675934398645304939,133.7405,-6.1737366,-39.587173
1675934398845566137,133.97052,-6.110794,-39.698944
1675934399045554783,133.93085,-6.148941,-39.51355
1675934399243222595,134.24785,-6.3232727,-39.161453
1675934399444812126,134.706,-6.272156,-39.44069
1675934399644148480,134.67815,-6.532318,-39.162598
1675934399844143741,134.85858,-6.8046875,-39.05197
1675934400042453011,134.80136,-6.8069763,-39.107666
1675934400243671292,134.69379,-6.587631,-38.82843
1675934400443864469,134.69188,-6.624634,-38.60565
1675934400645741292,134.52708,-6.463272,-38.920746
1675934400843647542,134.41379,-6.448395,-39.08783
1675934401043399990,134.2921,-6.6925354,-39.06952
1675934401243192438,134.22076,-6.5651245,-39.273605
1675934401444505771,134.09908,-6.810028,-39.23622
1675934401645549729,134.13303,-6.9385834,-39.23622
1675934401843427334,133.92322,-6.963379,-39.23584
1675934402044554729,133.84235,-7.151825,-39.70009
1675934402243417073,133.69357,-7.0457764,-39.73709
1675934402445071292,133.4582,-6.7196198,-39.90341
1675934402646328323,133.32278,-6.8176575,-40.218887
1675934402845247437,133.23505,-6.579239,-40.125427
1675934403043198739,133.37276,-6.4449615,-40.218124
1675934403243567021,133.372,-6.463272,-40.255127
1675934403444596239,133.00006,-6.2336273,-40.290985
1675934403644258635,132.78987,-6.258423,-40.12314
1675934403844387333,132.76813,-6.332428,-39.955673
1675934404044340041,132.69527,-6.223709,-40.02968
1675934404243748895,133.0939,-6.230194,-40.160522
1675934404444664312,133.21101,-6.1527557,-40.197906
1675934404643926082,133.09962,-6.0833282,-40.457687
1675934404844427332,133.17134,-6.2111206,-40.327606
1675934405044666447,133.33842,-6.317169,-40.0869
1675934405242905301,133.56044,-6.4579315,-39.753113
1675934405446178999,133.42578,-6.5170593,-39.71573
1675934405644531968,133.51657,-6.6437073,-39.512405
1675934405843899624,133.58066,-6.4182587,-39.494095
1675934406046207176,133.62148,-6.3614197,-39.67987
1675934406243876759,134.05635,-6.403763,-39.514313
1675934406443368790,134.13112,-6.456787,-39.5887
1675934406644626238,133.98044,-6.4255066,-39.829025
1675934406846214519,133.96327,-6.3709564,-39.940414
1675934407042881915,133.6993,-6.3232727,-39.958344
1675934407243405352,133.72295,-6.1931915,-40.16205
1675934407444126029,133.80649,-6.523926,-39.88434
1675934407644340300,133.57227,-6.697876,-39.754257
1675934407843505196,133.49559,-6.7184753,-39.679108
1675934408044402279,133.5303,-6.810028,-39.605484
1675934408243880508,133.44981,-6.9607086,-39.624176
1675934408443142435,133.53564,-6.6803284,-39.79088
1675934408645087227,133.51657,-6.700165,-40.1075
1675934408844807539,133.33003,-6.575424,-39.93927
1675934409044070404,133.30371,-6.2427826,-40.272675
1675934409243732018,133.34834,-6.6494293,-40.440903
1675934409445179570,133.17516,-6.6917725,-40.347443
1675934409643787331,132.94742,-6.699402,-40.53322
1675934409843040091,132.95123,-6.5693207,-40.43976
1675934410042855039,133.20071,-6.967575,-39.23355
1675934410243760872,134.0655,-7.773239,-37.99225
1675934410444837799,134.98218,-8.726532,-36.918793
1675934410643775872,135.71803,-9.981567,-35.790405
1675934410845591549,135.97896,-10.140259,-35.661087
1675934411044763320,135.69476,-9.575302,-36.384354
1675934411244661080,135.38234,-9.269745,-36.64299
1675934411444675351,135.15498,-8.683807,-37.031708
1675934411645049101,134.87766,-8.489639,-37.718353
1675934411842463580,134.85515,-8.582718,-37.45819
1675934412042794882,134.86087,-8.397324,-37.531815
1675934412242925819,134.80632,-8.324844,-37.60582
1675934412442980871,134.96158,-8.227188,-37.531433
1675934412642839257,135.29193,-7.99411,-37.513123
1675934412842666600,135.27286,-8.013565,-37.62451
1675934413042696340,134.85248,-7.5455017,-38.142548
1675934413242755090,134.26273,-7.008011,-38.604507
1675934413443197277,133.6623,-6.805069,-39.19693
1675934413643350194,133.31401,-6.464798,-39.901886
1675934413842940871,133.44676,-6.460602,-39.716873
1675934414043426183,133.92665,-6.3156433,-39.680634
1675934414243087850,134.04262,-6.2752075,-39.8851
1675934414442769152,133.91406,-6.1111755,-39.680252
1675934414643113631,134.14066,-6.1600037,-39.847717
1675934414843877901,133.85341,-6.2435455,-39.977417
1675934415043308839,133.88431,-6.446106,-39.662323
1675934415243287433,134.00027,-6.386978,-39.606247
1675934415443744620,133.6188,-6.4548798,-39.735565
1675934415643004724,133.58142,-6.41864,-39.586792
1675934415843287068,133.73859,-6.2469788,-39.66118
1675934416043395245,133.85379,-6.206543,-39.680252
1675934416243385557,133.72256,-6.1176605,-39.512405
1675934416443432745,133.7508,-6.413681,-39.587555
1675934416643219203,133.68823,-6.582672,-39.476547
1675934416843239047,133.67908,-6.898529,-39.7184
1675934417042872953,133.98769,-6.7772217,-39.70047
1675934417243258317,134.0163,-6.4789124,-39.533005
1675934417443875505,133.74126,-6.209976,-39.940414
1675934417643700609,133.83167,-5.74382,-39.754257
1675934417845081234,133.55586,-6.0493774,-39.90265
1675934418043390452,133.58485,-5.7522125,-40.124283
1675934418243231963,133.60355,-5.7514496,-39.9572
1675934418443651702,133.48224,-5.9959717,-40.08728
1675934418643751494,133.6642,-5.6564636,-40.10559
1675934418843718421,133.60774,-6.2141724,-39.995346
1675934419043618785,133.7527,-6.43161,-39.88472
1675934419243774462,133.67412,-6.489212,-39.624176
1675934419443569254,133.51733,-6.6429443,-39.605484
1675934419644304670,133.46088,-6.627304,-39.66118
1675934419843663108,133.38878,-6.499893,-39.753113
1675934420044142275,133.36856,-6.5571136,-40.106735
1675934420243837222,133.5406,-6.514389,-40.01442
1675934420443432066,133.67107,-6.5838165,-39.88472
1675934420643766076,133.78246,-6.6543884,-39.774094
1675934420843729253,133.95374,-6.6112823,-39.49524
1675934421043706337,133.8721,-6.7612,-39.14238
1675934421243774097,134.04834,-6.6074677,-39.29077
1675934421443754409,133.9339,-6.629593,-39.346085
1675934421643769097,133.87477,-6.7055054,-39.29077
1675934421843700295,133.9545,-6.5925903,-39.457855
1675934422043715711,133.72562,-6.6177673,-39.327393
1675934422243657013,133.74545,-6.580002,-39.141235
1675934422443759044,133.53526,-6.605179,-39.19655
1675934422643642065,133.3697,-6.4621277,-39.39987
1675934422843560971,133.40518,-6.53537,-39.400253
1675934423043792169,133.2011,-6.374771,-39.51126
1675934423243920138,133.28273,-6.2240906,-39.62227
1675934423443635086,133.25717,-6.410248,-39.62265
1675934423643979200,132.96115,-6.1786957,-39.78897
1675934423843868002,133.01112,-6.41864,-39.956818
1675934424043955294,133.17935,-6.506378,-39.920578
1675934424243611596,133.27472,-6.5033264,-39.846954
1675934424444133887,133.58905,-6.753189,-39.699326
1675934424643605450,133.70425,-6.712372,-39.53224
1675934424843938002,133.64513,-6.787903,-39.49524
1675934425043593939,133.77635,-6.8397827,-39.551315
1675934425244831700,133.60927,-6.752426,-39.792023
1675934425443773158,133.45668,-6.7566223,-39.810333
1675934425644437533,133.47499,-6.774933,-39.940414
1675934425843922689,133.46126,-6.626541,-40.014038
1675934426043936439,133.53183,-6.753952,-39.624557
1675934426244004928,133.71913,-6.8413086,-39.53186
1675934426444356439,133.61423,-6.5479584,-39.512024
1675934426643545293,133.6272,-6.7146606,-39.475403
1675934426843572168,133.63216,-6.5471954,-39.401016
1675934427043689043,133.39717,-6.202347,-39.660416
1675934427243809824,133.31096,-6.538803,-39.67949
1675934427443997063,133.17744,-6.56131,-39.512405
1675934427644064251,133.29646,-6.4277954,-39.623795
1675934427844128834,133.30333,-6.779892,-39.512787
1675934428044278730,133.45134,-6.8859406,-39.365158
1675934428244014980,133.6623,-6.823761,-39.457855
1675934428444147167,133.4727,-6.830246,-39.717636
1675934428644329250,133.74583,-6.618149,-39.810715
1675934428844050136,133.87172,-6.2435455,-39.866028
1675934429045108625,133.45935,-6.1088867,-40.16205
1675934429243895084,133.64093,-6.381256,-40.218506
1675934429444383938,133.59248,-6.678421,-39.79164
1675934429645521229,133.38,-6.777603,-39.642487
1675934429844234354,133.51886,-7.1621246,-39.457855
1675934430044366021,133.557,-7.16098,-39.458237
1675934430244428625,133.64093,-6.936676,-39.8481
1675934430444286906,133.65962,-6.9549866,-39.922485
1675934430644430708,133.94649,-6.8714447,-39.662704
1675934430844167687,133.85951,-6.6334076,-39.866028
1675934431044190499,133.81946,-6.6902466,-39.79164
1675934431244437166,134.15858,-6.7909546,-39.811096
1675934431444493781,134.06894,-6.645996,-40.070877
1675934431644412114,134.04414,-6.794388,-39.588318
1675934431844309874,134.02316,-6.8500824,-39.38423
1675934432044579301,133.67145,-6.5643616,-39.55017
1675934432244407009,133.54251,-6.4384766,-39.475784
1675934432444590343,133.5776,-6.530411,-39.624557
1675934432644406749,133.4296,-6.424362,-39.92096
1675934432846113207,133.46736,-6.4422913,-40.03273
1675934433046173259,133.59325,-6.642563,-40.070114
1675934433243997165,133.48224,-6.553299,-40.03235
1675934433444366540,133.7157,-6.3789673,-40.03311
1675934433644663155,133.84235,-6.5594025,-39.75502
1675934433844377842,133.57837,-6.5113373,-39.866028
1675934434044643363,133.33041,-6.5376587,-39.90303
1675934434244460707,133.17516,-6.6349335,-39.772568
1675934434444688779,133.25221,-6.5960236,-39.883957
1675934434644505602,133.372,-6.4255066,-39.864883
1675934434844685863,133.63826,-6.4171143,-39.902267
1675934435044823675,133.61613,-6.528885,-39.92134
1675934435244704404,133.25374,-6.5773315,-39.84619
1675934435444612633,133.32965,-6.594116,-39.90265
1675934435645041591,133.32965,-6.594116,-39.92134
1675934435844802373,133.29837,-6.372864,-39.790497
1675934436044767373,133.54556,-6.364853,-39.80995
1675934436244871904,133.54366,-6.4018555,-39.66118
1675934436444498310,133.61728,-6.4548798,-39.345703
1675934436644633258,133.55434,-6.6421814,-39.401398
1675934436845553883,133.40862,-6.461746,-39.381943
1675934437044802008,133.44066,-6.627304,-39.12216
1675934437244770185,133.22017,-6.412155,-39.362488
1675934437444837997,133.21864,-6.4678497,-39.38156
1675934437644407632,133.43799,-6.7016907,-39.29001
1675934437845208570,133.34758,-6.5750427,-39.605484
1675934438044771278,133.49864,-6.607086,-39.624557
1675934438244690288,133.55396,-6.661255,-39.735947
1675934438444807059,133.4418,-6.6089935,-39.735565
1675934438645192059,133.5776,-6.5113373,-39.54979
1675934438844904976,133.67107,-6.545288,-39.401398
1675934439044922111,133.84196,-6.539566,-39.25377
1675934439244904038,133.94344,-6.3888855,-39.66194
1675934439444737423,133.98006,-6.4247437,-39.64363
1675934439644990184,133.78207,-6.691391,-39.773712
1675934439844416798,133.55777,-6.5872498,-39.865265
1675934440044713256,133.32011,-6.8535156,-39.642105
1675934440245363308,133.2091,-6.783325,-39.753494
1675934440445711485,133.4048,-6.5910645,-39.642487
1675934440646102162,133.49864,-6.6253967,-39.735947
1675934440844830912,133.67526,-6.4529724,-39.64325
1675934441051064766,133.53564,-6.661255,-39.680252
1675934441245383829,133.40442,-6.6097565,-39.753876
1675934441444993100,133.4624,-6.5708466,-39.6978
1675934441645699766,133.42883,-6.423218,-39.642105
1675934441844823933,133.56387,-6.344635,-39.45633
1675934442044858568,133.75041,-6.4499207,-39.475403
1675934442246228829,133.76949,-6.449539,-39.512787
1675934442445076693,133.78131,-6.6910095,-39.587555
1675934442645823047,133.69167,-6.527359,-39.735947
1675934442845077474,133.66534,-6.176407,-39.753876
1675934443045625234,133.61232,-6.0478516,-39.735184
1675934443244626016,133.30867,-6.0203857,-39.71573
1675934443444949661,133.39946,-6.146652,-39.49295
1675934443646657891,133.23962,-6.3927,-39.60472
1675934443846338203,133.30142,-6.223709,-39.38118
1675934444044913047,133.67603,-6.378586,-39.21486
1675934444245499036,133.57951,-6.4190216,-39.214478
1675934444445955182,133.7363,-6.2469788,-38.9917
1675934444644877109,133.67946,-6.8420715,-38.863144
1675934444845984400,133.66534,-6.7127533,-39.085922
1675934445045179921,133.49216,-6.792099,-39.141617
1675934445245219661,133.54327,-6.994278,-39.216385
1675934445445556327,133.39069,-6.4434357,-39.60472
1675934445645667421,133.33842,-6.2969513,-39.58603
1675934445845173150,133.61995,-6.399185,-39.642487
1675934446044919348,133.47118,-6.292755,-39.623413
1675934446244897681,133.52191,-6.476242,-39.5681
1675934446445913723,133.44142,-6.627304,-39.772568
1675934446645470806,133.18011,-6.4873047,-39.827118
1675934446845330129,132.96687,-6.605179,-39.807663
1675934447045557785,133.01646,-6.8264313,-39.75273
1675934447245287629,133.24802,-6.688339,-39.39987
1675934447445162368,133.43532,-6.775696,-39.401016
1675934447646005024,133.49635,-6.6810913,-39.587555
1675934447846631222,133.71036,-6.5254517,-39.53186
1675934448045326795,133.38725,-6.536133,-39.642487
1675934448246736639,133.40671,-6.516678,-39.586792
1675934448446550753,133.38077,-6.7032166,-39.419327
1675934448648222732,133.2442,-6.818802,-39.43802
1675934448846092420,133.43646,-6.7566223,-39.401016
1675934449045360545,133.51733,-6.6063232,-39.512405
1675934449246184659,133.70616,-6.655533,-39.494476
1675934449445544503,133.61804,-6.4544983,-39.642105
1675934449646044815,133.59439,-6.6040344,-39.77295
1675934449846232992,133.70387,-6.74823,-39.718018
1675934450045405961,133.88164,-6.5204926,-39.73671
1675934450245777784,134.07123,-6.5513916,-39.793167
1675934450445523669,134.1109,-6.494171,-39.681015
1675934450646107471,133.9606,-6.4434357,-39.55017
1675934450845806013,133.75537,-6.33815,-39.475403
1675934451045765075,133.41434,-6.274826,-39.214096
1675934451245968773,133.44981,-6.329376,-39.158783
1675934451446212888,133.45439,-6.1996765,-39.307175
1675934451645737940,133.44753,-6.4228363,-39.455948
1675934451846169867,133.70807,-6.600601,-39.587555
1675934452045620387,133.65352,-6.546814,-39.754257
1675934452245922054,133.35101,-6.481964,-39.679108
1675934452445767575,133.54594,-6.308777,-39.493713
1675934452645578304,133.43188,-6.3312836,-39.753113
1675934452845221793,133.28159,-6.2809296,-39.660034
1675934453045327835,133.48643,-6.3858337,-39.530334
1675934453245855699,133.23657,-6.505234,-39.77104
1675934453445506949,133.11145,-6.2492676,-39.547882
1675934453646456897,133.29227,-6.5212555,-39.455948
1675934453845712678,133.35216,-6.4636536,-39.660797
1675934454045580959,133.52039,-6.5326996,-39.568863
1675934454245456741,133.8927,-6.7615814,-39.402924
1675934454446430647,133.8412,-6.6147156,-39.47693
1675934454646210334,133.837,-6.763489,-39.626083
1675934454845597105,133.67145,-6.601364,-39.476547
1675934455045945282,133.4872,-6.4213104,-39.56848
1675934455245433459,133.49063,-6.2916107,-39.4384
1675934455445453771,133.49216,-6.217224,-39.307938
1675934455645590542,133.58638,-6.2328644,-39.475403
1675934455845910282,133.58257,-6.3629456,-39.512405
1675934456046819969,133.62186,-6.324417,-39.605103
1675934456246289136,133.7382,-6.246216,-39.530716
1675934456445566167,133.59058,-6.1024017,-39.60434
1675934456645560386,133.53908,-5.9185333,-39.548264
1675934456845528094,133.30219,-6.1851807,-39.548264
1675934457045579865,133.16753,-6.2458344,-39.73404
1675934457245937260,133.2587,-6.372864,-39.60434
1675934457445876375,133.34529,-6.629593,-39.512405
1675934457645951739,133.54633,-6.327469,-39.67987
1675934457845994968,133.60545,-6.2694855,-39.587173
1675934458045899343,133.77025,-6.449539,-39.51355
1675934458245844656,133.81107,-6.3556976,-39.475784
1675934458445882052,133.86371,-6.48349,-39.512787
1675934458645627781,133.91559,-6.6486664,-39.587555
1675934458845618770,133.6108,-6.6772766,-39.531097
1675934459045751739,133.37161,-6.4441986,-39.772186
1675934459246183666,133.25832,-6.3923187,-39.660797
1675934459445476947,133.16219,-6.4140625,-39.549026
1675934459645778978,133.29837,-6.335861,-39.735184
1675934459845675280,133.53755,-6.5880127,-39.698563
1675934460045924811,133.59248,-6.6601105,-39.605484
1675934460245880072,133.72485,-6.6746063,-39.66156
1675934460445805801,133.76147,-6.691391,-39.606247
1675934460646163717,133.67183,-6.546051,-39.75502
1675934460846016634,133.7321,-6.4514465,-39.810715
1675934461046026478,133.67984,-6.3045807,-39.79164
1675934461245639915,133.69815,-6.322891,-39.75464
1675934461446295436,133.68976,-6.544525,-39.346085
1675934461646250384,133.58981,-6.6772766,-39.179382
1675934461846342988,133.62987,-6.6391296,-39.27208
1675934462046106113,133.62949,-6.65744,-39.29039
1675934462246319550,133.73058,-6.487686,-39.512787
1675934462446157988,133.54099,-6.4750977,-39.437637
1675934462645789185,133.28845,-6.6124268,-39.196167
1675934462846556685,133.41129,-6.3305206,-39.084396
1675934463046928664,133.29417,-6.408722,-39.066086
1675934463247434185,133.50398,-6.3831635,-39.048157
1675934463446233925,133.56693,-6.1954803,-39.10347
1675934463646330852,133.24,-6.335861,-39.325867
1675934463846407258,133.16295,-6.3751526,-39.14009
1675934464046119549,133.30066,-6.2412567,-39.325867
1675934464246141216,133.31859,-6.29657,-39.36287
1675934464446419601,133.77025,-6.412155,-39.215622
1675934464646693091,133.8412,-6.5773315,-39.439163
1675934464846499080,133.59439,-6.585724,-39.53148
1675934465046477882,133.73973,-6.766159,-39.27246
1675934465246395695,133.5326,-6.73526,-39.216385
1675934465446199757,133.3327,-6.4636536,-39.382324
1675934465646442830,133.557,-6.567795,-39.383087
1675934465845978195,133.57646,-6.567795,-39.642868
1675934466046166840,133.57379,-6.6421814,-39.66118
1675934466246101944,133.94496,-6.870682,-39.105377
1675934466446151632,133.71379,-6.970627,-38.900528
1675934466646149444,133.62529,-6.769211,-38.91884
1675934466846217465,133.66687,-6.656296,-38.91884
1675934467046457569,133.43036,-6.367523,-39.196167
1675934467246444757,133.4479,-6.403763,-39.307556
1675934467446507517,133.34987,-6.5182037,-39.418945
1675934467646457517,133.44409,-6.552536,-39.54979
1675934467846441267,133.63101,-6.6391296,-39.568863
1675934468046225069,133.84616,-6.465561,-39.73671
1675934468246231058,133.99646,-6.497986,-39.570007
1675934468446497360,133.99493,-6.5349884,-39.49562
1675934468646560902,133.96175,-6.4068146,-39.755783
1675934468846570329,133.7733,-6.3385315,-39.51317
1675934469046346787,133.829,-6.354553,-39.327774
1675934469246566110,133.73477,-6.3392944,-39.512787
1675934469446588610,133.84082,-6.5773315,-39.494858
1675934469646573922,133.93237,-6.704361,-39.62532
1675934469846553974,133.86104,-6.57695,-39.77333
1675934470046585953,133.50932,-6.272156,-39.530334
1675934470246202776,133.67603,-6.3961334,-39.34494
1675934470447636422,133.64055,-6.3045807,-39.270935
1675934470646469182,133.81297,-6.281311,-39.457092
1675934470848352307,134.14676,-6.5681763,-39.774475
1675934471046787255,133.9461,-6.3335724,-40.12657
1675934471246728088,133.92398,-6.4270325,-40.10788
1675934471446780849,133.8084,-6.4678497,-39.99611
1675934471646449859,133.82404,-6.559784,-39.810715
1675934471846168973,133.70464,-6.711609,-39.494858
1675934472046285223,133.72409,-6.692154,-39.476166
1675934472246292515,133.64627,-6.749756,-39.40178
1675934472446083609,133.76529,-6.5788574,-39.29001
1675934472646135640,133.75117,-6.412918,-39.345703
1675934472846387931,133.86562,-6.3911743,-39.32701
1675934473046289650,133.6951,-6.3782043,-39.381943
1675934473246351525,133.41243,-6.3320465,-39.529953
1675934473446917567,133.27281,-6.520874,-39.13971
1675934473646900483,133.24992,-6.6700287,-39.307556
1675934473846603764,133.22513,-6.8378754,-39.34532
1675934474046863608,133.37276,-6.9629974,-39.327393
1675934474246474546,133.70387,-6.748993,-39.792404
1675934474446923660,133.42197,-6.6463776,-39.735184
1675934474646672722,133.54442,-6.401474,-39.753494
1675934474847100379,133.56044,-6.4750977,-39.56772
1675934475047155795,133.3327,-6.464035,-39.52957
1675934475247073920,133.59744,-6.5117188,-39.660797
1675934475446953660,133.89156,-6.798584,-39.457474
1675934475646976941,133.83853,-6.688339,-39.56848
1675934475846697149,133.9545,-6.5910645,-39.215622
1675934476047012253,133.72676,-6.560547,-38.97377
1675934476247038763,133.52954,-6.1962433,-39.084396
1675934476446993086,133.5921,-6.0089417,-39.10309
1675934476646776784,133.51505,-6.048996,-39.196167
1675934476847027670,133.72714,-5.968506,-39.34494
1675934477046797149,133.64284,-6.2126465,-39.30832
1675934477247508555,133.50703,-6.290848,-39.08516
1675934477447005690,133.50436,-6.402237,-39.23355
1675934477647133919,133.17516,-6.579239,-39.140472
1675934477846970013,133.29837,-6.3343353,-39.36287
1675934478047958659,133.40366,-6.6089935,-39.36325
1675934478247154127,133.57722,-6.529648,-39.586792
1675934478447230169,133.69891,-6.303055,-39.66118
1675934478647038450,133.49979,-6.587631,-39.67987
1675934478847709908,133.623,-6.32518,-39.958725
1675934479046755012,133.50742,-6.3659973,-39.79126
1675934479246987200,133.56273,-6.401474,-39.475403
1675934479447185741,133.6394,-6.361801,-39.345703
1675934479647397356,133.38611,-6.5552063,-39.34532
1675934479847404700,133.45706,-6.6822357,-38.918457
1675934480047309179,133.38191,-6.6658325,-39.178238
1675934480247325324,133.23161,-6.6147156,-39.23317
1675934480447260429,133.06224,-6.56398,-39.177094
1675934480648783345,132.9497,-6.530411,-39.455566
1675934480847361001,133.00655,-6.528885,-39.455566
1675934481047324282,133.26938,-6.6318817,-39.45633
1675934481247320741,133.66687,-6.674988,-39.43878
1675934481447035845,133.7752,-6.8760223,-39.53186
1675934481647105532,134.00485,-6.8508453,-39.773712
1675934481847360741,134.03079,-6.627304,-39.53186
1675934482047073761,133.93733,-6.5933533,-39.717636
1675934482247449647,133.81488,-6.263382,-39.88434
1675934482447612876,133.96709,-6.221039,-39.51317
1675934482647522146,133.89346,-6.1680145,-39.866028
1675934482847275115,133.68594,-6.1004944,-39.753494
1675934483047258292,133.74011,-6.1722107,-39.493713
1675934483247277094,133.48453,-6.458313,-39.549408
1675934483447526729,133.51428,-6.679947,-39.32701
1675934483647609386,133.6703,-6.5635986,-39.197693
1675934483847854646,133.63445,-6.50943,-39.271698
1675934484048644125,133.6394,-6.3606567,-39.345703
1675934484248660844,133.48834,-6.346161,-39.364014
1675934484447300792,133.6375,-6.4529724,-39.67987
1675934484648325844,133.59859,-6.492264,-39.92134
1675934484847271364,133.60088,-6.417877,-39.828644
1675934485047574489,133.67603,-6.4155884,-39.64325
1675934485248381781,133.72218,-6.1355896,-39.29001
1675934485447102770,133.6806,-6.2290497,-38.992844
1675934485648942197,133.95946,-6.406433,-39.068375
1675934485847707666,133.94458,-6.2961884,-39.29077
1675934486047671728,133.53488,-6.6242523,-39.271317
1675934486247659281,133.76414,-6.5609283,-39.141617
1675934486448040478,133.5387,-6.4937897,-39.08516
1675934486647622145,133.6867,-6.6189117,-39.030228
1675934486847581051,133.94992,-6.7219086,-39.179764
1675934487047164853,133.85417,-6.7623444,-39.365158
1675934487247709020,133.74126,-6.710083,-39.29001
1675934487447749957,133.79886,-6.6894836,-39.271317
1675934487647797197,133.84349,-6.484253,-39.382706
1675934487847942509,133.93962,-6.4441986,-39.383087
1675934488050170009,133.85837,-6.613571,-39.51355
1675934488247926571,133.66306,-6.767685,-39.346085
1675934488448067978,133.6024,-6.8809814,-39.216385
1675934488648281259,133.33461,-6.963379,-39.234314
1675934488848085321,133.70235,-6.74823,-39.17862
1675934489050136259,133.8824,-6.48349,-39.494476
1675934489248453186,133.71227,-6.451828,-39.605103
1675934489448990373,133.68823,-6.6009827,-39.735184
1675934489649191258,133.39793,-6.795532,-39.93927
1675934489848163498,133.16829,-6.8580933,-39.84543
1675934490048664227,133.24992,-6.6700287,-39.60396
1675934490247972716,133.31439,-6.4083405,-39.26941
1675934490449638446,133.54594,-6.2897034,-39.26979
1675934490651224643,133.63902,-6.361038,-39.270935
1675934490849893602,133.83891,-6.669647,-39.42047
1675934491048191050,133.85837,-6.687195,-39.64325
1675934491251157195,133.6497,-6.6566772,-39.53148
1675934491449626154,133.76033,-6.727249,-39.345703
1675934491653052768,133.53564,-6.5861053,-39.177475
1675934491849990789,133.5963,-6.473572,-39.233932
1675934492050641518,133.56845,-6.752426,-39.06723
1675934492252551726,133.38496,-6.5731354,-39.289246
1675934492453059122,133.40594,-6.536133,-39.586792
1675934492647636205,133.58981,-6.715805,-39.494476
1675934492848007403,133.60088,-6.381256,-39.586792
1675934493048637767,133.71341,-6.414444,-39.512787
1675934493248035528,133.74965,-6.4686127,-39.494476
1675934493448218184,133.36703,-6.536133,-39.32663
1675934493649311101,133.35788,-6.8340607,-39.475403
1675934493848103340,133.35406,-6.9458313,-39.42009
1675934494048377455,133.44524,-7.0541687,-39.234695
1675934494248473600,133.67488,-7.009918,-39.328156
1675934494448529694,133.73935,-6.7665405,-39.328156
1675934494649231621,133.74545,-6.5998383,-39.569244
1675934494848562871,133.82175,-6.61586,-39.73671
1675934495048475579,133.6024,-6.3629456,-39.846954
1675934495248653496,133.93771,-6.555969,-39.62494
1675934495448479277,133.88316,-6.4831085,-39.550552
1675934495648617350,133.9999,-6.3865967,-39.40216
1675934495849175006,134.36687,-6.783325,-39.366302
1675934496048646568,134.1643,-6.5861053,-39.440308
1675934496248776152,134.23679,-6.676132,-39.310226
1675934496448619954,134.15706,-6.7707367,-39.087067
1675934496648802297,133.81717,-6.7074127,-39.197693
1675934496847897610,133.74583,-6.580002,-39.401398
1675934497050134068,133.71799,-6.859619,-39.476166
1675934497248673287,133.68556,-6.7314453,-39.995728
1675934497448718026,133.75156,-6.469757,-40.143738
1675934497648700682,133.63406,-6.5845795,-40.124664
1675934497848690266,133.64207,-6.324417,-39.97551
1675934498048312766,133.43341,-6.275589,-39.65927
1675934498248148703,133.49216,-6.180603,-39.362488
1675934498448468338,133.63864,-6.3240356,-39.01039
1675934498648119328,133.81526,-6.1703033,-39.32663
1675934498848366828,134.05864,-6.3110657,-39.550552
1675934499048279901,134.18262,-6.6040344,-39.458237
1675934499248429276,134.01553,-6.4796753,-39.55017
1675934499448577348,133.8763,-6.6887207,-39.698944
1675934499648910838,133.67107,-6.546814,-39.43802
1675934499849917557,133.65352,-6.4911194,-39.307556
1675934500049489848,133.87897,-6.576187,-39.271698
1675934500248875004,133.89957,-6.481964,-38.900146
1675934500450067713,133.91673,-6.5552063,-39.011917
1675934500649077035,133.95564,-6.53537,-39.0123
1675934500848625837,133.9545,-6.5731354,-39.198074
1675934501049067192,133.85646,-6.687195,-39.12407
1675934501248798129,133.85417,-6.761963,-39.180145
1675934501448937296,133.90987,-6.8161316,-39.45938
1675934501648929483,133.7405,-6.765396,-39.421997
1675934501848936462,133.84158,-6.558258,-39.459
1675934502048844899,133.85074,-6.2420197,-39.309464
1675934502248927451,133.73325,-6.357605,-39.346085
1675934502448547556,133.81526,-6.188614,-39.475784
1675934502649224170,133.59668,-6.492264,-39.512405
1675934502848931878,133.5673,-6.8462677,-39.64325
1675934503049092087,133.51543,-6.662018,-39.4384
1675934503249006566,133.35635,-6.8703003,-39.32663
1675934503449014326,133.5467,-6.8649597,-39.382706
1675934503648988076,133.58752,-6.770355,-39.32701
1675934503848827451,133.66801,-6.6566772,-39.51317
1675934504049064274,133.76186,-6.710083,-39.662323
1675934504248542815,133.80649,-6.5227814,-39.681015
1675934504448790784,133.7157,-6.37706,-39.680252
1675934504648953701,133.65276,-6.546051,-39.476166
1675934504848660992,133.73401,-6.357605,-39.17862
1675934505048419742,133.549,-6.1966248,-39.177475
1675934505248326252,133.9648,-6.277115,-39.32701
1675934505448616877,133.9854,-6.2206573,-39.41971
1675934505649593596,134.17346,-6.308014,-39.662323
1675934505848799273,134.27951,-6.5456696,-39.55208
1675934506048767346,134.05254,-6.4968414,-39.36592
1675934506249524221,134.08801,-6.569702,-39.273224
1675934506449005835,133.8084,-6.3930817,-39.327774
1675934506648996200,133.94382,-6.2961884,-39.216003
1675934506848874533,133.94077,-6.388504,-39.011536
1675934507050099481,133.92589,-6.277878,-39.215622
1675934507249800679,134.05597,-6.347687,-38.993225
1675934507449703960,133.93352,-6.629593,-39.067993
1675934507649841408,133.89537,-6.649811,-39.216766
1675934507851008439,133.85493,-6.725342,-39.179382
1675934508049355106,133.75766,-6.8210907,-39.142
1675934508249391147,133.6703,-6.601364,-39.32701
1675934508449406303,133.65733,-6.4350433,-39.587173
1675934508649362553,133.73401,-6.395752,-39.494095
1675934508849472553,133.95984,-6.463272,-39.717636
1675934509049422293,133.94,-6.4636536,-39.569244
1675934509248872501,133.84006,-6.5960236,-39.382706
1675934509449485938,133.68785,-6.6189117,-39.364014
1675934509649460834,133.46393,-6.477005,-39.10309
1675934509850886824,133.65276,-6.5082855,-38.99208
1675934510049614896,133.7485,-6.4674683,-38.807068
1675934510249354115,133.99722,-6.4045258,-38.863525
1675934510449375730,134.22572,-6.3789673,-38.882217
1675934510649475000,134.32147,-6.3759155,-38.975296
1675934510849576042,134.43362,-6.447632,-39.08745
1675934511050018854,134.17384,-6.2515564,-38.993225
1675934511249309115,134.01859,-6.3492126,-38.974915
1675934511450566406,133.79314,-6.2824554,-39.178238
1675934511648978906,133.74088,-6.1355896,-39.23317
1675934511849066667,133.7897,-6.393463,-39.271317
1675934512048944062,133.99799,-6.4422913,-39.457474
1675934512249234271,133.79962,-6.67041,-39.253387
1675934512449244114,133.60812,-6.713516,-39.216003
1675934512650278802,133.80077,-6.633026,-39.197693
1675934512850269375,133.53679,-6.567032,-39.19693
1675934513049674166,133.74736,-6.5235443,-39.141617
1675934513250612499,134.08458,-6.661255,-39.03099
1675934513449512291,133.90834,-6.833679,-39.14238
1675934513649575416,133.96594,-6.8134613,-39.03099
1675934513849630260,134.15286,-6.9004364,-38.993988
1675934514049876509,133.60545,-6.787903,-39.08516
1675934514249709061,133.68289,-6.748993,-39.159546
1675934514449458436,133.87286,-6.7428894,-39.253006
1675934514651455103,133.74927,-6.450302,-39.307938
1675934514850849738,134.06055,-6.235916,-39.122925
1675934515050529374,134.19673,-6.1386414,-39.08554
1675934515251086717,133.86676,-6.353409,-38.992462
1675934515449718488,133.6581,-6.359894,-39.08516
1675934515649851248,133.89766,-6.5750427,-39.06723
1675934515850546300,133.80115,-6.5967865,-39.04892
1675934516049427446,134.0739,-6.3839264,-39.011536
1675934516249612394,134.183,-6.528122,-38.808212
1675934516449941092,134.14714,-6.4739532,-38.956604
1675934516649788592,134.06894,-6.5506287,-38.8826
1675934516850791092,133.73134,-6.450302,-39.179382
1675934517051536925,133.74774,-6.5429993,-39.29039
1675934517249837758,133.54747,-6.8836517,-39.53224
1675934517449820258,133.66344,-6.8054504,-39.42047
1675934517649698175,133.86714,-6.947357,-39.16069
1675934517850505414,133.8351,-6.7444153,-39.179382
1675934518051255258,133.80458,-6.503708,-39.06723
1675934518249894633,133.76147,-6.690628,-39.179382
1675934518449882914,133.57036,-6.7146606,-39.179
1675934518650391664,133.53107,-6.7714996,-39.141617
1675934518849629997,133.6993,-6.840927,-39.067993
1675934519049815414,133.64627,-6.713135,-39.04892
1675934519249917862,133.7405,-6.728775,-38.956604
1675934519449810153,133.92818,-6.8153687,-39.10576
1675934519651166351,133.90796,-6.852371,-38.920364
1675934519851012289,133.81145,-6.8924255,-38.957367
1675934520050123174,134.07542,-6.977112,-39.0699
1675934520250201195,133.9648,-6.869919,-39.180527
1675934520450897757,134.06245,-6.7932434,-39.32892
1675934520649828278,134.15782,-6.7901917,-39.291916
1675934520850130413,134.02545,-6.7573853,-39.25415
1675934521050667080,134.11891,-6.791336,-39.06952
1675934521249964163,133.94763,-6.8153687,-39.292297
1675934521451403955,133.9854,-6.8142242,-39.23622
1675934521650261298,134.06398,-6.7371674,-39.32892
1675934521851347496,134.08382,-6.7177124,-39.34723
1675934522050335621,134.04643,-6.681473,-39.104996
1675934522251209631,134.1067,-6.5872498,-39.309464
1675934522451317496,133.88202,-6.502182,-39.55017
1675934522652810881,133.82518,-6.4853973,-39.531097
1675934522852374058,133.99608,-6.498749,-39.680634
1675934523053230204,133.78856,-6.4487762,-39.605484
1675934523250212600,133.88354,-6.4449615,-39.401016
1675934523450713954,133.92017,-6.4808197,-39.271698
1675934523650742391,133.78627,-6.5033264,-39.17862
1675934523850799943,134.10632,-6.5861053,-38.975296
1675934524050304631,134.12044,-6.7161865,-38.88298
1675934524249696245,134.06589,-6.6440887,-39.0493
1675934524450232964,133.86218,-6.4838715,-39.19693
1675934524649666037,133.7054,-6.6185303,-39.19693
1675934524849947182,133.78246,-6.5780945,-39.06761
1675934525049789318,133.5551,-6.5479584,-38.93715
1675934525249654422,133.75842,-6.7268677,-38.78914
1675934525449964057,133.70425,-6.6551514,-38.956223
1675934525650458797,133.57341,-6.6040344,-39.140854
1675934525849828120,133.91216,-6.704361,-39.104996
1675934526051096869,133.87477,-6.7062683,-39.38385
1675934526249974682,133.66382,-6.7680664,-39.309082
1675934526449709838,133.56998,-6.7341156,-39.3087
1675934526650250671,133.39908,-6.758148,-39.475403
1675934526850264734,133.4605,-6.6067047,-39.307556
1675934527050270984,133.83815,-6.668503,-39.252625
1675934527249947650,133.7588,-6.782181,-39.179
1675934527450669577,133.81297,-6.8550415,-39.085922
1675934527650147338,133.86638,-6.964905,-39.01268
1675934527850251400,133.75766,-6.8016357,-38.956985
1675934528050197181,133.91368,-6.6673584,-38.9196
1675934528250352546,133.85951,-6.5944977,-38.956985
1675934528450211608,133.72256,-6.710083,-38.91922
1675934528650003691,133.70464,-6.6925354,-39.122925
1675934528850261191,133.70387,-6.7299194,-39.3087
1675934529050202962,133.87553,-6.70665,-39.439163
1675934529250045150,134.18529,-6.510956,-39.36554
1675934529450231452,134.12692,-6.5494843,-39.291534
1675934529651279264,134.37144,-6.61586,-39.125595
1675934529850241764,134.1563,-6.7699738,-38.71666
1675934530051831608,133.88431,-6.982834,-38.901672
1675934530250431243,133.7157,-6.914551,-39.123688
1675934530450373066,133.62453,-6.7867584,-39.215622
1675934530650452441,133.6272,-6.731827,-39.494095
1675934530850453899,133.5799,-6.3995667,-39.21524
1675934531050238482,133.6703,-6.526596,-39.011917
1675934531249718482,133.61232,-6.565506,-39.04892
1675934531449840305,133.55853,-6.4556427,-38.93715
1675934531650042284,133.8,-6.633789,-39.16069
1675934531850113951,133.89613,-6.5937347,-39.104614
1675934532050028065,133.60545,-6.751663,-39.04892
1675934532249909575,133.92818,-6.7600555,-39.14276
1675934532449872544,133.82938,-6.892807,-39.12445
