0.49901
0.078532
-0.29822
-0.5307
-0.5732
-0.44585
-0.22135
0.0062895
0.1585
0.20011
0.14825
0.059653
0.0023796
0.024002
0.12924
0.27618
0.39251
0.40528
0.2722
0.0020089
-0.34432
-0.67242
-0.88633
-0.92148
-0.76668
-0.4671
-0.10778
0.21581
0.42903
0.49969
0.44309
0.3098
0.16234
0.050647
-0.0041504
-0.011859
-0.0018399
-0.0040823
-0.031624
-0.072251
-0.093183
-0.05672
0.059952
0.24954
0.471
0.65992
0.74942
0.69412
0.48786
0.16844
-0.19272
-0.51238
-0.72091
-0.7825
-0.70331
-0.52566
-0.3112
-0.1199
0.007258
0.05662
0.039296
-0.019292
-0.092334
-0.16123
-0.21831
-0.26258
-0.29206
-0.29729
-0.26056
-0.16185
0.010376
0.24846
0.52036
0.7735
0.94777
0.99381
0.89022
0.65311
0.33409
0.0063783
-0.25628
-0.40131
-0.41211
-0.31137
-0.15213
3.8897e-15
0.087205
0.075683
-0.036871
-0.22388
-0.44037
-0.63686
-0.77178
-0.81903
-0.76988
-0.63046
-0.41762
-0.15536
0.12711
0.39655
0.61775
0.7581
0.79468
0.72212
0.55801
0.34246
0.13029
-0.023355
-0.079794
-0.030548
0.097418
0.24785
0.35186
0.35019
0.21403
-0.042995
-0.36607
-0.67395
-0.88276
-0.93129
-0.79974
-0.51575
-0.14619
0.22256
0.5092
0.65938
0.65825
0.53071
0.33036
0.12146
-0.040069
-0.12102
-0.11719
-0.050946
0.038018
0.1054
0.11479
0.04709
-0.094633
-0.28545
-0.48348
-0.63864
-0.70374
-0.64621
-0.45808
-0.16136
0.19333
0.53608
0.79378
0.90938
0.85889
0.6603
0.3706
0.070194
-0.16111
-0.26945
-0.24483
-0.12473
0.018781
0.10509
0.075483
-0.082739
-0.32793
-0.57562
-0.72695
-0.70467
-0.48374
-0.10516
0.3331
0.70602
0.90234
0.86225
0.59836
0.192
-0.23407
-0.55723
-0.69601
-0.63581
-0.4302
-0.17758
0.017904
0.086423
0.018429
-0.1332
-0.27557
-0.31406
-0.19185
0.08463
0.44423
0.77461
0.96208
0.93313
0.68212
0.27485
-0.17335
-0.53682
-0.7217
-0.69564
-0.4948
-0.20643
0.06568
0.23919
0.28049
0.21142
0.094124
0.00093446
-0.017977
0.043873
0.14703
0.22373
0.20794
0.065658
-0.18708
-0.48571
-0.73812
-0.85712
-0.79218
-0.54844
-0.18591
0.20051
0.51277
0.68114
0.68433
0.55152
0.34687
0.14349
-0.0027134
-0.069357
-0.068898
-0.035861
-0.0066186
-0.00093725
-0.013258
-0.017151
0.019415
0.11505
0.26082
0.41782
0.52813
0.53547
0.40767
0.15186
-0.18372
-0.52265
-0.78359
-0.90555
-0.86634
-0.68779
-0.4265
-0.15417
0.065176
0.19285
0.22263
0.1761
0.08982
-6.843e-15
-0.068682
-0.10669
-0.11557
-0.099625
-0.058554
0.014827
0.13022
0.29089
0.48463
0.67994
0.83036
0.88704
0.81533
0.60938
0.29868
-0.056825
-0.38229
-0.6095
-0.69704
-0.64247
-0.48214
-0.27896
-0.10243
-0.007634
-0.020025
-0.13042
-0.30082
-0.478
-0.60971
-0.65806
-0.60658
-0.46027
-0.24037
0.022735
0.2958
0.5465
0.74525
0.86666
0.89227
0.81499
0.64389
0.40685
0.14828
-0.079296
-0.22855
-0.27181
-0.21158
-0.082595
0.056713
0.14164
0.12247
-0.017496
-0.25361
-0.5248
-0.75079
-0.85666
-0.79657
-0.56913
-0.21919
0.17458
0.52221
0.74787
0.81017
0.71153
0.49419
0.22522
-0.024303
-0.19901
-0.27247
-0.25062
-0.16592
-0.064786
0.0070333
0.017231
-0.04515
-0.16779
-0.31874
-0.45431
-0.5293
-0.50787
-0.37308
-0.13322
0.17679
0.50027
0.76998
0.92394
0.92222
0.75994
0.4718
0.12524
-0.19693
-0.42025
-0.50137
-0.44205
-0.28893
-0.11785
-0.0072824
-0.0095394
-0.13009
-0.32312
-0.50597
-0.58845
-0.50715
-0.25216
0.12383
0.51884
0.81357
0.91146
0.77287
0.43079
-0.018133
-0.44468
-0.72973
-0.80336
-0.66659
-0.38786
-0.07575
0.16187
0.25721
0.20576
0.064862
-0.071558
-0.11232
-0.0072022
0.23063
0.52691
0.77253
0.86417
0.74405
0.42369
-0.017215
-0.45673
-0.77187
-0.88005
-0.7657
-0.48275
-0.13279
0.17248
0.35006
0.37163
0.26747
0.10834
-0.026828
-0.083924
-0.054461
0.023744
0.085618
0.069365
-0.054169
-0.26539
-0.49981
-0.67058
-0.70112
-0.55513
-0.25251
0.13507
0.50732
0.76849
0.85838
0.77007
0.54847
0.27131
0.020486
-0.1452
-0.20597
-0.18077
-0.11251
-0.046004
-0.0084131
1.0228e-14
0.0014683
0.025491
0.090084
0.18825
0.28604
0.3337
0.28567
0.12129
-0.14225
-0.45068
-0.7275
-0.89791
-0.91317
-0.76666
-0.4958
-0.16958
0.13371
0.35027
0.44791
0.43127
0.33451
0.2056
0.088929
0.012726
-0.014726
-0.00040596
0.042973
0.10593
0.18613
0.28563
0.40332
0.52702
0.63007
0.67559
0.62771
0.46625
0.19864
-0.13623
-0.47503
-0.7465
-0.8924
-0.88559
-0.73901
-0.5021
-0.24571
-0.040488
0.063871
0.052069
-0.054779
-0.2083
-0.34933
-0.42583
-0.40638
-0.28595
-0.083382
0.16677
0.42435
0.65192
0.81967
0.90691
0.902
0.80262
0.61727
0.36722
0.086942
-0.17922
-0.38514
-0.49443
-0.49215
-0.39208
-0.23589
-0.082959
0.0071924
-0.0055896
-0.12709
-0.32405
-0.53218
-0.67533
-0.68962
-0.54507
-0.25715
0.11568
0.48801
0.77195
0.90234
0.85462
0.65027
0.34849
0.027433
-0.23852
-0.39852
-0.43636
-0.37062
-0.245
-0.11286
-0.021
0.0026801
-0.044925
-0.14333
-0.25538
-0.33753
-0.35103
-0.27169
-0.096802
0.15222
0.43221
0.6858
0.85354
0.88841
0.76954
0.51085
0.16123
-0.20533
-0.50823
-0.68272
-0.69937
-0.574
-0.36345
-0.14762
-0.0027664
0.025215
-0.062118
-0.21502
-0.35261
-0.39254
-0.28321
-0.026732
0.31662
0.6451
0.84874
0.84785
0.62307
0.22574
-0.23601
-0.63142
-0.84985
-0.83719
-0.61286
-0.26127
0.099283
0.3589
0.4542
0.38835
0.22574
0.063819
-0.0072287
0.058592
0.24373
0.47275
0.64108
0.65589
0.47373
0.12039
-0.3147
-0.70782
-0.94334
-0.95364
-0.74194
-0.37997
0.018205
0.33634
0.49494
0.47514
0.31924
0.10907
-0.068622
-0.1559
-0.14352
-0.069823
-7.2752e-15
0.0051501
-0.081995
-0.2414
-0.41112
-0.51103
-0.47518
-0.27999
0.042917
0.41448
0.73378
0.912
0.90209
0.71355
0.40717
0.072519
-0.20297
-0.36177
-0.39094
-0.3196
-0.20151
-0.090939
-0.021853
0.0016254
0.00049711
0.00518
0.036474
0.092018
0.14445
0.15234
0.07934
-0.086575
-0.32222
-0.57191
-0.76348
-0.83216
-0.74343
-0.50627
-0.17182
0.18214
0.47525
0.64868
0.68086
0.59007
0.42406
0.24154
0.092828
0.0066607
-0.013149
0.018389
0.078807
0.14906
0.21914
0.28658
0.34982
0.40056
0.42014
0.38289
0.26575
0.060822
-0.21508
-0.51873
-0.78882
-0.96252
-0.99508
-0.87531
-0.63127
-0.32344
-0.027359
0.18866
0.28339
0.25358
0.13268
-0.021637
-0.14638
-0.19207
-0.13568
0.015789
0.23069
0.46406
0.67024
0.8127
0.86902
0.8312
0.70333
0.49901
0.23991
-0.044629
-0.31862
-0.54291
-0.682
-0.71326
-0.63552
-0.47335
-0.27386
-0.095499
0.0087543
0.008733
-0.091219
-0.25096
-0.40526
-0.48382
-0.43459
-0.24246
0.063066
0.41433
0.72444
0.91274
0.92876
0.76692
0.4676
0.10454
-0.23698
-0.48409
-0.59507
-0.56758
-0.43494
-0.25273
-0.08065
0.034569
0.070539
0.032512
-0.05112
-0.13882
-0.18814
-0.1671
-0.062408
0.11666
0.33925
0.55849
0.72094
0.77869
0.70179
0.48821
0.16822
-0.19929
-0.53901
-0.77781
-0.865
-0.78803
-0.57798
-0.30173
-0.042139
0.12824
0.17126
0.096552
-0.041397
-0.16251
-0.19081
-0.084318
0.14591
0.43537
0.68568
0.79832
0.71086
0.42263
-0.00014071
-0.44267
-0.77785
-0.90821
-0.79869
-0.48847
-0.07733
0.30893
0.56162
0.62534
0.51428
0.30274
0.093907
-0.021357
-6.0146e-15
0.13689
0.3131
0.42815
0.39829
0.1918
-0.15495
-0.54715
-0.86372
-1
-0.90551
-0.60252
-0.17883
0.24248
0.54504
0.65752
0.5745
0.35314
0.087631
-0.12774
-0.23282
-0.22015
-0.13169
-0.036017
0.0039826
-0.040427
-0.1507
-0.26838
-0.31982
-0.24816
-0.039679
0.26619
0.58746
0.82696
0.90634
0.79383
0.51557
0.14656
-0.21512
-0.48089
-0.5991
-0.56781
-0.42923
-0.24935
-0.091545
0.0052681
0.036055
0.024069
0.0040594
0.0023821
0.022995
0.045403
0.035278
-0.037083
-0.17873
-0.36466
-0.54181
-0.64563
-0.62325
-0.45442
-0.16187
0.19308
0.52847
0.76693
0.85912
0.79737
0.61519
0.37358
0.13993
-0.032672
-0.11861
-0.12177
-0.067389
0.011631
0.087618
0.14522
0.18074
0.1956
0.18829
0.14989
0.065867
-0.075872
-0.27454
-0.50875
-0.73616
-0.90234
-0.95655
-0.86938
-0.64538
-0.32554
0.022249
0.32203
0.51199
0.56253
0.48414
0.32264
0.14368
0.011982
-0.027699
0.037979
0.19
0.38563
0.57266
0.70405
0.74841
0.69418
0.54795
0.32934
0.065463
-0.21306
-0.47426
-0.68631
-0.82018
-0.85456
-0.78217
-0.61534
-0.38758
-0.14877
0.046239
0.15306
0.15238
0.058377
-0.083139
-0.20738
-0.25089
-0.17314
0.027914
0.31208
0.60688
0.82856
0.90761
0.81053
0.55081
0.18554
-0.20107
-0.52189
-0.71093
-0.74012
-0.62395
-0.4116
-0.16992
0.036849
0.16433
0.1977
0.15187
0.063609
-0.02131
-0.061796
-0.032414
0.070447
0.22793
0.40309
0.54907
0.61969
0.58056
0.4188
0.14915
-0.18587
-0.52274
-0.79052
-0.9285
-0.90354
-0.72148
-0.42827
-0.098954
0.18339
0.35273
0.38113
0.28813
0.13428
1.4487e-14
-0.043754
0.037176
0.22494
0.453
0.62802
0.6634
0.5128
0.19132
-0.22427
-0.61756
-0.86992
-0.90064
-0.69544
-0.31287
0.13433
0.51661
0.7308
0.73366
0.55373
0.27752
0.01518
-0.14141
-0.15241
-0.043192
0.10807
0.20327
0.16532
-0.028893
-0.33606
-0.65977
-0.88476
-0.91948
-0.73092
-0.35884
0.096202
0.50662
0.76085
0.80014
0.63585
0.34145
0.023305
-0.21863
-0.3249
-0.29335
-0.17307
-0.039115
0.041136
0.036364
-0.036834
-0.12288
-0.15289
-0.076354
0.11414
0.37536
0.62629
0.77678
0.76088
0.56237
0.22243
-0.17302
-0.52184
-0.73917
-0.78376
-0.66797
-0.44882
-0.20441
-0.0054313
0.10732
0.13157
0.0965
0.044199
0.0084934
0.00016861
0.0046378
-0.0076047
-0.062895
-0.16708
-0.29704
-0.40531
-0.43668
-0.35025
-0.13829
0.16606
0.49585
0.76998
0.91872
0.90579
0.7393
0.46786
0.16377
-0.10026
-0.27242
-0.33415
-0.30006
-0.20723
-0.098938
-0.0098797
0.041973
0.054861
0.036071
-0.0071856
-0.073778
-0.1684
-0.29524
-0.44908
-0.60875
-0.73741
-0.79098
-0.73265
-0.54812
-0.2554
0.095491
0.43407
0.6889
0.80881
0.7785
0.62315
0.40018
0.18122
0.030234
-0.014925
0.048216
0.18892
0.35516
0.49041
0.54967
0.50972
0.37166
0.15664
-0.10227
-0.36843
-0.60761
-0.79094
-0.89602
-0.90786
-0.82119
-0.64389
-0.39966
-0.12757
0.12361
0.3061
0.38654
0.35757
0.24301
0.093335
-0.028258
-0.065685
0.010649
0.19171
0.42973
0.65113
0.7787
0.75632
0.56782
0.24395
-0.14535
-0.51064
-0.7686
-0.86524
-0.78974
-0.57502
-0.28562
0.0025636
0.22395
0.33991
0.34596
0.26852
0.15347
0.050781
-1.6999e-14
0.020191
0.10629
0.23173
0.35598
0.43472
0.43072
0.32337
0.11526
-0.16572
-0.46977
-0.73434
-0.89802
-0.91637
-0.77558
-0.49948
-0.14656
0.20364
0.47191
0.60253
0.58068
0.43773
0.24136
0.072893
-0.0012042
0.046139
0.1912
0.36625
0.48319
0.46643
0.28347
-0.038426
-0.41644
-0.73708
-0.8939
-0.82502
-0.53687
-0.10513
0.34836
0.69512
0.8423
0.76273
0.50195
0.1597
-0.1472
-0.3271
-0.34527
-0.23345
-0.07408
0.034742
0.019938
-0.13579
-0.38503
-0.63226
-0.76967
-0.71902
-0.46344
-0.057107
0.39103
0.7538
0.92913
0.87446
0.61972
0.25472
-0.10401
-0.35402
-0.44054
-0.37066
-0.20396
-0.024364
0.095048
0.12031
0.067122
-0.0098472
-0.043718
0.012954
0.16481
0.36817
0.54579
0.61612
0.52585
0.2727
-0.090228
-0.47045
-0.76666
-0.90234
-0.85019
-0.6389
-0.34035
-0.042978
0.17842
0.28512
0.28168
0.20661
0.11165
0.038885
0.0052368
-2.5334e-05
-0.0046131
-0.035008
-0.099291
-0.17898
-0.23386
-0.21813
-0.10133
0.11485
0.39113
0.65968
0.84482
0.88804
0.7681
0.50888
0.17219
-0.16191
-0.41977
-0.55541
-0.5611
-0.46463
-0.31563
-0.16677
-0.057449
-0.0051787
-0.0067368
-0.046647
-0.10801
-0.18027
-0.26056
-0.34871
-0.43926
-0.51543
-0.54908
-0.50824
-0.36977
-0.13223
0.17686
0.50354
0.78006
0.94419
0.95877
0.82432
0.58026
0.29366
0.03917
-0.12314
-0.16474
-0.095232
0.043271
0.1911
0.28997
0.29949
0.20641
0.024879
-0.21089
-0.45774
-0.67424
-0.82793
-0.89819
-0.8759
-0.76212
-0.56742
-0.31246
-0.028363
0.24501
0.46462
0.59353
0.61169
0.5244
0.36447
0.18565
0.048164
1.0391e-14
0.060224
0.21031
0.39742
0.54947
0.59783
0.50035
0.25694
-0.087676
-0.45545
-0.75727
-0.91885
-0.90218
-0.71571
-0.41046
-0.063952
0.24268
0.44694
0.52005
0.47093
0.33914
0.18007
0.047432
-0.021559
-0.014618
0.054803
0.15349
0.23873
0.26999
0.21938
0.078979
-0.13592
-0.38844
-0.62652
-0.79351
-0.84139
-0.74399
-0.50656
-0.16843
0.20351
0.53019
0.7411
0.7948
0.69217
0.47755
0.22575
0.018407
-0.083269
-0.059867
0.058665
0.20298
0.28937
0.25156
0.068174
-0.22494
-0.54277
-0.77819
-0.83909
-0.6827
-0.33436
0.11682
0.5448
0.82733
0.88636
0.71383
0.37345
-0.022361
-0.35211
-0.52725
-0.52122
-0.37515
-0.17835
-0.031226
-0.0048449
-0.11248
-0.30409
-0.48583
-0.55727
-0.45212
-0.16687
0.23382
0.63722
0.92117
0.9968
0.83985
0.49901
0.078532
-0.29822
-0.5307
-0.5732
-0.44585
-0.22135
0.0062895
0.1585
0.20011
0.14825
0.059653
0.0023796
0.024002
0.12924
0.27618
0.39251
0.40528
0.2722
0.0020089
-0.34432
-0.67242
-0.88633
-0.92148
-0.76668
-0.4671
-0.10778
0.21581
0.42903
0.49969
0.44309
0.3098
0.16234
0.050647
-0.0041504
-0.011859
-0.0018399
-0.0040823
-0.031624
-0.072251
-0.093183
-0.05672
0.059952
0.24954
0.471
0.65992
0.74942
0.69412
0.48786
0.16844
-0.19272
-0.51238
-0.72091
-0.7825
-0.70331
-0.52566
-0.3112
-0.1199
0.007258
0.05662
0.039296
-0.019292
-0.092334
-0.16123
-0.21831
-0.26258
-0.29206
-0.29729
-0.26056
-0.16185
0.010376
0.24846
0.52036
0.7735
0.94777
0.99381
0.89022
0.65311
0.33409
0.0063783
-0.25628
-0.40131
-0.41211
-0.31137
-0.15213
3.8897e-15
0.087205
0.075683
-0.036871
-0.22388
-0.44037
-0.63686
-0.77178
-0.81903
-0.76988
-0.63046
-0.41762
-0.15536
0.12711
0.39655
0.61775
0.7581
0.79468
0.72212
0.55801
0.34246
0.13029
-0.023355
-0.079794
-0.030548
0.097418
0.24785
0.35186
0.35019
0.21403
-0.042995
-0.36607
-0.67395
-0.88276
-0.93129
-0.79974
-0.51575
-0.14619
0.22256
0.5092
0.65938
0.65825
0.53071
0.33036
0.12146
-0.040069
-0.12102
-0.11719
-0.050946
0.038018
0.1054
0.11479
0.04709
-0.094633
-0.28545
-0.48348
-0.63864
-0.70374
-0.64621
-0.45808
-0.16136
0.19333
0.53608
0.79378
0.90938
0.85889
0.6603
0.3706
0.070194
-0.16111
-0.26945
-0.24483
-0.12473
0.018781
0.10509
0.075483
-0.082739
-0.32793
-0.57562
-0.72695
-0.70467
-0.48374
-0.10516
0.3331
0.70602
0.90234
0.86225
0.59836
0.192
-0.23407
-0.55723
-0.69601
-0.63581
-0.4302
-0.17758
0.017904
0.086423
0.018429
-0.1332
-0.27557
-0.31406
-0.19185
0.08463
0.44423
0.77461
0.96208
0.93313
0.68212
0.27485
-0.17335
-0.53682
-0.7217
-0.69564
-0.4948
-0.20643
0.06568
0.23919
0.28049
0.21142
0.094124
0.00093446
-0.017977
0.043873
0.14703
0.22373
0.20794
0.065658
-0.18708
-0.48571
-0.73812
-0.85712
-0.79218
-0.54844
-0.18591
0.20051
0.51277
0.68114
0.68433
0.55152
0.34687
0.14349
-0.0027134
-0.069357
-0.068898
-0.035861
-0.0066186
-0.00093725
-0.013258
-0.017151
0.019415
0.11505
0.26082
0.41782
0.52813
0.53547
0.40767
0.15186
-0.18372
-0.52265
-0.78359
-0.90555
-0.86634
-0.68779
-0.4265
-0.15417
0.065176
0.19285
0.22263
0.1761
0.08982
-6.843e-15
-0.068682
-0.10669
-0.11557
-0.099625
-0.058554
0.014827
0.13022
0.29089
0.48463
0.67994
0.83036
0.88704
0.81533
0.60938
0.29868
-0.056825
-0.38229
-0.6095
-0.69704
-0.64247
-0.48214
-0.27896
-0.10243
-0.007634
-0.020025
-0.13042
-0.30082
-0.478
-0.60971
-0.65806
-0.60658
-0.46027
-0.24037
0.022735
0.2958
0.5465
0.74525
0.86666
0.89227
0.81499
0.64389
0.40685
0.14828
-0.079296
-0.22855
-0.27181
-0.21158
-0.082595
0.056713
0.14164
0.12247
-0.017496
-0.25361
-0.5248
-0.75079
-0.85666
-0.79657
-0.56913
-0.21919
0.17458
0.52221
0.74787
0.81017
0.71153
0.49419
0.22522
-0.024303
-0.19901
-0.27247
-0.25062
-0.16592
-0.064786
0.0070333
0.017231
-0.04515
-0.16779
-0.31874
-0.45431
-0.5293
-0.50787
-0.37308
-0.13322
0.17679
0.50027
0.76998
0.92394
0.92222
0.75994
0.4718
0.12524
-0.19693
-0.42025
-0.50137
-0.44205
-0.28893
-0.11785
-0.0072824
-0.0095394
-0.13009
-0.32312
-0.50597
-0.58845
-0.50715
-0.25216
0.12383
0.51884
0.81357
0.91146
0.77287
0.43079
-0.018133
-0.44468
-0.72973
-0.80336
-0.66659
-0.38786
-0.07575
0.16187
0.25721
0.20576
0.064862
-0.071558
-0.11232
-0.0072022
0.23063
0.52691
0.77253
0.86417
0.74405
0.42369
-0.017215
-0.45673
-0.77187
-0.88005
-0.7657
-0.48275
-0.13279
0.17248
0.35006
0.37163
0.26747
0.10834
-0.026828
-0.083924
-0.054461
0.023744
0.085618
0.069365
-0.054169
-0.26539
-0.49981
-0.67058
-0.70112
-0.55513
-0.25251
0.13507
0.50732
0.76849
0.85838
0.77007
0.54847
0.27131
0.020486
-0.1452
-0.20597
-0.18077
-0.11251
-0.046004
-0.0084131
1.0228e-14
0.0014683
0.025491
0.090084
0.18825
0.28604
0.3337
0.28567
0.12129
-0.14225
-0.45068
-0.7275
-0.89791
-0.91317
-0.76666
-0.4958
-0.16958
0.13371
0.35027
0.44791
0.43127
0.33451
0.2056
0.088929
0.012726
-0.014726
-0.00040596
0.042973
0.10593
0.18613
0.28563
0.40332
0.52702
0.63007
0.67559
0.62771
0.46625
0.19864
-0.13623
-0.47503
-0.7465
-0.8924
-0.88559
-0.73901
-0.5021
-0.24571
-0.040488
0.063871
0.052069
-0.054779
-0.2083
-0.34933
-0.42583
-0.40638
-0.28595
-0.083382
0.16677
0.42435
0.65192
0.81967
0.90691
0.902
0.80262
0.61727
0.36722
0.086942
-0.17922
-0.38514
-0.49443
-0.49215
-0.39208
-0.23589
-0.082959
0.0071924
-0.0055896
-0.12709
-0.32405
-0.53218
-0.67533
-0.68962
-0.54507
-0.25715
0.11568
0.48801
0.77195
0.90234
0.85462
0.65027
0.34849
0.027433
-0.23852
-0.39852
-0.43636
-0.37062
-0.245
-0.11286
-0.021
0.0026801
-0.044925
-0.14333
-0.25538
-0.33753
-0.35103
-0.27169
-0.096802
0.15222
0.43221
0.6858
0.85354
0.88841
0.76954
0.51085
0.16123
-0.20533
-0.50823
-0.68272
-0.69937
-0.574
-0.36345
-0.14762
-0.0027664
0.025215
-0.062118
-0.21502
-0.35261
-0.39254
-0.28321
-0.026732
0.31662
0.6451
0.84874
0.84785
0.62307
0.22574
-0.23601
-0.63142
-0.84985
-0.83719
-0.61286
-0.26127
0.099283
0.3589
0.4542
0.38835
0.22574
0.063819
-0.0072287
0.058592
0.24373
0.47275
0.64108
0.65589
0.47373
0.12039
-0.3147
-0.70782
-0.94334
-0.95364
-0.74194
-0.37997
0.018205
0.33634
0.49494
0.47514
0.31924
0.10907
-0.068622
-0.1559
-0.14352
-0.069823
-7.2752e-15
0.0051501
-0.081995
-0.2414
-0.41112
-0.51103
-0.47518
-0.27999
0.042917
0.41448
0.73378
0.912
0.90209
0.71355
0.40717
0.072519
-0.20297
-0.36177
-0.39094
-0.3196
-0.20151
-0.090939
-0.021853
0.0016254
0.00049711
0.00518
0.036474
0.092018
0.14445
0.15234
0.07934
-0.086575
-0.32222
-0.57191
-0.76348
-0.83216
-0.74343
-0.50627
-0.17182
0.18214
0.47525
0.64868
0.68086
0.59007
0.42406
0.24154
0.092828
0.0066607
-0.013149
0.018389
0.078807
0.14906
0.21914
0.28658
0.34982
0.40056
0.42014
0.38289
0.26575
0.060822
-0.21508
-0.51873
-0.78882
-0.96252
-0.99508
-0.87531
-0.63127
-0.32344
-0.027359
0.18866
0.28339
0.25358
0.13268
-0.021637
-0.14638
-0.19207
-0.13568
0.015789
0.23069
0.46406
0.67024
0.8127
0.86902
0.8312
0.70333
0.49901
0.23991
-0.044629
-0.31862
-0.54291
-0.682
-0.71326
-0.63552
-0.47335
-0.27386
-0.095499
0.0087543
0.008733
-0.091219
-0.25096
-0.40526
-0.48382
-0.43459
-0.24246
0.063066
0.41433
0.72444
0.91274
0.92876
0.76692
0.4676
0.10454
-0.23698
-0.48409
-0.59507
-0.56758
-0.43494
-0.25273
-0.08065
0.034569
0.070539
0.032512
-0.05112
-0.13882
-0.18814
-0.1671
-0.062408
0.11666
0.33925
0.55849
0.72094
0.77869
0.70179
0.48821
0.16822
-0.19929
-0.53901
-0.77781
-0.865
-0.78803
-0.57798
-0.30173
-0.042139
0.12824
0.17126
0.096552
-0.041397
-0.16251
-0.19081
-0.084318
0.14591
0.43537
0.68568
0.79832
0.71086
0.42263
-0.00014071
-0.44267
-0.77785
-0.90821
-0.79869
-0.48847
-0.07733
0.30893
0.56162
0.62534
0.51428
0.30274
0.093907
-0.021357
-6.0146e-15
0.13689
0.3131
0.42815
0.39829
0.1918
-0.15495
-0.54715
-0.86372
-1
-0.90551
-0.60252
-0.17883
0.24248
0.54504
0.65752
0.5745
0.35314
0.087631
-0.12774
-0.23282
-0.22015
-0.13169
-0.036017
0.0039826
-0.040427
-0.1507
-0.26838
-0.31982
-0.24816
-0.039679
0.26619
0.58746
0.82696
0.90634
0.79383
0.51557
0.14656
-0.21512
-0.48089
-0.5991
-0.56781
-0.42923
-0.24935
-0.091545
0.0052681
0.036055
0.024069
0.0040594
0.0023821
0.022995
0.045403
0.035278
-0.037083
-0.17873
-0.36466
-0.54181
-0.64563
-0.62325
-0.45442
-0.16187
0.19308
0.52847
0.76693
0.85912
0.79737
0.61519
0.37358
0.13993
-0.032672
-0.11861
-0.12177
-0.067389
0.011631
0.087618
0.14522
0.18074
0.1956
0.18829
0.14989
0.065867
-0.075872
-0.27454
-0.50875
-0.73616
-0.90234
-0.95655
-0.86938
-0.64538
-0.32554
0.022249
0.32203
0.51199
0.56253
0.48414
0.32264
0.14368
0.011982
-0.027699
0.037979
0.19
0.38563
0.57266
0.70405
0.74841
0.69418
0.54795
0.32934
0.065463
-0.21306
-0.47426
-0.68631
-0.82018
-0.85456
-0.78217
-0.61534
-0.38758
-0.14877
0.046239
0.15306
0.15238
0.058377
-0.083139
-0.20738
-0.25089
-0.17314
0.027914
0.31208
0.60688
0.82856
0.90761
0.81053
0.55081
0.18554
-0.20107
-0.52189
-0.71093
-0.74012
-0.62395
-0.4116
-0.16992
0.036849
0.16433
0.1977
0.15187
0.063609
-0.02131
-0.061796
-0.032414
0.070447
0.22793
0.40309
0.54907
0.61969
0.58056
0.4188
0.14915
-0.18587
-0.52274
-0.79052
-0.9285
-0.90354
-0.72148
-0.42827
-0.098954
0.18339
0.35273
0.38113
0.28813
0.13428
1.4487e-14
-0.043754
0.037176
0.22494
0.453
0.62802
0.6634
0.5128
0.19132
-0.22427
-0.61756
-0.86992
-0.90064
-0.69544
-0.31287
0.13433
0.51661
0.7308
0.73366
0.55373
0.27752
0.01518
-0.14141
-0.15241
-0.043192
0.10807
0.20327
0.16532
-0.028893
-0.33606
-0.65977
-0.88476
-0.91948
-0.73092
-0.35884
0.096202
0.50662
0.76085
0.80014
0.63585
0.34145
0.023305
-0.21863
-0.3249
-0.29335
-0.17307
-0.039115
0.041136
0.036364
-0.036834
-0.12288
-0.15289
-0.076354
0.11414
0.37536
0.62629
0.77678
0.76088
0.56237
0.22243
-0.17302
-0.52184
-0.73917
-0.78376
-0.66797
-0.44882
-0.20441
-0.0054313
0.10732
0.13157
0.0965
0.044199
0.0084934
0.00016861
0.0046378
-0.0076047
-0.062895
-0.16708
-0.29704
-0.40531
-0.43668
-0.35025
-0.13829
0.16606
0.49585
0.76998
0.91872
0.90579
0.7393
0.46786
0.16377
-0.10026
-0.27242
-0.33415
-0.30006
-0.20723
-0.098938
-0.0098797
0.041973
0.054861
0.036071
-0.0071856
-0.073778
-0.1684
-0.29524
-0.44908
-0.60875
-0.73741
-0.79098
-0.73265
-0.54812
-0.2554
0.095491
0.43407
0.6889
0.80881
0.7785
0.62315
0.40018
0.18122
0.030234
-0.014925
0.048216
0.18892
0.35516
0.49041
0.54967
0.50972
0.37166
0.15664
-0.10227
-0.36843
-0.60761
-0.79094
-0.89602
-0.90786
-0.82119
-0.64389
-0.39966
-0.12757
0.12361
0.3061
0.38654
0.35757
0.24301
0.093335
-0.028258
-0.065685
0.010649
0.19171
0.42973
0.65113
0.7787
0.75632
0.56782
0.24395
-0.14535
-0.51064
-0.7686
-0.86524
-0.78974
-0.57502
-0.28562
0.0025636
0.22395
0.33991
0.34596
0.26852
0.15347
0.050781
-1.6999e-14
0.020191
0.10629
0.23173
0.35598
0.43472
0.43072
0.32337
0.11526
-0.16572
-0.46977
-0.73434
-0.89802
-0.91637
-0.77558
-0.49948
-0.14656
0.20364
0.47191
0.60253
0.58068
0.43773
0.24136
0.072893
-0.0012042
0.046139
0.1912
0.36625
0.48319
0.46643
0.28347
-0.038426
-0.41644
-0.73708
-0.8939
-0.82502
-0.53687
-0.10513
0.34836
0.69512
0.8423
0.76273
0.50195
0.1597
-0.1472
-0.3271
-0.34527
-0.23345
-0.07408
0.034742
0.019938
-0.13579
-0.38503
-0.63226
-0.76967
-0.71902
-0.46344
-0.057107
0.39103
0.7538
0.92913
0.87446
0.61972
0.25472
-0.10401
-0.35402
-0.44054
-0.37066
-0.20396
-0.024364
0.095048
0.12031
0.067122
-0.0098472
-0.043718
0.012954
0.16481
0.36817
0.54579
0.61612
0.52585
0.2727
-0.090228
-0.47045
-0.76666
-0.90234
-0.85019
-0.6389
-0.34035
-0.042978
0.17842
0.28512
0.28168
0.20661
0.11165
0.038885
0.0052368
-2.5334e-05
-0.0046131
-0.035008
-0.099291
-0.17898
-0.23386
-0.21813
-0.10133
0.11485
0.39113
0.65968
0.84482
0.88804
0.7681
0.50888
0.17219
-0.16191
-0.41977
-0.55541
-0.5611
-0.46463
-0.31563
-0.16677
-0.057449
-0.0051787
-0.0067368
-0.046647
-0.10801
-0.18027
-0.26056
-0.34871
-0.43926
-0.51543
-0.54908
-0.50824
-0.36977
-0.13223
0.17686
0.50354
0.78006
0.94419
0.95877
0.82432
0.58026
0.29366
0.03917
-0.12314
-0.16474
-0.095232
0.043271
0.1911
0.28997
0.29949
0.20641
0.024879
-0.21089
-0.45774
-0.67424
-0.82793
-0.89819
-0.8759
-0.76212
-0.56742
-0.31246
-0.028363
0.24501
0.46462
0.59353
0.61169
0.5244
0.36447
0.18565
0.048164
1.0391e-14
0.060224
0.21031
0.39742
0.54947
0.59783
0.50035
0.25694
-0.087676
-0.45545
-0.75727
-0.91885
-0.90218
-0.71571
-0.41046
-0.063952
0.24268
0.44694
0.52005
0.47093
0.33914
0.18007
0.047432
-0.021559
-0.014618
0.054803
0.15349
0.23873
0.26999
0.21938
0.078979
-0.13592
-0.38844
-0.62652
-0.79351
-0.84139
-0.74399
-0.50656
-0.16843
0.20351
0.53019
0.7411
0.7948
0.69217
0.47755
0.22575
0.018407
-0.083269
-0.059867
0.058665
0.20298
0.28937
0.25156
0.068174
-0.22494
-0.54277
-0.77819
-0.83909
-0.6827
-0.33436
0.11682
0.5448
0.82733
0.88636
0.71383
0.37345
-0.022361
-0.35211
-0.52725
-0.52122
-0.37515
-0.17835
-0.031226
-0.0048449
-0.11248
-0.30409
-0.48583
-0.55727
-0.45212
-0.16687
0.23382
0.63722
0.92117
0.9968
0.83985
